  -3.0000000000000000       0.41571260188610415     
  -2.9940000000000033       0.41973129370697965     
  -2.9880000000000067       0.42374308303618541     
  -2.9820000000000100       0.42774680887917160     
  -2.9760000000000133       0.43174129189936827     
  -2.9700000000000166       0.43572533457136869     
  -2.9640000000000200       0.43969772134646645     
  -2.9580000000000233       0.44365721883070813     
  -2.9520000000000266       0.44760257597563269     
  -2.9460000000000299       0.45153252428185109     
  -2.9400000000000333       0.45544577801561759     
  -2.9340000000000366       0.45934103443854485     
  -2.9280000000000399       0.46321697405060974     
  -2.9220000000000432       0.46707226084657277     
  -2.9160000000000466       0.47090554258596123     
  -2.9100000000000499       0.47471545107673363     
  -2.9040000000000532       0.47850060247274478     
  -2.8980000000000565       0.48225959758512571     
  -2.8920000000000599       0.48599102220769230     
  -2.8860000000000632       0.48969344745647098     
  -2.8800000000000665       0.49336543012345124     
  -2.8740000000000698       0.49700551304463958     
  -2.8680000000000732       0.50061222548249162     
  -2.8620000000000765       0.50418408352280852     
  -2.8560000000000798       0.50771959048615189     
  -2.8500000000000831       0.51121723735382485     
  -2.8440000000000865       0.51467550320848932     
  -2.8380000000000898       0.51809285568943675     
  -2.8320000000000931       0.52146775146255209     
  -2.8260000000000964       0.52479863670499338     
  -2.8200000000000998       0.52808394760460131     
  -2.8140000000001031       0.53132211087403203     
  -2.8080000000001064       0.53451154427961800     
  -2.8020000000001097       0.53765065718493654     
  -2.7960000000001131       0.54073785110906014     
  -2.7900000000001164       0.54377152029945497     
  -2.7840000000001197       0.54675005231947815     
  -2.7780000000001230       0.54967182865041631     
  -2.7720000000001264       0.55253522530801302     
  -2.7660000000001297       0.55533861347338609     
  -2.7600000000001330       0.55808036013825413     
  -2.7540000000001363       0.56075882876438643     
  -2.7480000000001397       0.56337237995714395     
  -2.7420000000001430       0.56591937215300114     
  -2.7360000000001463       0.56839816232091411     
  -2.7300000000001496       0.57080710667738666     
  -2.7240000000001530       0.57314456141507786     
  -2.7180000000001563       0.57540888344478458     
  -2.7120000000001596       0.57759843115061127     
  -2.7060000000001629       0.57971156515814104     
  -2.7000000000001663       0.58174664911539309     
  -2.6940000000001696       0.58370205048636514     
  -2.6880000000001729       0.58557614135690206     
  -2.6820000000001762       0.58736729925268116     
  -2.6760000000001796       0.58907390796902315     
  -2.6700000000001829       0.59069435841229623     
  -2.6640000000001862       0.59222704945260118     
  -2.6580000000001895       0.59367038878745670     
  -2.6520000000001929       0.59502279381617895     
  -2.6460000000001962       0.59628269252463384     
  -2.6400000000001995       0.59744852438002372     
  -2.6340000000002028       0.59851874123536697     
  -2.6280000000002062       0.59949180824331294     
  -2.6220000000002095       0.60036620477891667     
  -2.6160000000002128       0.60114042537098733     
  -2.6100000000002161       0.60181298064161970     
  -2.6040000000002195       0.60238239825348483     
  -2.5980000000002228       0.60284722386447298     
  -2.5920000000002261       0.60320602208923768     
  -2.5860000000002294       0.60345737746719474     
  -2.5800000000002328       0.60359989543652393     
  -2.5740000000002361       0.60363220331368872     
  -2.5680000000002394       0.60355295127798103     
  -2.5620000000002427       0.60336081336061742     
  -2.5560000000002461       0.60305448843784160     
  -2.5500000000002494       0.60263270122753454     
  -2.5440000000002527       0.60209420328878627     
  -2.5380000000002561       0.60143777402387966     
  -2.5320000000002594       0.60066222168213579     
  -2.5260000000002627       0.59976638436504226     
  -2.5200000000002660       0.59874913103208305     
  -2.5140000000002694       0.59760936250668162     
  -2.5080000000002727       0.59634601248165564     
  -2.5020000000002760       0.59495804852355172     
  -2.4960000000002793       0.59344447307526405     
  -2.4900000000002827       0.59180432445627196     
  -2.4840000000002860       0.59003667785987535     
  -2.4780000000002893       0.58814064634675867     
  -2.4720000000002926       0.58611538183423406     
  -2.4660000000002960       0.58396007608046996     
  -2.4600000000002993       0.58167396166305174     
  -2.4540000000003026       0.57925631295116353     
  -2.4480000000003059       0.57670644707070207     
  -2.4420000000003093       0.57402372486161879     
  -2.4360000000003126       0.57120755182677796     
  -2.4300000000003159       0.56825737907160978     
  -2.4240000000003192       0.56517270423383681     
  -2.4180000000003226       0.56195307240254333     
  -2.4120000000003259       0.55859807702584063     
  -2.4060000000003292       0.55510736080640943     
  -2.4000000000003325       0.55148061658414271     
  -2.3940000000003359       0.54771758820516858     
  -2.3880000000003392       0.54381807137647642     
  -2.3820000000003425       0.53978191450539992     
  -2.3760000000003458       0.53560901952319540     
  -2.3700000000003492       0.53129934269195034     
  -2.3640000000003525       0.52685289539406110     
  -2.3580000000003558       0.52226974490350764     
  -2.3520000000003591       0.51755001513817411     
  -2.3460000000003625       0.51269388739242694     
  -2.3400000000003658       0.50770160104920736     
  -2.3340000000003691       0.50257345427085476     
  -2.3280000000003724       0.49730980466790980     
  -2.3220000000003758       0.49191106994513389     
  -2.3160000000003791       0.48637772852397787     
  -2.3100000000003824       0.48071032014076254     
  -2.3040000000003857       0.47490944641979443     
  -2.2980000000003891       0.46897577142070274     
  -2.2920000000003924       0.46291002215922383     
  -2.2860000000003957       0.45671298910072028     
  -2.2800000000003990       0.45038552662569598     
  -2.2740000000004024       0.44392855346658666     
  -2.2680000000004057       0.43734305311511118     
  -2.2620000000004090       0.43063007419948135     
  -2.2560000000004123       0.42379073083077146     
  -2.2500000000004157       0.41682620291775285     
  -2.2440000000004190       0.40973773644953854     
  -2.2380000000004223       0.40252664374534264     
  -2.2320000000004256       0.39519430367072711     
  -2.2260000000004290       0.38774216181968002     
  -2.2200000000004323       0.38017173066189969     
  -2.2140000000004356       0.37248458965467479     
  -2.2080000000004389       0.36468238531875496     
  -2.2020000000004423       0.35676683127762504     
  -2.1960000000004456       0.34873970825962791     
  -2.1900000000004489       0.34060286406236201     
  -2.1840000000004522       0.33235821347883621     
  -2.1780000000004556       0.32400773818485296     
  -2.1720000000004589       0.31555348658712673     
  -2.1660000000004622       0.30699757363165453     
  -2.1600000000004655       0.29834218057187645     
  -2.1540000000004689       0.28958955469619696     
  -2.1480000000004722       0.28074200901442498     
  -2.1420000000004755       0.27180192190276781     
  -2.1360000000004788       0.26277173670697423     
  -2.1300000000004822       0.25365396130329199     
  -2.1240000000004855       0.24445116761690713     
  -2.1180000000004888       0.23516599109756112     
  -2.1120000000004922       0.22580113015206643     
  -2.1060000000004955       0.21635934553346661     
  -2.1000000000004988       0.20684345968661583     
  -2.0940000000005021       0.19725635604997049     
  -2.0880000000005055       0.18760097831342940     
  -2.0820000000005088       0.17788032963206374     
  -2.0760000000005121       0.16809747179562748     
  -2.0700000000005154       0.15825552435375609     
  -2.0640000000005188       0.14835766369679274     
  -2.0580000000005221       0.13840712209221059     
  -2.0520000000005254       0.12840718667663459     
  -2.0460000000005287       0.11836119840348885     
  -2.0400000000005321       0.10827255094633055     
  -2.0340000000005354        9.8144689557969247E-002
  -2.0280000000005387        8.7981109885488726E-002
  -2.0220000000005420        7.7785356741330858E-002
  -2.0160000000005454        6.7561022830633713E-002
  -2.0100000000005487        5.7311747435039188E-002
  -2.0040000000005520        4.7041215053238279E-002
  -1.9980000000005553        3.6753153998525086E-002
  -1.9920000000005587        2.6451334953700011E-002
  -1.9860000000005620        1.6139569483668837E-002
  -1.9800000000005653        5.8217085061326983E-003
  -1.9740000000005686       -4.4983592792078126E-003
  -1.9680000000005720       -1.4816709002471761E-002
  -1.9620000000005753       -2.5129381275945325E-002
  -1.9560000000005786       -3.5432383886425577E-002
  -1.9500000000005819       -4.5721693527003157E-002
  -1.9440000000005853       -5.5993257567669617E-002
  -1.9380000000005886       -6.6242995864132001E-002
  -1.9320000000005919       -7.6466802604142875E-002
  -1.9260000000005952       -8.6660548190660144E-002
  -1.9200000000005986       -9.6820081161081276E-002
  -1.9140000000006019      -0.10694123014178368     
  -1.9080000000006052      -0.11701980583715627     
  -1.9020000000006085      -0.12705160305227775     
  -1.8960000000006119      -0.13703240274836137     
  -1.8900000000006152      -0.14695797413004927     
  -1.8840000000006185      -0.15682407676361090     
  -1.8780000000006218      -0.16662646272505591     
  -1.8720000000006252      -0.17636087877715012     
  -1.8660000000006285      -0.18602306857428072     
  -1.8600000000006318      -0.19560877489408807     
  -1.8540000000006351      -0.20511374189474707     
  -1.8480000000006385      -0.21453371739674892     
  -1.8420000000006418      -0.22386445518800294     
  -1.8360000000006451      -0.23310171735104568     
  -1.8300000000006484      -0.24224127661111688     
  -1.8240000000006518      -0.25127891870382046     
  -1.8180000000006551      -0.26021044476107991     
  -1.8120000000006584      -0.26903167371404146     
  -1.8060000000006617      -0.27773844471157516     
  -1.8000000000006651      -0.28632661955297684     
  -1.7940000000006684      -0.29479208513345689     
  -1.7880000000006717      -0.30313075590097355     
  -1.7820000000006750      -0.31133857632293882     
  -1.7760000000006784      -0.31941152336130718     
  -1.7700000000006817      -0.32734560895452192     
  -1.7640000000006850      -0.33513688250478446     
  -1.7580000000006883      -0.34278143336907574     
  -1.7520000000006917      -0.35027539335235180     
  -1.7460000000006950      -0.35761493920129461     
  -1.7400000000006983      -0.36479629509700584     
  -1.7340000000007016      -0.37181573514498545     
  -1.7280000000007050      -0.37866958586074340     
  -1.7220000000007083      -0.38535422864935331     
  -1.7160000000007116      -0.39186610227726387     
  -1.7100000000007149      -0.39820170533464982     
  -1.7040000000007183      -0.40435759868658444     
  -1.6980000000007216      -0.41033040791129399     
  -1.6920000000007249      -0.41611682572375036     
  -1.6860000000007282      -0.42171361438284544     
  -1.6800000000007316      -0.42711760808037835     
  -1.6740000000007349      -0.43232571531008923     
  -1.6680000000007382      -0.43733492121495332     
  -1.6620000000007416      -0.44214228991095839     
  -1.6560000000007449      -0.44674496678557285     
  -1.6500000000007482      -0.45114018076911916     
  -1.6440000000007515      -0.45532524657725842     
  -1.6380000000007549      -0.45929756692279988     
  -1.6320000000007582      -0.46305463469504166     
  -1.6260000000007615      -0.46659403510486536     
  -1.6200000000007648      -0.46991344779379546     
  -1.6140000000007682      -0.47301064890525590     
  -1.6080000000007715      -0.47588351311625154     
  -1.6020000000007748      -0.47853001562772096     
  -1.5960000000007781      -0.48094823411180898     
  -1.5900000000007815      -0.48313635061432569     
  -1.5840000000007848      -0.48509265341066515     
  -1.5780000000007881      -0.48681553881348028     
  -1.5720000000007914      -0.48830351293041990     
  -1.5660000000007948      -0.48955519337025272     
  -1.5600000000007981      -0.49056931089572242     
  -1.5540000000008014      -0.49134471102150379     
  -1.5480000000008047      -0.49188035555564225     
  -1.5420000000008081      -0.49217532408289161     
  -1.5360000000008114      -0.49222881538838370     
  -1.5300000000008147      -0.49204014882009395     
  -1.5240000000008180      -0.49160876558859640     
  -1.5180000000008214      -0.49093423000262126     
  -1.5120000000008247      -0.49001623063897581     
  -1.5060000000008280      -0.48885458144540461     
  -1.5000000000008313      -0.48744922277500946     
  -1.4940000000008347      -0.48580022235088577     
  -1.4880000000008380      -0.48390777615965624     
  -1.4820000000008413      -0.48177220927263942     
  -1.4760000000008446      -0.47939397659341082     
  -1.4700000000008480      -0.47677366353057354     
  -1.4640000000008513      -0.47391198659458211     
  -1.4580000000008546      -0.47080979391751548     
  -1.4520000000008579      -0.46746806569473803     
  -1.4460000000008613      -0.46388791454743283     
  -1.4400000000008646      -0.46007058580503984     
  -1.4340000000008679      -0.45601745770667867     
  -1.4280000000008712      -0.45173004152068563     
  -1.4220000000008746      -0.44720998158144992     
  -1.4160000000008779      -0.44245905524277934     
  -1.4100000000008812      -0.43747917274708215     
  -1.4040000000008845      -0.43227237700971033     
  -1.3980000000008879      -0.42684084331785377     
  -1.3920000000008912      -0.42118687894344808     
  -1.3860000000008945      -0.41531292266959663     
  -1.3800000000008978      -0.40922154423008245     
  -1.3740000000009012      -0.40291544366159465     
  -1.3680000000009045      -0.39639745056835812     
  -1.3620000000009078      -0.38967052329891982     
  -1.3560000000009111      -0.38273774803489302     
  -1.3500000000009145      -0.37560233779154373     
  -1.3440000000009178      -0.36826763133014784     
  -1.3380000000009211      -0.36073709198212439     
  -1.3320000000009244      -0.35301430638500697     
  -1.3260000000009278      -0.34510298313038312     
  -1.3200000000009311      -0.33700695132399966     
  -1.3140000000009344      -0.32873015905829145     
  -1.3080000000009377      -0.32027667179766600     
  -1.3020000000009411      -0.31165067067693203     
  -1.2960000000009444      -0.30285645071334183     
  -1.2900000000009477      -0.29389841893276497     
  -1.2840000000009510      -0.28478109241060434     
  -1.2780000000009544      -0.27550909622810393     
  -1.2720000000009577      -0.26608716134478932     
  -1.2660000000009610      -0.25652012238783634     
  -1.2600000000009643      -0.24681291535923905     
  -1.2540000000009677      -0.23697057526170731     
  -1.2480000000009710      -0.22699823364429944     
  -1.2420000000009743      -0.21690111606886001     
  -1.2360000000009776      -0.20668453949839743     
  -1.2300000000009810      -0.19635390960861102     
  -1.2240000000009843      -0.18591471802383072     
  -1.2180000000009876      -0.17537253947871168     
  -1.2120000000009910      -0.16473302890708189     
  -1.2060000000009943      -0.15400191845941552     
  -1.2000000000009976      -0.14318501445045767     
  -1.1940000000010009      -0.13228819423859894     
  -1.1880000000010043      -0.12131740303865959     
  -1.1820000000010076      -0.11027865066980105     
  -1.1760000000010109       -9.9178008240351168E-002
  -1.1700000000010142       -8.8021604771384446E-002
  -1.1640000000010176       -7.6815623760957338E-002
  -1.1580000000010209       -6.5566299690964391E-002
  -1.1520000000010242       -5.4279914478634561E-002
  -1.1460000000010275       -4.2962793874737663E-002
  -1.1400000000010309       -3.1621303810638872E-002
  -1.1340000000010342       -2.0261846696379267E-002
  -1.1280000000010375       -8.8908576720289761E-003
  -1.1220000000010408        2.4851991854075266E-003
  -1.1160000000010442        1.3859834697186735E-002
  -1.1100000000010475        2.5226538457739058E-002
  -1.1040000000010508        3.6578782746862250E-002
  -1.0980000000010541        4.7910026476712490E-002
  -1.0920000000010575        5.9213719171073272E-002
  -1.0860000000010608        7.0483304974330932E-002
  -1.0800000000010641        8.1712226687552042E-002
  -1.0740000000010674        9.2893929829011887E-002
  -1.0680000000010708       0.10402186671649566     
  -1.0620000000010741       0.11508950056864949     
  -1.0560000000010774       0.12609030962263140     
  -1.0500000000010807       0.13701779126527519     
  -1.0440000000010841       0.14786546617495819     
  -1.0380000000010874       0.15862688247132833     
  -1.0320000000010907       0.16929561987002714     
  -1.0260000000010940       0.17986529383951744     
  -1.0200000000010974       0.19032955975710314     
  -1.0140000000011007       0.20068211706121641     
  -1.0080000000011040       0.21091671339701962     
  -1.0020000000011073       0.22102714875236498     
 -0.99600000000111066       0.23100727958113179     
 -0.99000000000111399       0.24085102291096550     
 -0.98400000000111731       0.25055236043241813     
 -0.97800000000112064       0.26010534256649653     
 -0.97200000000112396       0.26950409250761742     
 -0.96600000000112729       0.27874281023896363     
 -0.96000000000113062       0.28781577651724549     
 -0.95400000000113394       0.29671735682386746     
 -0.94800000000113727       0.30544200527950988     
 -0.94200000000114059       0.31398426851914568     
 -0.93600000000114392       0.32233878952451683     
 -0.93000000000114724       0.33050031141112096     
 -0.92400000000115057       0.33846368116675712     
 -0.91800000000115389       0.34622385333871514     
 -0.91200000000115722       0.35377589366670303     
 -0.90600000000116054       0.36111498265863357     
 -0.90000000000116387       0.36823641910641797     
 -0.89400000000116719       0.37513562353894081     
 -0.88800000000117052       0.38180814160941950     
 -0.88200000000117385       0.38824964741439166     
 -0.87600000000117717       0.39445594674159851     
 -0.87000000000118050       0.40042298024407924     
 -0.86400000000118382       0.40614682653782624     
 -0.85800000000118715       0.41162370522039526     
 -0.85200000000119047       0.41684997980791128     
 -0.84600000000119380       0.42182216058795080     
 -0.84000000000119712       0.42653690738584371     
 -0.83400000000120045       0.43099103224197205     
 -0.82800000000120377       0.43518150199771499     
 -0.82200000000120710       0.43910544078773173     
 -0.81600000000121042       0.44276013243633716     
 -0.81000000000121375       0.44614302275578976     
 -0.80400000000121707       0.44925172174436362     
 -0.79800000000122040       0.45208400568215162     
 -0.79200000000122373       0.45463781912260631     
 -0.78600000000122705       0.45691127677789362     
 -0.78000000000123038       0.45890266529621132     
 -0.77400000000123370       0.46061044492928771     
 -0.76800000000123703       0.46203325108835602     
 -0.76200000000124035       0.46316989578697315     
 -0.75600000000124368       0.46401936896913065     
 -0.75000000000124700       0.46458083972118186     
 -0.74400000000125033       0.46485365736619494     
 -0.73800000000125365       0.46483735243941787     
 -0.73200000000125698       0.46453163754362881     
 -0.72600000000126030       0.46393640808323194     
 -0.72000000000126363       0.46305174287604040     
 -0.71400000000126695       0.46187790464177914     
 -0.70800000000127028       0.46041534036643000     
 -0.70200000000127361       0.45866468154162920     
 -0.69600000000127693       0.45662674427842098     
 -0.69000000000128026       0.45430252929475951     
 -0.68400000000128358       0.45169322177625121     
 -0.67800000000128691       0.44880019110971547     
 -0.67200000000129023       0.44562499048924320     
 -0.66600000000129356       0.44216935639452282     
 -0.66000000000129688       0.43843520794130697     
 -0.65400000000130021       0.43442464610397769     
 -0.64800000000130353       0.43013995281028100     
 -0.64200000000130686       0.42558358990838185     
 -0.63600000000131018       0.42075819800650527     
 -0.63000000000131351       0.41566659518551391     
 -0.62400000000131683       0.41031177558487825     
 -0.61800000000132016       0.40469690786259271     
 -0.61200000000132349       0.39882533352968563     
 -0.60600000000132681       0.39270056516007545     
 -0.60000000000133014       0.38632628447661682     
 -0.59400000000133346       0.37970634031428513     
 -0.58800000000133679       0.37284474646153631     
 -0.58200000000134011       0.36574567938098718     
 -0.57600000000134344       0.35841347581064698     
 -0.57000000000134676       0.35085263024703334     
 -0.56400000000135009       0.34306779231160128     
 -0.55800000000135341       0.33506376400200183     
 -0.55200000000135674       0.32684549682978958     
 -0.54600000000136006       0.31841808884628270     
 -0.54000000000136339       0.30978678155837747     
 -0.53400000000136671       0.30095695673620293     
 -0.52800000000137004       0.29193413311459904     
 -0.52200000000137337       0.28272396299047992     
 -0.51600000000137669       0.27333222871824037     
 -0.51000000000138002       0.26376483910544163     
 -0.50400000000138334       0.25402782571109955     
 -0.49800000000138661       0.24412733904898132     
 -0.49200000000138988       0.23406964469839517     
 -0.48600000000139315       0.22386111932503733     
 -0.48000000000139642       0.21350824661453890     
 -0.47400000000139969       0.20301761312142827     
 -0.46800000000140296       0.19239590403630014     
 -0.46200000000140623       0.18164989887405200     
 -0.45600000000140950       0.17078646708611828     
 -0.45000000000141277       0.15981256359970075     
 -0.44400000000141604       0.14873522428705790     
 -0.43800000000141931       0.13756156136797679     
 -0.43200000000142258       0.12629875874861529     
 -0.42600000000142585       0.11495406729995575     
 -0.42000000000142912       0.10353480007917154     
 -0.41400000000143239        9.2048327497255791E-002
 -0.40800000000143566        8.0502072436316532E-002
 -0.40200000000143893        6.8903505319987249E-002
 -0.39600000000144220        5.7260139140449480E-002
 -0.39000000000144547        4.5579524445603259E-002
 -0.38400000000144874        3.3869244289966037E-002
 -0.37800000000145201        2.2136909152910843E-002
 -0.37200000000145528        1.0390151827896233E-002
 -0.36600000000145855       -1.3633777136344916E-003
 -0.36000000000146182       -1.3116017479974819E-002
 -0.35400000000146509       -2.4860098634764263E-002
 -0.34800000000146836       -3.6587950686728515E-002
 -0.34200000000147163       -4.8291906689772991E-002
 -0.33600000000147490       -5.9964308449639805E-002
 -0.33000000000147817       -7.1597511733318880E-002
 -0.32400000000148144       -8.3183891477398963E-002
 -0.31800000000148471       -9.4715846991531294E-002
 -0.31200000000148798      -0.10618580715318206     
 -0.30600000000149125      -0.11758623558983758     
 -0.30000000000149452      -0.12890963584483872     
 -0.29400000000149779      -0.14014855652302063     
 -0.28800000000150106      -0.15129559641233978     
 -0.28200000000150433      -0.16234340957768775     
 -0.27600000000150759      -0.17328471042309823     
 -0.27000000000151086      -0.18411227871857863     
 -0.26400000000151413      -0.19481896458780976     
 -0.25800000000151740      -0.20539769345298747     
 -0.25200000000152067      -0.21584147093310249     
 -0.24600000000152394      -0.22614338769198669     
 -0.24000000000152721      -0.23629662423248390     
 -0.23400000000153048      -0.24629445563314181     
 -0.22800000000153375      -0.25613025622385865     
 -0.22200000000153702      -0.26579750419695858     
 -0.21600000000154029      -0.27528978615021782     
 -0.21000000000154356      -0.28460080155840578     
 -0.20400000000154683      -0.29372436716995970     
 -0.19800000000155010      -0.30265442132546400     
 -0.19200000000155337      -0.31138502819465735     
 -0.18600000000155664      -0.31991038192875421     
 -0.18000000000155991      -0.32822481072492371     
 -0.17400000000156318      -0.33632278079983879     
 -0.16800000000156645      -0.34419890026926708     
 -0.16200000000156972      -0.35184792293074901     
 -0.15600000000157299      -0.35926475194648216     
 -0.15000000000157626      -0.36644444342359622     
 -0.14400000000157953      -0.37338220988908760     
 -0.13800000000158280      -0.38007342365675739     
 -0.13200000000158607      -0.38651362008357665     
 -0.12600000000158934      -0.39269850071298784     
 -0.12000000000159261      -0.39862393630273246     
 -0.11400000000159588      -0.40428596973488906     
 -0.10800000000159915      -0.40968081880588519     
 -0.10200000000160242      -0.41480487889434553     
  -9.6000000001605690E-002 -0.41965472550472743     
  -9.0000000001608960E-002 -0.42422711668479013     
  -8.4000000001612229E-002 -0.42851899531504001     
  -7.8000000001615499E-002 -0.43252749126839174     
  -7.2000000001618769E-002 -0.43624992343838398     
  -6.6000000001622039E-002 -0.43968380163438942     
  -6.0000000001625316E-002 -0.44282682834236053     
  -5.4000000001628592E-002 -0.44567690034975532     
  -4.8000000001631869E-002 -0.44823211023338944     
  -4.2000000001635146E-002 -0.45049074770907305     
  -3.6000000001638423E-002 -0.45245130084198670     
  -3.0000000001641696E-002 -0.45411245711686732     
  -2.4000000001644969E-002 -0.45547310436717792     
  -1.8000000001648243E-002 -0.45653233156254308     
  -1.2000000001651516E-002 -0.45728942945384599     
  -6.0000000016547901E-003 -0.45774389107548619     
  -1.6580643108499160E-012 -0.45789541210441242     
   5.9999999983386615E-003 -0.45774389107565372     
   1.1999999998335387E-002 -0.45728942945418088     
   1.7999999998332114E-002 -0.45653233156304507     
   2.3999999998328841E-002 -0.45547310436784666     
   2.9999999998325567E-002 -0.45411245711770254     
   3.5999999998322291E-002 -0.45245130084298768     
   4.1999999998319014E-002 -0.45049074771023917     
   4.7999999998315737E-002 -0.44823211023471998     
   5.3999999998312460E-002 -0.44567690035124924     
   5.9999999998309184E-002 -0.44282682834401704     
   6.5999999998305914E-002 -0.43968380163620707     
   7.1999999998302644E-002 -0.43624992344036190     
   7.7999999998299374E-002 -0.43252749127052853     
   8.3999999998296104E-002 -0.42851899531733417     
   8.9999999998292834E-002 -0.42422711668724022     
   9.5999999998289565E-002 -0.41965472550733163     
  0.10199999999828629      -0.41480487889710221     
  0.10799999999828302      -0.40968081880879254     
  0.11399999999827976      -0.40428596973794512     
  0.11999999999827649      -0.39862393630593501     
  0.12599999999827322      -0.39269850071633489     
  0.13199999999826995      -0.38651362008706602     
  0.13799999999826668      -0.38007342366038660     
  0.14399999999826341      -0.37338220989285442     
  0.14999999999826014      -0.36644444342749810     
  0.15599999999825687      -0.35926475195051644     
  0.16199999999825360      -0.35184792293491290     
  0.16799999999825033      -0.34419890027355787     
  0.17399999999824706      -0.33632278080425382     
  0.17999999999824379      -0.32822481072945986     
  0.18599999999824052      -0.31991038193340837     
  0.19199999999823725      -0.31138502819942676     
  0.19799999999823398      -0.30265442133034520     
  0.20399999999823071      -0.29372436717494943     
  0.20999999999822744      -0.28460080156350076     
  0.21599999999822417      -0.27528978615541494     
  0.22199999999822090      -0.26579750420225406     
  0.22799999999821763      -0.25613025622924901     
  0.23399999999821436      -0.24629445563862368     
  0.23999999999821109      -0.23629662423805348     
  0.24599999999820782      -0.22614338769764036     
  0.25199999999820455      -0.21584147093883646     
  0.25799999999820128      -0.20539769345879791     
  0.26399999999819801      -0.19481896459369286     
  0.26999999999819474      -0.18411227872453051     
  0.27599999999819147      -0.17328471042911495     
  0.28199999999818820      -0.16234340958376536     
  0.28799999999818493      -0.15129559641847440     
  0.29399999999818166      -0.14014855652920802     
  0.29999999999817839      -0.12890963585107479     
  0.30599999999817512      -0.11758623559611821     
  0.31199999999817185      -0.10618580715950329     
  0.31799999999816858       -9.4715846997888931E-002
  0.32399999999816531       -8.3183891483788644E-002
  0.32999999999816204       -7.1597511739736636E-002
  0.33599999999815877       -5.9964308456081299E-002
  0.34199999999815550       -4.8291906696234017E-002
  0.34799999999815223       -3.6587950693204835E-002
  0.35399999999814896       -2.4860098641251747E-002
  0.35999999999814569       -1.3116017486469173E-002
  0.36599999999814242       -1.3633777201314892E-003
  0.37199999999813915        1.0390151821400859E-002
  0.37799999999813588        2.2136909146421330E-002
  0.38399999999813261        3.3869244283486637E-002
  0.38999999999812934        4.5579524439138250E-002
  0.39599999999812607        5.7260139134002845E-002
  0.40199999999812280        6.8903505313563318E-002
  0.40799999999811953        8.0502072429919358E-002
  0.41399999999811626        9.2048327490889717E-002
  0.41999999999811299       0.10353480007284051     
  0.42599999999810972       0.11495406729366382     
  0.43199999999810645       0.12629875874236648     
  0.43799999999810318       0.13756156136177544     
  0.44399999999809991       0.14873522428090791     
  0.44999999999809664       0.15981256359360593     
  0.45599999999809337       0.17078646708008249     
  0.46199999999809011       0.18164989886807928     
  0.46799999999808684       0.19239590403039422     
  0.47399999999808357       0.20301761311559274     
  0.47999999999808030       0.21350824660877765     
  0.48599999999807703       0.22386111931935410     
  0.49199999999807376       0.23406964469279365     
  0.49799999999807049       0.24412733904346495     
  0.50399999999806722       0.25402782570567184     
  0.50999999999806389       0.26376483910010595     
  0.51599999999806057       0.27333222871300028     
  0.52199999999805724       0.28272396298533853     
  0.52799999999805391       0.29193413310955940     
  0.53399999999805059       0.30095695673126849     
  0.53999999999804726       0.30978678155355105     
  0.54599999999804394       0.31841808884156769     
  0.55199999999804061       0.32684549682518865     
  0.55799999999803729       0.33506376399751808     
  0.56399999999803396       0.34306779230723722     
  0.56999999999803064       0.35085263024279190     
  0.57599999999802731       0.35841347580653032     
  0.58199999999802399       0.36574567937699842     
  0.58799999999802066       0.37284474645767762     
  0.59399999999801734       0.37970634031055867     
  0.59999999999801401       0.38632628447302519     
  0.60599999999801069       0.39270056515662044     
  0.61199999999800736       0.39882533352636984     
  0.61799999999800403       0.40469690785941786     
  0.62399999999800071       0.41031177558184623     
  0.62999999999799738       0.41566659518262628     
  0.63599999999799406       0.42075819800376407     
  0.64199999999799073       0.42558358990578848     
  0.64799999999798741       0.43013995280783701     
  0.65399999999798408       0.43442464610168496     
  0.65999999999798076       0.43843520793916596     
  0.66599999999797743       0.44216935639253535     
  0.67199999999797411       0.44562499048741006     
  0.67799999999797078       0.44880019110803793     
  0.68399999999796746       0.45169322177473004     
  0.68999999999796413       0.45430252929339554     
  0.69599999999796081       0.45662674427721484     
  0.70199999999795748       0.45866468154058182     
  0.70799999999795415       0.46041534036554149     
  0.71399999999795083       0.46187790464105011     
  0.71999999999794750       0.46305174287547113     
  0.72599999999794418       0.46393640808282260     
  0.73199999999794085       0.46453163754337951     
  0.73799999999793753       0.46483735243932850     
  0.74399999999793420       0.46485365736626560     
  0.74999999999793088       0.46458083972141206     
  0.75599999999792755       0.46401936896952017     
  0.76199999999792423       0.46316989578752177     
  0.76799999999792090       0.46203325108906307     
  0.77399999999791758       0.46061044493015246     
  0.77999999999791425       0.45890266529723328     
  0.78599999999791093       0.45691127677907178     
  0.79199999999790760       0.45463781912393997     
  0.79799999999790427       0.45208400568363988     
  0.80399999999790095       0.44925172174600508     
  0.80999999999789762       0.44614302275758339     
  0.81599999999789430       0.44276013243828183     
  0.82199999999789097       0.43910544078982594     
  0.82799999999788765       0.43518150199995731     
  0.83399999999788432       0.43099103224436086     
  0.83999999999788100       0.42653690738837724     
  0.84599999999787767       0.42182216059062794     
  0.85199999999787435       0.41684997981072947     
  0.85799999999787102       0.41162370522335318     
  0.86399999999786770       0.40614682654092144     
  0.86999999999786437       0.40042298024731005     
  0.87599999999786105       0.39445594674496270     
  0.88199999999785772       0.38824964741788681     
  0.88799999999785439       0.38180814161304366     
  0.89399999999785107       0.37513562354269131     
  0.89999999999784774       0.36823641911029287     
  0.90599999999784442       0.36111498266262992     
  0.91199999999784109       0.35377589367081813     
  0.91799999999783777       0.34622385334294681     
  0.92399999999783444       0.33846368117110237     
  0.92999999999783112       0.33050031141557734     
  0.93599999999782779       0.32233878952908118     
  0.94199999999782447       0.31398426852381506     
  0.94799999999782114       0.30544200528428178     
  0.95399999999781782       0.29671735682873868     
  0.95999999999781449       0.28781577652221296     
  0.96599999999781117       0.27874281024402420     
  0.97199999999780784       0.26950409251276791     
  0.97799999999780451       0.26010534257173418     
  0.98399999999780119       0.25055236043773932     
  0.98999999999779786       0.24085102291636695     
  0.99599999999779454       0.23100727958661027     
   1.0019999999977913       0.22102714875791715     
   1.0079999999977880       0.21091671340264226     
   1.0139999999977847       0.20068211706690567     
   1.0199999999977813       0.19032955976285595     
   1.0259999999977780       0.17986529384533034     
   1.0319999999977747       0.16929561987589653     
   1.0379999999977714       0.15862688247725054     
   1.0439999999977680       0.14786546618092977     
   1.0499999999977647       0.13701779127129290     
   1.0559999999977614       0.12609030962869147     
   1.0619999999977581       0.11508950057474827     
   1.0679999999977547       0.10402186672262943     
   1.0739999999977514        9.2893929835177427E-002
   1.0799999999977481        8.1712226693745504E-002
   1.0859999999977448        7.0483304980548528E-002
   1.0919999999977414        5.9213719177311289E-002
   1.0979999999977381        4.7910026482967528E-002
   1.1039999999977348        3.6578782753131082E-002
   1.1099999999977315        2.5226538464017637E-002
   1.1159999999977281        1.3859834703471217E-002
   1.1219999999977248        2.4851991916945131E-003
   1.1279999999977215       -8.8908576657425725E-003
   1.1339999999977182       -2.0261846690097392E-002
   1.1399999999977148       -3.1621303804365203E-002
   1.1459999999977115       -4.2962793868476110E-002
   1.1519999999977082       -5.4279914472387766E-002
   1.1579999999977049       -6.5566299684736470E-002
   1.1639999999977015       -7.6815623754751622E-002
   1.1699999999976982       -8.8021604765204708E-002
   1.1759999999976949       -9.9178008234200574E-002
   1.1819999999976916      -0.11027865066368234     
   1.1879999999976882      -0.12131740303257695     
   1.1939999999976849      -0.13228819423255606     
   1.1999999999976816      -0.14318501444445730     
   1.2059999999976783      -0.15400191845346051     
   1.2119999999976749      -0.16473302890117580     
   1.2179999999976716      -0.17537253947285783     
   1.2239999999976683      -0.18591471801803283     
   1.2299999999976650      -0.19635390960287161     
   1.2359999999976616      -0.20668453949271914     
   1.2419999999976583      -0.21690111606324627     
   1.2479999999976550      -0.22699823363875338     
   1.2539999999976517      -0.23697057525623169     
   1.2599999999976483      -0.24681291535383632     
   1.2659999999976450      -0.25652012238250965     
   1.2719999999976417      -0.26608716133954174     
   1.2779999999976384      -0.27550909622293807     
   1.2839999999976350      -0.28478109240552246     
   1.2899999999976317      -0.29389841892776969     
   1.2959999999976284      -0.30285645070843586     
   1.3019999999976251      -0.31165067067211843     
   1.3079999999976217      -0.32027667179294617     
   1.3139999999976184      -0.32873015905366787     
   1.3199999999976151      -0.33700695131947495     
   1.3259999999976118      -0.34510298312595966     
   1.3319999999976084      -0.35301430638068654     
   1.3379999999976051      -0.36073709197790910     
   1.3439999999976018      -0.36826763132603951     
   1.3499999999975985      -0.37560233778754476     
   1.3559999999975951      -0.38273774803100535     
   1.3619999999975918      -0.38967052329514518     
   1.3679999999975885      -0.39639745056469805     
   1.3739999999975852      -0.40291544365805054     
   1.3799999999975818      -0.40922154422665663     
   1.3859999999975785      -0.41531292266629027     
   1.3919999999975752      -0.42118687894026224     
   1.3979999999975719      -0.42684084331479011     
   1.4039999999975685      -0.43227237700677024     
   1.4099999999975652      -0.43747917274426729     
   1.4159999999975619      -0.44245905524009010     
   1.4219999999975586      -0.44720998157888803     
   1.4279999999975552      -0.45173004151825158     
   1.4339999999975519      -0.45601745770437380     
   1.4399999999975486      -0.46007058580286508     
   1.4459999999975452      -0.46388791454538864     
   1.4519999999975419      -0.46746806569282517     
   1.4579999999975386      -0.47080979391573485     
   1.4639999999975353      -0.47391198659293415     
   1.4699999999975319      -0.47677366352905853     
   1.4759999999975286      -0.47939397659202931     
   1.4819999999975253      -0.48177220927139203     
   1.4879999999975220      -0.48390777615854336     
   1.4939999999975186      -0.48580022234990705     
   1.4999999999975153      -0.48744922277416547     
   1.5059999999975120      -0.48885458144469524     
   1.5119999999975087      -0.49001623063840144     
   1.5179999999975053      -0.49093423000218150     
   1.5239999999975020      -0.49160876558829059     
   1.5299999999974987      -0.49204014881992281     
   1.5359999999974954      -0.49222881538834651     
   1.5419999999974920      -0.49217532408298842     
   1.5479999999974887      -0.49188035555587212     
   1.5539999999974854      -0.49134471102186622     
   1.5599999999974821      -0.49056931089621708     
   1.5659999999974787      -0.48955519337087922     
   1.5719999999974754      -0.48830351293117746     
   1.5779999999974721      -0.48681553881436762     
   1.5839999999974688      -0.48509265341168190     
   1.5899999999974654      -0.48313635061547122     
   1.5959999999974621      -0.48094823411308241     
   1.6019999999974588      -0.47853001562912079     
   1.6079999999974555      -0.47588351311777699     
   1.6139999999974521      -0.47301064890690619     
   1.6199999999974488      -0.46991344779556915     
   1.6259999999974455      -0.46659403510676090     
   1.6319999999974422      -0.46305463469705815     
   1.6379999999974388      -0.45929756692493595     
   1.6439999999974355      -0.45532524657951323     
   1.6499999999974322      -0.45114018077149065     
   1.6559999999974289      -0.44674496678805958     
   1.6619999999974255      -0.44214228991355931     
   1.6679999999974222      -0.43733492121766626     
   1.6739999999974189      -0.43232571531291292     
   1.6799999999974156      -0.42711760808331101     
   1.6859999999974122      -0.42171361438588562     
   1.6919999999974089      -0.41611682572689634     
   1.6979999999974056      -0.41033040791454395     
   1.7039999999974023      -0.40435759868993626     
   1.7099999999973989      -0.39820170533810201     
   1.7159999999973956      -0.39186610228081420     
   1.7219999999973923      -0.38535422865300012     
   1.7279999999973890      -0.37866958586448463     
   1.7339999999973856      -0.37181573514881960     
   1.7399999999973823      -0.36479629510093020     
   1.7459999999973790      -0.35761493920530762     
   1.7519999999973757      -0.35027539335645114     
   1.7579999999973723      -0.34278143337325967     
   1.7639999999973690      -0.33513688250905027     
   1.7699999999973657      -0.32734560895886800     
   1.7759999999973624      -0.31941152336573103     
   1.7819999999973590      -0.31133857632743811     
   1.7879999999973557      -0.30313075590554628     
   1.7939999999973524      -0.29479208513810062     
   1.7999999999973491      -0.28632661955768979     
   1.8059999999973457      -0.27773844471635495     
   1.8119999999973424      -0.26903167371888542     
   1.8179999999973391      -0.26021044476598593     
   1.8239999999973358      -0.25127891870878666     
   1.8299999999973324      -0.24224127661614034     
   1.8359999999973291      -0.23310171735612442     
   1.8419999999973258      -0.22386445519313411     
   1.8479999999973225      -0.21453371740193056     
   1.8539999999973191      -0.20511374189997705     
   1.8599999999973158      -0.19560877489936401     
   1.8659999999973125      -0.18602306857960002     
   1.8719999999973091      -0.17636087878251053     
   1.8779999999973058      -0.16662646273045506     
   1.8839999999973025      -0.15682407676904661     
   1.8899999999972992      -0.14695797413551864     
   1.8959999999972958      -0.13703240275386216     
   1.9019999999972925      -0.12705160305780791     
   1.9079999999972892      -0.11701980584271403     
   1.9139999999972859      -0.10694123014736615     
   1.9199999999972825       -9.6820081166685917E-002
   1.9259999999972792       -8.6660548196284853E-002
   1.9319999999972759       -7.6466802609785514E-002
   1.9379999999972726       -6.6242995869790100E-002
   1.9439999999972692       -5.5993257573340810E-002
   1.9499999999972659       -4.5721693532684501E-002
   1.9559999999972626       -3.5432383892116490E-002
   1.9619999999972593       -2.5129381281642559E-002
   1.9679999999972559       -1.4816709008173529E-002
   1.9739999999972526       -4.4983592849111870E-003
   1.9799999999972493        5.8217085004294462E-003
   1.9859999999972460        1.6139569477967682E-002
   1.9919999999972426        2.6451334948003166E-002
   1.9979999999972393        3.6753153992835005E-002
   2.0039999999972360        4.7041215047557240E-002
   2.0099999999972327        5.7311747429368474E-002
   2.0159999999972293        6.7561022824975378E-002
   2.0219999999972260        7.7785356735687650E-002
   2.0279999999972227        8.7981109879862393E-002
   2.0339999999972194        9.8144689552361608E-002
   2.0399999999972160       0.10827255094074337     
   2.0459999999972127       0.11836119839792443     
   2.0519999999972094       0.12840718667109555     
   2.0579999999972061       0.13840712208669784     
   2.0639999999972027       0.14835766369130762     
   2.0699999999971994       0.15825552434830106     
   2.0759999999971961       0.16809747179020401     
   2.0819999999971928       0.17788032962667394     
   2.0879999999971894       0.18760097830807490     
   2.0939999999971861       0.19725635604465275     
   2.0999999999971828       0.20684345968133669     
   2.1059999999971795       0.21635934552822850     
   2.1119999999971761       0.22580113014687003     
   2.1179999999971728       0.23516599109240754     
   2.1239999999971695       0.24445116761179794     
   2.1299999999971662       0.25365396129822931     
   2.1359999999971628       0.26277173670195891     
   2.1419999999971595       0.27180192189780183     
   2.1479999999971562       0.28074200900950913     
   2.1539999999971529       0.28958955469133302     
   2.1599999999971495       0.29834218056706674     
   2.1659999999971462       0.30699757362689867     
   2.1719999999971429       0.31555348658242616     
   2.1779999999971396       0.32400773818020923     
   2.1839999999971362       0.33235821347425021     
   2.1899999999971329       0.34060286405783496     
   2.1959999999971296       0.34873970825516121     
   2.2019999999971263       0.35676683127321934     
   2.2079999999971229       0.36468238531441133     
   2.2139999999971196       0.37248458965039521     
   2.2199999999971163       0.38017173065768345     
   2.2259999999971130       0.38774216181552823     
   2.2319999999971096       0.39519430366664154     
   2.2379999999971063       0.40252664374132346     
   2.2439999999971030       0.40973773644558692     
   2.2499999999970997       0.41682620291387007     
   2.2559999999970963       0.42379073082695684     
   2.2619999999970930       0.43063007419573673     
   2.2679999999970897       0.43734305311143701     
   2.2739999999970864       0.44392855346298271     
   2.2799999999970830       0.45038552662216319     
   2.2859999999970797       0.45671298909725905     
   2.2919999999970764       0.46291002215583499     
   2.2979999999970731       0.46897577141738650     
   2.3039999999970697       0.47490944641655181     
   2.3099999999970664       0.48071032013759346     
   2.3159999999970631       0.48637772852088412     
   2.3219999999970597       0.49191106994211370     
   2.3279999999970564       0.49730980466496372     
   2.3339999999970531       0.50257345426798328     
   2.3399999999970498       0.50770160104641060     
   2.3459999999970464       0.51269388738970578     
   2.3519999999970431       0.51755001513552790     
   2.3579999999970398       0.52226974490093681     
   2.3639999999970365       0.52685289539156577     
   2.3699999999970331       0.53129934268953150     
   2.3759999999970298       0.53560901952085227     
   2.3819999999970265       0.53978191450313129     
   2.3879999999970232       0.54381807137428329     
   2.3939999999970198       0.54771758820305061     
   2.3999999999970165       0.55148061658210035     
   2.4059999999970132       0.55510736080444256     
   2.4119999999970099       0.55859807702394937     
   2.4179999999970065       0.56195307240072667     
   2.4239999999970032       0.56517270423209576     
   2.4299999999969999       0.56825737906994156     
   2.4359999999969966       0.57120755182518457     
   2.4419999999969932       0.57402372486009956     
   2.4479999999969899       0.57670644706925678     
   2.4539999999969866       0.57925631294979085     
   2.4599999999969833       0.58167396166175234     
   2.4659999999969799       0.58396007607924216     
   2.4719999999969766       0.58611538183307843     
   2.4779999999969733       0.58814064634567609     
   2.4839999999969700       0.59003667785886282     
   2.4899999999969666       0.59180432445533049     
   2.4959999999969633       0.59344447307439274     
   2.5019999999969600       0.59495804852275025     
   2.5079999999969567       0.59634601248092245     
   2.5139999999969533       0.59760936250601759     
   2.5199999999969500       0.59874913103148630     
   2.5259999999969467       0.59976638436451424     
   2.5319999999969434       0.60066222168167505     
   2.5379999999969400       0.60143777402348420     
   2.5439999999969367       0.60209420328845553     
   2.5499999999969334       0.60263270122726942     
   2.5559999999969301       0.60305448843764009     
   2.5619999999969267       0.60336081336048009     
   2.5679999999969234       0.60355295127790554     
   2.5739999999969201       0.60363220331367584     
   2.5799999999969168       0.60359989543657300     
   2.5859999999969134       0.60345737746730366     
   2.5919999999969101       0.60320602208940610     
   2.5979999999969068       0.60284722386470135     
   2.6039999999969035       0.60238239825377071     
   2.6099999999969001       0.60181298064196254     
   2.6159999999968968       0.60114042537138745     
   2.6219999999968935       0.60036620477937264     
   2.6279999999968902       0.59949180824382375     
   2.6339999999968868       0.59851874123593229     
   2.6399999999968835       0.59744852438064266     
   2.6459999999968802       0.59628269252530441     
   2.6519999999968769       0.59502279381690104     
   2.6579999999968735       0.59367038878822942     
   2.6639999999968702       0.59222704945342386     
   2.6699999999968669       0.59069435841316786     
   2.6759999999968636       0.58907390796994241     
   2.6819999999968602       0.58736729925364750     
   2.6879999999968569       0.58557614135791602     
   2.6939999999968536       0.58370205048742307     
   2.6999999999968503       0.58174664911649587     
   2.7059999999968469       0.57971156515928679     
   2.7119999999968436       0.57759843115180043     
   2.7179999999968403       0.57540888344601615     
   2.7239999999968370       0.57314456141634951     
   2.7299999999968336       0.57080710667869816     
   2.7359999999968303       0.56839816232226459     
   2.7419999999968270       0.56591937215439025     
   2.7479999999968237       0.56337237995856959     
   2.7539999999968203       0.56075882876584882     
   2.7599999999968170       0.55808036013975182     
   2.7659999999968137       0.55533861347491786     
   2.7719999999968103       0.55253522530957910     
   2.7779999999968070       0.54967182865201469     
   2.7839999999968037       0.54675005232110807     
   2.7899999999968004       0.54377152030111697     
   2.7959999999967970       0.54073785111075245     
   2.8019999999967937       0.53765065718665705     
   2.8079999999967904       0.53451154428136627     
   2.8139999999967871       0.53132211087580838     
   2.8199999999967837       0.52808394760640409     
   2.8259999999967804       0.52479863670682159     
   2.8319999999967771       0.52146775146440472     
   2.8379999999967738       0.51809285569131391     
   2.8439999999967704       0.51467550321038980     
   2.8499999999967671       0.51121723735574720     
   2.8559999999967638       0.50771959048809479     
   2.8619999999967605       0.50418408352477295     
   2.8679999999967571       0.50061222548447548     
   2.8739999999967538       0.49700551304664203     
   2.8799999999967505       0.49336543012547268     
   2.8859999999967472       0.48969344745850901     
   2.8919999999967438       0.48599102220974633     
   2.8979999999967405       0.48225959758719661     
   2.9039999999967372       0.47850060247483017     
   2.9099999999967339       0.47471545107883245     
   2.9159999999967305       0.47090554258807338     
   2.9219999999967272       0.46707226084869724     
   2.9279999999967239       0.46321697405274642     
   2.9339999999967206       0.45934103444069302     
   2.9399999999967172       0.45544577801777503     
   2.9459999999967139       0.45153252428401852     
   2.9519999999967106       0.44760257597780917     
   2.9579999999967073       0.44365721883289228     
   2.9639999999967039       0.43969772134865864     
   2.9699999999967006       0.43572533457356744     
   2.9759999999966973       0.43174129190157295     
   2.9819999999966940       0.42774680888138183     
   2.9879999999966906       0.42374308303840058     
   2.9939999999966873       0.41973129370919904     
