  -3.0000000000000000        2.4399210980570893E-002
  -2.9940000000000033        2.4923549319143930E-002
  -2.9880000000000067        2.5457629180475394E-002
  -2.9820000000000100        2.6001593521604884E-002
  -2.9760000000000133        2.6555586486223456E-002
  -2.9700000000000166        2.7119753391878606E-002
  -2.9640000000000200        2.7694240716452316E-002
  -2.9580000000000233        2.8279196083899304E-002
  -2.9520000000000266        2.8874768249233428E-002
  -2.9460000000000299        2.9481107082749008E-002
  -2.9400000000000333        3.0098363553464735E-002
  -2.9340000000000366        3.0726689711777402E-002
  -2.9280000000000399        3.1366238671313690E-002
  -2.9220000000000432        3.2017164589966160E-002
  -2.9160000000000466        3.2679622650102408E-002
  -2.9100000000000499        3.3353769037934584E-002
  -2.9040000000000532        3.4039760922036970E-002
  -2.8980000000000565        3.4737756430999175E-002
  -2.8920000000000599        3.5447914630203865E-002
  -2.8860000000000632        3.6170395497715981E-002
  -2.8800000000000665        3.6905359899272502E-002
  -2.8740000000000698        3.7652969562360680E-002
  -2.8680000000000732        3.8413387049372888E-002
  -2.8620000000000765        3.9186775729827386E-002
  -2.8560000000000798        3.9973299751643369E-002
  -2.8500000000000831        4.0773124011458627E-002
  -2.8440000000000865        4.1586414123980293E-002
  -2.8380000000000898        4.2413336390356618E-002
  -2.8320000000000931        4.3254057765559580E-002
  -2.8260000000000964        4.4108745824768224E-002
  -2.8200000000000998        4.4977568728742909E-002
  -2.8140000000001031        4.5860695188179292E-002
  -2.8080000000001064        4.6758294427033706E-002
  -2.8020000000001097        4.7670536144809830E-002
  -2.7960000000001131        4.8597590477797402E-002
  -2.7900000000001164        4.9539627959254658E-002
  -2.7840000000001197        5.0496819478524864E-002
  -2.7780000000001230        5.1469336239079337E-002
  -2.7720000000001264        5.2457349715478815E-002
  -2.7660000000001297        5.3461031609245306E-002
  -2.7600000000001330        5.4480553803636381E-002
  -2.7540000000001363        5.5516088317315991E-002
  -2.7480000000001397        5.6567807256914286E-002
  -2.7420000000001430        5.7635882768469669E-002
  -2.7360000000001463        5.8720486987748073E-002
  -2.7300000000001496        5.9821791989433055E-002
  -2.7240000000001530        6.0939969735181204E-002
  -2.7180000000001563        6.2075192020539079E-002
  -2.7120000000001596        6.3227630420715775E-002
  -2.7060000000001629        6.4397456235208164E-002
  -2.7000000000001663        6.5584840431274660E-002
  -2.6940000000001696        6.6789953586254960E-002
  -2.6880000000001729        6.8012965828731550E-002
  -2.6820000000001762        6.9254046778533071E-002
  -2.6760000000001796        7.0513365485575227E-002
  -2.6700000000001829        7.1791090367540458E-002
  -2.6640000000001862        7.3087389146393636E-002
  -2.6580000000001895        7.4402428783734514E-002
  -2.6520000000001929        7.5736375414987067E-002
  -2.6460000000001962        7.7089394282426962E-002
  -2.6400000000001995        7.8461649667047453E-002
  -2.6340000000002028        7.9853304819266738E-002
  -2.6280000000002062        8.1264521888479199E-002
  -2.6220000000002095        8.2695461851453100E-002
  -2.6160000000002128        8.4146284439578500E-002
  -2.6100000000002161        8.5617148064971005E-002
  -2.6040000000002195        8.7108209745433943E-002
  -2.5980000000002228        8.8619625028287310E-002
  -2.5920000000002261        9.0151547913067662E-002
  -2.5860000000002294        9.1704130773106643E-002
  -2.5800000000002328        9.3277524275995644E-002
  -2.5740000000002361        9.4871877302945593E-002
  -2.5680000000002394        9.6487336867048815E-002
  -2.5620000000002427        9.8124048030455380E-002
  -2.5560000000002461        9.9782153820471467E-002
  -2.5500000000002494       0.10146179514459346     
  -2.5440000000002527       0.10316311070448719     
  -2.5380000000002561       0.10488623690892693     
  -2.5320000000002594       0.10663130778570586     
  -2.5260000000002627       0.10839845489253336     
  -2.5200000000002660       0.11018780722693242     
  -2.5140000000002694       0.11199949113515469     
  -2.5080000000002727       0.11383363022012827     
  -2.5020000000002760       0.11569034524845492     
  -2.4960000000002793       0.11756975405647714     
  -2.4900000000002827       0.11947197145543019     
  -2.4840000000002860       0.12139710913570308     
  -2.4780000000002893       0.12334527557022421     
  -2.4720000000002926       0.12531657591699774     
  -2.4660000000002960       0.12731111192080888     
  -2.4600000000002993       0.12932898181412289     
  -2.4540000000003026       0.13137028021720207     
  -2.4480000000003059       0.13343509803746420     
  -2.4420000000003093       0.13552352236810819     
  -2.4360000000003126       0.13763563638603424     
  -2.4300000000003159       0.13977151924908462     
  -2.4240000000003192       0.14193124599263429     
  -2.4180000000003226       0.14411488742555967     
  -2.4120000000003259       0.14632251002561475     
  -2.4060000000003292       0.14855417583424863     
  -2.4000000000003325       0.15080994235089046     
  -2.3940000000003359       0.15308986242674033     
  -2.3880000000003392       0.15539398415809649     
  -2.3820000000003425       0.15772235077925187     
  -2.3760000000003458       0.16007500055499946     
  -2.3700000000003492       0.16245196667277811     
  -2.3640000000003525       0.16485327713449921     
  -2.3580000000003558       0.16727895464808959     
  -2.3520000000003591       0.16972901651879210     
  -2.3460000000003625       0.17220347454026030     
  -2.3400000000003658       0.17470233488549136     
  -2.3340000000003691       0.17722559799763526     
  -2.3280000000003724       0.17977325848072551     
  -2.3220000000003758       0.18234530499037280     
  -2.3160000000003791       0.18494172012446566     
  -2.3100000000003824       0.18756248031392467     
  -2.3040000000003857       0.19020755571355333     
  -2.2980000000003891       0.19287691009303543     
  -2.2920000000003924       0.19557050072812326     
  -2.2860000000003957       0.19828827829206755     
  -2.2800000000003990       0.20103018674733619     
  -2.2740000000004024       0.20379616323767302     
  -2.2680000000004057       0.20658613798054717     
  -2.2620000000004090       0.20940003416004385     
  -2.2560000000004123       0.21223776782025014     
  -2.2500000000004157       0.21509924775918696     
  -2.2440000000004190       0.21798437542334353     
  -2.2380000000004223       0.22089304480286673     
  -2.2320000000004256       0.22382514232746142     
  -2.2260000000004290       0.22678054676305923     
  -2.2200000000004323       0.22975912910930910     
  -2.2140000000004356       0.23276075249795133     
  -2.2080000000004389       0.23578527209212982     
  -2.2020000000004423       0.23883253498670196     
  -2.1960000000004456       0.24190238010960799     
  -2.1900000000004489       0.24499463812435565     
  -2.1840000000004522       0.24810913133368506     
  -2.1780000000004556       0.25124567358447086     
  -2.1720000000004589       0.25440407017392674     
  -2.1660000000004622       0.25758411775717377     
  -2.1600000000004655       0.26078560425623232     
  -2.1540000000004689       0.26400830877050641     
  -2.1480000000004722       0.26725200148881817     
  -2.1420000000004755       0.27051644360306198     
  -2.1360000000004788       0.27380138722353869     
  -2.1300000000004822       0.27710657529603716     
  -2.1240000000004855       0.28043174152072720     
  -2.1180000000004888       0.28377661027293188     
  -2.1120000000004922       0.28714089652584163     
  -2.1060000000004955       0.29052430577523825     
  -2.1000000000004988       0.29392653396629770     
  -2.0940000000005021       0.29734726742253265     
  -2.0880000000005055       0.30078618277694785     
  -2.0820000000005088       0.30424294690547021     
  -2.0760000000005121       0.30771721686272607     
  -2.0700000000005154       0.31120863982022645     
  -2.0640000000005188       0.31471685300703428     
  -2.0580000000005221       0.31824148365297589     
  -2.0520000000005254       0.32178214893446755     
  -2.0460000000005287       0.32533845592302163     
  -2.0400000000005321       0.32891000153650235     
  -2.0340000000005354       0.33249637249319519     
  -2.0280000000005387       0.33609714526876100     
  -2.0220000000005420       0.33971188605613684     
  -2.0160000000005454       0.34334015072845381     
  -2.0100000000005487       0.34698148480503666     
  -2.0040000000005520       0.35063542342055204     
  -1.9980000000005553       0.35430149129736860     
  -1.9920000000005587       0.35797920272119915     
  -1.9860000000005620       0.36166806152008352     
  -1.9800000000005653       0.36536756104678197     
  -1.9740000000005686       0.36907718416463964     
  -1.9680000000005720       0.37279640323698804     
  -1.9620000000005753       0.37652468012014195     
  -1.9560000000005786       0.38026146616006123     
  -1.9500000000005819       0.38400620219273035     
  -1.9440000000005853       0.38775831854832399     
  -1.9380000000005886       0.39151723505921315     
  -1.9320000000005919       0.39528236107187542     
  -1.9260000000005952       0.39905309546276424     
  -1.9200000000005986       0.40282882665819603     
  -1.9140000000006019       0.40660893265831399     
  -1.9080000000006052       0.41039278106517862     
  -1.9020000000006085       0.41417972911504636     
  -1.8960000000006119       0.41796912371488404     
  -1.8900000000006152       0.42176030148317545     
  -1.8840000000006185       0.42555258879506808     
  -1.8780000000006218       0.42934530183191472     
  -1.8720000000006252       0.43313774663525256     
  -1.8660000000006285       0.43692921916527355     
  -1.8600000000006318       0.44071900536382547     
  -1.8540000000006351       0.44450638122199709     
  -1.8480000000006385       0.44829061285232186     
  -1.8420000000006418       0.45207095656564883     
  -1.8360000000006451       0.45584665895271659     
  -1.8300000000006484       0.45961695697047311     
  -1.8240000000006518       0.46338107803317458     
  -1.8180000000006551       0.46713824010830379     
  -1.8120000000006584       0.47088765181733550     
  -1.8060000000006617       0.47462851254138788     
  -1.8000000000006651       0.47836001253178528     
  -1.7940000000006684       0.48208133302556438     
  -1.7880000000006717       0.48579164636594618     
  -1.7820000000006750       0.48949011612780513     
  -1.7760000000006784       0.49317589724815181     
  -1.7700000000006817       0.49684813616165313     
  -1.7640000000006850       0.50050597094121008     
  -1.7580000000006883       0.50414853144360583     
  -1.7520000000006917       0.50777493946024432     
  -1.7460000000006950       0.51138430887298647     
  -1.7400000000006983       0.51497574581509731     
  -1.7340000000007016       0.51854834883731349     
  -1.7280000000007050       0.52210120907903279     
  -1.7220000000007083       0.52563341044463330     
  -1.7160000000007116       0.52914402978492137     
  -1.7100000000007149       0.53263213708370749     
  -1.7040000000007183       0.53609679564950785     
  -1.6980000000007216       0.53953706231236365     
  -1.6920000000007249       0.54295198762577013     
  -1.6860000000007282       0.54634061607370843     
  -1.6800000000007316       0.54970198628275757     
  -1.6740000000007349       0.55303513123928338     
  -1.6680000000007382       0.55633907851167330     
  -1.6620000000007416       0.55961285047760401     
  -1.6560000000007449       0.56285546455631530     
  -1.6500000000007482       0.56606593344586431     
  -1.6440000000007515       0.56924326536532910     
  -1.6380000000007549       0.57238646430193219     
  -1.6320000000007582       0.57549453026304853     
  -1.6260000000007615       0.57856645953306063     
  -1.6200000000007648       0.58160124493502041     
  -1.6140000000007682       0.58459787609707448     
  -1.6080000000007715       0.58755533972360752     
  -1.6020000000007748       0.59047261987105726     
  -1.5960000000007781       0.59334869822834613     
  -1.5900000000007815       0.59618255440187762     
  -1.5840000000007848       0.59897316620503960     
  -1.5780000000007881       0.60171950995215495     
  -1.5720000000007914       0.60442056075681816     
  -1.5660000000007948       0.60707529283454809     
  -1.5600000000007981       0.60968267980969248     
  -1.5540000000008014       0.61224169502651204     
  -1.5480000000008047       0.61475131186436704     
  -1.5420000000008081       0.61721050405693456     
  -1.5360000000008114       0.61961824601536908     
  -1.5300000000008147       0.62197351315533012     
  -1.5240000000008180       0.62427528222778861     
  -1.5180000000008214       0.62652253165352123     
  -1.5120000000008247       0.62871424186120484     
  -1.5060000000008280       0.63084939562901399     
  -1.5000000000008313       0.63292697842962520     
  -1.4940000000008347       0.63494597877852887     
  -1.4880000000008380       0.63690538858554357     
  -1.4820000000008413       0.63880420350943001     
  -1.4760000000008446       0.64064142331549290     
  -1.4700000000008480       0.64241605223606435     
  -1.4640000000008513       0.64412709933374901     
  -1.4580000000008546       0.64577357886732045     
  -1.4520000000008579       0.64735451066014271     
  -1.4460000000008613       0.64886892047100297     
  -1.4400000000008646       0.65031584036722434     
  -1.4340000000008679       0.65169430909993487     
  -1.4280000000008712       0.65300337248136209     
  -1.4220000000008746       0.65424208376402215     
  -1.4160000000008779       0.65540950402166709     
  -1.4100000000008812       0.65650470253185444     
  -1.4040000000008845       0.65752675716000064     
  -1.3980000000008879       0.65847475474477235     
  -1.3920000000008912       0.65934779148467826     
  -1.3860000000008945       0.66014497332570865     
  -1.3800000000008978       0.66086541634987728     
  -1.3740000000009012       0.66150824716451606     
  -1.3680000000009045       0.66207260329216377     
  -1.3620000000009078       0.66255763356090491     
  -1.3560000000009111       0.66296249849498778     
  -1.3500000000009145       0.66328637070557650     
  -1.3440000000009178       0.66352843528146532     
  -1.3380000000009211       0.66368789017960061     
  -1.3320000000009244       0.66376394661524307     
  -1.3260000000009278       0.66375582945160116     
  -1.3200000000009311       0.66366277758877590     
  -1.3140000000009344       0.66348404435183972     
  -1.3080000000009377       0.66321889787788568     
  -1.3020000000009411       0.66286662150186759     
  -1.2960000000009444       0.66242651414106812     
  -1.2900000000009477       0.66189789067800642     
  -1.2840000000009510       0.66128008234162494     
  -1.2780000000009544       0.66057243708656588     
  -1.2720000000009577       0.65977431997036573     
  -1.2660000000009610       0.65888511352838686     
  -1.2600000000009643       0.65790421814630973     
  -1.2540000000009677       0.65683105243000017     
  -1.2480000000009710       0.65566505357257243     
  -1.2420000000009743       0.65440567771847047     
  -1.2360000000009776       0.65305240032437617     
  -1.2300000000009810       0.65160471651677265     
  -1.2240000000009843       0.65006214144596897     
  -1.2180000000009876       0.64842421063641154     
  -1.2120000000009910       0.64669048033309051     
  -1.2060000000009943       0.64486052784386738     
  -1.2000000000009976       0.64293395187753100     
  -1.1940000000010009       0.64091037287740238     
  -1.1880000000010043       0.63878943335030669     
  -1.1820000000010076       0.63657079819072659     
  -1.1760000000010109       0.63425415499995597     
  -1.1700000000010142       0.63183921440007151     
  -1.1640000000010176       0.62932571034254114     
  -1.1580000000010209       0.62671340041128720     
  -1.1520000000010242       0.62400206612002751     
  -1.1460000000010275       0.62119151320371191     
  -1.1400000000010309       0.61828157190387911     
  -1.1340000000010342       0.61527209724775322     
  -1.1280000000010375       0.61216296932091085     
  -1.1220000000010408       0.60895409353333618     
  -1.1160000000010442       0.60564540087869889     
  -1.1100000000010475       0.60223684818667800     
  -1.1040000000010508       0.59872841836816315     
  -1.0980000000010541       0.59512012065316933     
  -1.0920000000010575       0.59141199082129237     
  -1.0860000000010608       0.58760409142454550     
  -1.0800000000010641       0.58369651200241268     
  -1.0740000000010674       0.57968936928896164     
  -1.0680000000010708       0.57558280741185264     
  -1.0620000000010741       0.57137699808309506     
  -1.0560000000010774       0.56707214078139268     
  -1.0500000000010807       0.56266846292593031     
  -1.0440000000010841       0.55816622004145422     
  -1.0380000000010874       0.55356569591449767     
  -1.0320000000010907       0.54886720274061451     
  -1.0260000000010940       0.54407108126247616     
  -1.0200000000010974       0.53917770089870221     
  -1.0140000000011007       0.53418745986328375     
  -1.0080000000011040       0.52910078527547577     
  -1.0020000000011073       0.52391813326002901     
 -0.99600000000111066       0.51863998903764041     
 -0.99000000000111399       0.51326686700549906     
 -0.98400000000111731       0.50779931080781548     
 -0.97800000000112064       0.50223789339621960     
 -0.97200000000112396       0.49658321707991887     
 -0.96600000000112729       0.49083591356551393     
 -0.96000000000113062       0.48499664398637027     
 -0.95400000000113394       0.47906609892144592     
 -0.94800000000113727       0.47304499840348874     
 -0.94200000000114059       0.46693409191651170     
 -0.93600000000114392       0.46073415838246035     
 -0.93000000000114724       0.45444600613699770     
 -0.92400000000115057       0.44807047289432611     
 -0.91800000000115389       0.44160842570098124     
 -0.91200000000115722       0.43506076087852619     
 -0.90600000000116054       0.42842840395508813     
 -0.90000000000116387       0.42171230958568190     
 -0.89400000000116719       0.41491346146126262     
 -0.88800000000117052       0.40803287220646928     
 -0.88200000000117385       0.40107158326600856     
 -0.87600000000117717       0.39403066477964921     
 -0.87000000000118050       0.38691121544578727     
 -0.86400000000118382       0.37971436237356410     
 -0.85800000000118715       0.37244126092350738     
 -0.85200000000119047       0.36509309453668365     
 -0.84600000000119380       0.35767107455234870     
 -0.84000000000119712       0.35017644001408899     
 -0.83400000000120045       0.34261045746445812     
 -0.82800000000120377       0.33497442072810579     
 -0.82200000000120710       0.32726965068341513     
 -0.81600000000121042       0.31949749502266117     
 -0.81000000000121375       0.31165932800071139     
 -0.80400000000121707       0.30375655017229669     
 -0.79800000000122040       0.29579058811788145     
 -0.79200000000122373       0.28776289415817352     
 -0.78600000000122705       0.27967494605731441     
 -0.78000000000123038       0.27152824671479958     
 -0.77400000000123370       0.26332432384618443     
 -0.76800000000123703       0.25506472965263116     
 -0.76200000000124035       0.24675104047936799     
 -0.75600000000124368       0.23838485646312568     
 -0.75000000000124700       0.22996780116863311     
 -0.74400000000125033       0.22150152121424932     
 -0.73800000000125365       0.21298768588682493     
 -0.73200000000125698       0.20442798674587981     
 -0.72600000000126030       0.19582413721720290     
 -0.72000000000126363       0.18717787217597312     
 -0.71400000000126695       0.17849094751951314     
 -0.70800000000127028       0.16976513972979376     
 -0.70200000000127361       0.16100224542580469     
 -0.69600000000127693       0.15220408090592469     
 -0.69000000000128026       0.14337248168041578     
 -0.68400000000128358       0.13450930199418570     
 -0.67800000000128691       0.12561641433995485     
 -0.67200000000129023       0.11669570896198120     
 -0.66600000000129356       0.10774909335049071     
 -0.66000000000129688        9.8778491726977502E-002
 -0.65400000000130021        8.9785844520531274E-002
 -0.64800000000130353        8.0773107835365926E-002
 -0.64200000000130686        7.1742252909719209E-002
 -0.63600000000131018        6.2695265566302338E-002
 -0.63000000000131351        5.3634145654487118E-002
 -0.62400000000131683        4.4560906484412389E-002
 -0.61800000000132016        3.5477574253208986E-002
 -0.61200000000132349        2.6386187463536884E-002
 -0.60600000000132681        1.7288796334639811E-002
 -0.60000000000133014        8.1874622061212324E-003
 -0.59400000000133346       -9.1574306534200395E-004
 -0.58800000000133679       -1.0018737716138896E-002
 -0.58200000000134011       -1.9119430692490075E-002
 -0.57600000000134344       -2.8215722273619789E-002
 -0.57000000000134676       -3.7305504701105371E-002
 -0.56400000000135009       -4.6386662814168284E-002
 -0.55800000000135341       -5.5457074690676129E-002
 -0.55200000000135674       -6.4514612293609566E-002
 -0.54600000000136006       -7.3557142122755603E-002
 -0.54000000000136339       -8.2582525871374990E-002
 -0.53400000000136671       -9.1588621087597591E-002
 -0.52800000000137004      -0.10057328184028727     
 -0.52200000000137337      -0.10953435938912230     
 -0.51600000000137669      -0.11846970285862753     
 -0.51000000000138002      -0.12737715991589763     
 -0.50400000000138334      -0.13625457745174360     
 -0.49800000000138661      -0.14509980226499203     
 -0.49200000000138988      -0.15391068174966807     
 -0.48600000000139315      -0.16268506458478524     
 -0.48000000000139642      -0.17142080142646718     
 -0.47400000000139969      -0.18011574560212065     
 -0.46800000000140296      -0.18876775380638036     
 -0.46200000000140623      -0.19737468679854087     
 -0.45600000000140950      -0.20593441010119351     
 -0.45000000000141277      -0.21444479469977776     
 -0.44400000000141604      -0.22290371774276269     
 -0.43800000000141931      -0.23130906324216682     
 -0.43200000000142258      -0.23965872277412678     
 -0.42600000000142585      -0.24795059617922202     
 -0.42000000000142912      -0.25618259226226325     
 -0.41400000000143239      -0.26435262949125093     
 -0.40800000000143566      -0.27245863669520981     
 -0.40200000000143893      -0.28049855376060412     
 -0.39600000000144220      -0.28847033232603797     
 -0.39000000000144547      -0.29637193647494664     
 -0.38400000000144874      -0.30420134342598271     
 -0.37800000000145201      -0.31195654422080077     
 -0.37200000000145528      -0.31963554440894781     
 -0.36600000000145855      -0.32723636472956125     
 -0.36000000000146182      -0.33475704178958388     
 -0.35400000000146509      -0.34219562873819942     
 -0.34800000000146836      -0.34955019593719816     
 -0.34200000000147163      -0.35681883162697886     
 -0.33600000000147490      -0.36399964258789880     
 -0.33000000000147817      -0.37109075479668019     
 -0.32400000000148144      -0.37809031407758881     
 -0.31800000000148471      -0.38499648674809334     
 -0.31200000000148798      -0.39180746025872804     
 -0.30600000000149125      -0.39852144382686994     
 -0.30000000000149452      -0.40513666906415374     
 -0.29400000000149779      -0.41165139059724609     
 -0.28800000000150106      -0.41806388668170291     
 -0.28200000000150433      -0.42437245980863547     
 -0.27600000000150759      -0.43057543730391717     
 -0.27000000000151086      -0.43667117191966198     
 -0.26400000000151413      -0.44265804241770890     
 -0.25800000000151740      -0.44853445414485288     
 -0.25200000000152067      -0.45429883959956191     
 -0.24600000000152394      -0.45994965898992635     
 -0.24000000000152721      -0.46548540078258904     
 -0.23400000000153048      -0.47090458224240755     
 -0.22800000000153375      -0.47620574996260595     
 -0.22200000000153702      -0.48138748038517476     
 -0.21600000000154029      -0.48644838031128296     
 -0.21000000000154356      -0.49138708740147269     
 -0.20400000000154683      -0.49620227066540490     
 -0.19800000000155010      -0.50089263094093839     
 -0.19200000000155337      -0.50545690136231813     
 -0.18600000000155664      -0.50989384781726321     
 -0.18000000000155991      -0.51420226939274394     
 -0.17400000000156318      -0.51838099880924438     
 -0.16800000000156645      -0.52242890284331067     
 -0.16200000000156972      -0.52634488273819247     
 -0.15600000000157299      -0.53012787460238886     
 -0.15000000000157626      -0.53377684979591378     
 -0.14400000000157953      -0.53729081530410605     
 -0.13800000000158280      -0.54066881409880940     
 -0.13200000000158607      -0.54390992548675776     
 -0.12600000000158934      -0.54701326544500462     
 -0.12000000000159261      -0.54997798694324029     
 -0.11400000000159588      -0.55280328025285042     
 -0.10800000000159915      -0.55548837324257139     
 -0.10200000000160242      -0.55803253166060574     
  -9.6000000001605690E-002 -0.56043505940306804     
  -9.0000000001608960E-002 -0.56269529876863522     
  -8.4000000001612229E-002 -0.56481263069928511     
  -7.8000000001615499E-002 -0.56678647500701096     
  -7.2000000001618769E-002 -0.56861629058640439     
  -6.6000000001622039E-002 -0.57030157561301253     
  -6.0000000001625316E-002 -0.57184186772737311     
  -5.4000000001628592E-002 -0.57323674420464421     
  -4.8000000001631869E-002 -0.57448582210974963     
  -4.2000000001635146E-002 -0.57558875843796553     
  -3.6000000001638423E-002 -0.57654525024088665     
  -3.0000000001641696E-002 -0.57735503473771055     
  -2.4000000001644969E-002 -0.57801788941178855     
  -1.8000000001648243E-002 -0.57853363209240005     
  -1.2000000001651516E-002 -0.57890212102170957     
  -6.0000000016547901E-003 -0.57912325490687766     
  -1.6580643108499160E-012 -0.57919697295730055     
   5.9999999983386615E-003 -0.57912325490695937     
   1.1999999998335387E-002 -0.57890212102187255     
   1.7999999998332114E-002 -0.57853363209264441     
   2.3999999998328841E-002 -0.57801788941211418     
   2.9999999998325567E-002 -0.57735503473811756     
   3.5999999998322291E-002 -0.57654525024137471     
   4.1999999998319014E-002 -0.57558875843853463     
   4.7999999998315737E-002 -0.57448582211039967     
   5.3999999998312460E-002 -0.57323674420537507     
   5.9999999998309184E-002 -0.57184186772818424     
   6.5999999998305914E-002 -0.57030157561390393     
   7.1999999998302644E-002 -0.56861629058737595     
   7.7999999998299374E-002 -0.56678647500806245     
   8.3999999998296104E-002 -0.56481263070041610     
   8.9999999998292834E-002 -0.56269529876984514     
   9.5999999998289565E-002 -0.56043505940435689     
  0.10199999999828629      -0.55803253166197297     
  0.10799999999828302      -0.55548837324401668     
  0.11399999999827976      -0.55280328025437353     
  0.11999999999827649      -0.54997798694484068     
  0.12599999999827322      -0.54701326544668172     
  0.13199999999826995      -0.54390992548851136     
  0.13799999999826668      -0.54066881410063872     
  0.14399999999826341      -0.53729081530601086     
  0.14999999999826014      -0.53377684979789364     
  0.15599999999825687      -0.53012787460444299     
  0.16199999999825360      -0.52634488274032032     
  0.16799999999825033      -0.52242890284551169     
  0.17399999999824706      -0.51838099881151811     
  0.17999999999824379      -0.51420226939508973     
  0.18599999999824052      -0.50989384781968017     
  0.19199999999823725      -0.50545690136480592     
  0.19799999999823398      -0.50089263094349623     
  0.20399999999823071      -0.49620227066803202     
  0.20999999999822744      -0.49138708740416837     
  0.21599999999822417      -0.48644838031404669     
  0.22199999999822090      -0.48138748038800566     
  0.22799999999821763      -0.47620574996550324     
  0.23399999999821436      -0.47090458224537041     
  0.23999999999821109      -0.46548540078561668     
  0.24599999999820782      -0.45994965899301804     
  0.25199999999820455      -0.45429883960271683     
  0.25799999999820128      -0.44853445414807025     
  0.26399999999819801      -0.44265804242098772     
  0.26999999999819474      -0.43667117192300131     
  0.27599999999819147      -0.43057543730731634     
  0.28199999999818820      -0.42437245981209348     
  0.28799999999818493      -0.41806388668521882     
  0.29399999999818166      -0.41165139060081901     
  0.29999999999817839      -0.40513666906778262     
  0.30599999999817512      -0.39852144383055382     
  0.31199999999817185      -0.39180746026246610     
  0.31799999999816858      -0.38499648675188447     
  0.32399999999816531      -0.37809031408143201     
  0.32999999999816204      -0.37109075480057474     
  0.33599999999815877      -0.36399964259184336     
  0.34199999999815550      -0.35681883163097250     
  0.34799999999815223      -0.34955019594123982     
  0.35399999999814896      -0.34219562874228798     
  0.35999999999814569      -0.33475704179371835     
  0.36599999999814242      -0.32723636473374057     
  0.37199999999813915      -0.31963554441317094     
  0.37799999999813588      -0.31195654422506652     
  0.38399999999813261      -0.30420134343028998     
  0.38999999999812934      -0.29637193647929444     
  0.39599999999812607      -0.28847033233042513     
  0.40199999999812280      -0.28049855376502952     
  0.40799999999811953      -0.27245863669967235     
  0.41399999999811626      -0.26435262949574939     
  0.41999999999811299      -0.25618259226679663     
  0.42599999999810972      -0.24795059618378906     
  0.43199999999810645      -0.23965872277872635     
  0.43799999999810318      -0.23130906324679770     
  0.44399999999809991      -0.22290371774742362     
  0.44999999999809664      -0.21444479470446776     
  0.45599999999809337      -0.20593441010591140     
  0.46199999999809011      -0.19737468680328549     
  0.46799999999808684      -0.18876775381115043     
  0.47399999999808357      -0.18011574560691521     
  0.47999999999808030      -0.17142080143128491     
  0.48599999999807703      -0.16268506458962489     
  0.49199999999807376      -0.15391068175452829     
  0.49799999999807049      -0.14509980226987190     
  0.50399999999806722      -0.13625457745664188     
  0.50999999999806389      -0.12737715992081325     
  0.51599999999806057      -0.11846970286355910     
  0.52199999999805724      -0.10953435939406866     
  0.52799999999805391      -0.10057328184524741     
  0.53399999999805059       -9.1588621092570030E-002
  0.53999999999804726       -8.2582525876358809E-002
  0.54599999999804394       -7.3557142127749400E-002
  0.55199999999804061       -6.4514612298612356E-002
  0.55799999999803729       -5.5457074695686503E-002
  0.56399999999803396       -4.6386662819185298E-002
  0.56999999999803064       -3.7305504706127597E-002
  0.57599999999802731       -2.8215722278646400E-002
  0.58199999999802399       -1.9119430697519521E-002
  0.58799999999802066       -1.0018737721170214E-002
  0.59399999999801734       -9.1574307037418272E-004
  0.59999999999801401        8.1874622010896497E-003
  0.60599999999801069        1.7288796329609616E-002
  0.61199999999800736        2.6386187458509718E-002
  0.61799999999800403        3.5477574248185588E-002
  0.62399999999800071        4.4560906479394001E-002
  0.62999999999799738        5.3634145649474732E-002
  0.63599999999799406        6.2695265561297411E-002
  0.64199999999799073        7.1742252904722442E-002
  0.64799999999798741        8.0773107830378901E-002
  0.65399999999798408        8.9785844515554700E-002
  0.65999999999798076        9.8778491722012335E-002
  0.66599999999797743       0.10774909334553845     
  0.67199999999797411       0.11669570895704262     
  0.67799999999797078       0.12561641433503137     
  0.68399999999796746       0.13450930198927788     
  0.68999999999796413       0.14337248167552499     
  0.69599999999796081       0.15220408090105161     
  0.70199999999795748       0.16100224542095079     
  0.70799999999795415       0.16976513972495966     
  0.71399999999795083       0.17849094751470032     
  0.71999999999794750       0.18717787217118226     
  0.72599999999794418       0.19582413721243502     
  0.73199999999794085       0.20442798674113583     
  0.73799999999793753       0.21298768588210570     
  0.74399999999793420       0.22150152120955602     
  0.74999999999793088       0.22996780116396637     
  0.75599999999792755       0.23838485645848675     
  0.76199999999792423       0.24675104047475760     
  0.76799999999792090       0.25506472964805038     
  0.77399999999791758       0.26332432384163384     
  0.77999999999791425       0.27152824671028036     
  0.78599999999791093       0.27967494605282717     
  0.79199999999790760       0.28776289415371925     
  0.79799999999790427       0.29579058811346093     
  0.80399999999790095       0.30375655016791037     
  0.80999999999789762       0.31165932799636042     
  0.81599999999789430       0.31949749501834612     
  0.82199999999789097       0.32726965067913716     
  0.82799999999788765       0.33497442072386530     
  0.83399999999788432       0.34261045746025615     
  0.83999999999788100       0.35017644000992593     
  0.84599999999787767       0.35767107454822517     
  0.85199999999787435       0.36509309453260091     
  0.85799999999787102       0.37244126091946583     
  0.86399999999786770       0.37971436236956430     
  0.86999999999786437       0.38691121544182994     
  0.87599999999786105       0.39403066477573484     
  0.88199999999785772       0.40107158326213815     
  0.88799999999785439       0.40803287220264317     
  0.89399999999785107       0.41491346145748148     
  0.89999999999784774       0.42171230958194589     
  0.90599999999784442       0.42842840395139842     
  0.91199999999784109       0.43506076087488299     
  0.91799999999783777       0.44160842569738529     
  0.92399999999783444       0.44807047289077767     
  0.92999999999783112       0.45444600613349695     
  0.93599999999782779       0.46073415837900844     
  0.94199999999782447       0.46693409191310881     
  0.94799999999782114       0.47304499840013531     
  0.95399999999781782       0.47906609891814200     
  0.95999999999781449       0.48499664398311682     
  0.96599999999781117       0.49083591356231127     
  0.97199999999780784       0.49658321707676700     
  0.97799999999780451       0.50223789339311886     
  0.98399999999780119       0.50779931080476681     
  0.98999999999779786       0.51326686700250246     
  0.99599999999779454       0.51863998903469610     
   1.0019999999977913       0.52391813325713721     
   1.0079999999977880       0.52910078527263693     
   1.0139999999977847       0.53418745986049831     
   1.0199999999977813       0.53917770089597006     
   1.0259999999977780       0.54407108125979753     
   1.0319999999977747       0.54886720273798972     
   1.0379999999977714       0.55356569591192728     
   1.0439999999977680       0.55816622003893801     
   1.0499999999977647       0.56266846292346828     
   1.0559999999977614       0.56707214077898516     
   1.0619999999977581       0.57137699808074238     
   1.0679999999977547       0.57558280740955492     
   1.0739999999977514       0.57968936928671855     
   1.0799999999977481       0.58369651200022477     
   1.0859999999977448       0.58760409142241277     
   1.0919999999977414       0.59141199081921492     
   1.0979999999977381       0.59512012065114717     
   1.1039999999977348       0.59872841836619595     
   1.1099999999977315       0.60223684818476597     
   1.1159999999977281       0.60564540087684227     
   1.1219999999977248       0.60895409353153485     
   1.1279999999977215       0.61216296931916414     
   1.1339999999977182       0.61527209724606169     
   1.1399999999977148       0.61828157190224264     
   1.1459999999977115       0.62119151320213062     
   1.1519999999977082       0.62400206611850084     
   1.1579999999977049       0.62671340040981527     
   1.1639999999977015       0.62932571034112406     
   1.1699999999976982       0.63183921439870905     
   1.1759999999976949       0.63425415499864790     
   1.1819999999976916       0.63657079818947249     
   1.1879999999976882       0.63878943334910687     
   1.1939999999976849       0.64091037287625652     
   1.1999999999976816       0.64293395187643887     
   1.2059999999976783       0.64486052784282866     
   1.2119999999976749       0.64669048033210486     
   1.2179999999976716       0.64842421063547884     
   1.2239999999976683       0.65006214144508989     
   1.2299999999976650       0.65160471651594598     
   1.2359999999976616       0.65305240032360168     
   1.2419999999976583       0.65440567771774771     
   1.2479999999976550       0.65566505357190175     
   1.2539999999976517       0.65683105242938078     
   1.2599999999976483       0.65790421814574152     
   1.2659999999976450       0.65888511352786938     
   1.2719999999976417       0.65977431996989866     
   1.2779999999976384       0.66057243708614932     
   1.2839999999976350       0.66128008234125824     
   1.2899999999976317       0.66189789067768900     
   1.2959999999976284       0.66242651414079989     
   1.3019999999976251       0.66286662150164843     
   1.3079999999976217       0.66321889787771438     
   1.3139999999976184       0.66348404435171648     
   1.3199999999976151       0.66366277758870007     
   1.3259999999976118       0.66375582945157263     
   1.3319999999976084       0.66376394661526117     
   1.3379999999976051       0.66368789017966523     
   1.3439999999976018       0.66352843528157546     
   1.3499999999975985       0.66328637070573226     
   1.3559999999975951       0.66296249849518862     
   1.3619999999975918       0.66255763356115038     
   1.3679999999975885       0.66207260329245332     
   1.3739999999975852       0.66150824716484891     
   1.3799999999975818       0.66086541635025364     
   1.3859999999975785       0.66014497332612743     
   1.3919999999975752       0.65934779148513911     
   1.3979999999975719       0.65847475474527484     
   1.4039999999975685       0.65752675716054432     
   1.4099999999975652       0.65650470253243909     
   1.4159999999975619       0.65540950402229170     
   1.4219999999975586       0.65424208376468651     
   1.4279999999975552       0.65300337248206564     
   1.4339999999975519       0.65169430910067716     
   1.4399999999975486       0.65031584036800483     
   1.4459999999975452       0.64886892047182099     
   1.4519999999975419       0.64735451066099781     
   1.4579999999975386       0.64577357886821196     
   1.4639999999975353       0.64412709933467660     
   1.4699999999975319       0.64241605223702702     
   1.4759999999975286       0.64064142331649032     
   1.4819999999975253       0.63880420351046197     
   1.4879999999975220       0.63690538858660939     
   1.4939999999975186       0.63494597877962777     
   1.4999999999975153       0.63292697843075696     
   1.5059999999975120       0.63084939563017783     
   1.5119999999975087       0.62871424186240021     
   1.5179999999975053       0.62652253165474769     
   1.5239999999975020       0.62427528222904516     
   1.5299999999974987       0.62197351315661664     
   1.5359999999974954       0.61961824601668491     
   1.5419999999974920       0.61721050405827937     
   1.5479999999974887       0.61475131186573995     
   1.5539999999974854       0.61224169502791215     
   1.5599999999974821       0.60968267981111968     
   1.5659999999974787       0.60707529283600181     
   1.5719999999974754       0.60442056075829798     
   1.5779999999974721       0.60171950995365975     
   1.5839999999974688       0.59897316620656904     
   1.5899999999974654       0.59618255440343149     
   1.5959999999974621       0.59334869822992375     
   1.6019999999974588       0.59047261987265787     
   1.6079999999974555       0.58755533972523055     
   1.6139999999974521       0.58459787609871960     
   1.6199999999974488       0.58160124493668697     
   1.6259999999974455       0.57856645953474772     
   1.6319999999974422       0.57549453026475583     
   1.6379999999974388       0.57238646430365925     
   1.6439999999974355       0.56924326536707559     
   1.6499999999974322       0.56606593344762945     
   1.6559999999974289       0.56285546455809821     
   1.6619999999974255       0.55961285047940434     
   1.6679999999974222       0.55633907851349051     
   1.6739999999974189       0.55303513124111714     
   1.6799999999974156       0.54970198628460698     
   1.6859999999974122       0.54634061607557349     
   1.6919999999974089       0.54295198762764985     
   1.6979999999974056       0.53953706231425758     
   1.7039999999974023       0.53609679565141555     
   1.7099999999973989       0.53263213708562840     
   1.7159999999973956       0.52914402978685482     
   1.7219999999973923       0.52563341044657885     
   1.7279999999973890       0.52210120908099011     
   1.7339999999973856       0.51854834883928225     
   1.7399999999973823       0.51497574581707672     
   1.7459999999973790       0.51138430887497588     
   1.7519999999973757       0.50777493946224361     
   1.7579999999973723       0.50414853144561433     
   1.7639999999973690       0.50050597094322713     
   1.7699999999973657       0.49684813616367846     
   1.7759999999973624       0.49317589725018462     
   1.7819999999973590       0.48949011612984528     
   1.7879999999973557       0.48579164636799327     
   1.7939999999973524       0.48208133302761774     
   1.7999999999973491       0.47836001253384453     
   1.8059999999973457       0.47462851254345240     
   1.8119999999973424       0.47088765181940490     
   1.8179999999973391       0.46713824011037791     
   1.8239999999973358       0.46338107803525275     
   1.8299999999973324       0.45961695697255472     
   1.8359999999973291       0.45584665895480175     
   1.8419999999973258       0.45207095656773694     
   1.8479999999973225       0.44829061285441230     
   1.8539999999973191       0.44450638122408914     
   1.8599999999973158       0.44071900536591907     
   1.8659999999973125       0.43692921916736827     
   1.8719999999973091       0.43313774663734822     
   1.8779999999973058       0.42934530183401037     
   1.8839999999973025       0.42555258879716390     
   1.8899999999972992       0.42176030148527083     
   1.8959999999972958       0.41796912371697892     
   1.9019999999972925       0.41417972911713996     
   1.9079999999972892       0.41039278106727067     
   1.9139999999972859       0.40660893266040399     
   1.9199999999972825       0.40282882666028375     
   1.9259999999972792       0.39905309546484924     
   1.9319999999972759       0.39528236107395770     
   1.9379999999972726       0.39151723506129199     
   1.9439999999972692       0.38775831855039927     
   1.9499999999972659       0.38400620219480192     
   1.9559999999972626       0.38026146616212847     
   1.9619999999972593       0.37652468012220464     
   1.9679999999972559       0.37279640323904584     
   1.9739999999972526       0.36907718416669244     
   1.9799999999972493       0.36536756104882911     
   1.9859999999972460       0.36166806152212494     
   1.9919999999972426       0.35797920272323452     
   1.9979999999972393       0.35430149129939781     
   2.0039999999972360       0.35063542342257459     
   2.0099999999972327       0.34698148480705227     
   2.0159999999972293       0.34334015073046231     
   2.0219999999972260       0.33971188605813823     
   2.0279999999972227       0.33609714527075457     
   2.0339999999972194       0.33249637249518105     
   2.0399999999972160       0.32891000153848010     
   2.0459999999972127       0.32533845592499117     
   2.0519999999972094       0.32178214893642859     
   2.0579999999972061       0.31824148365492810     
   2.0639999999972027       0.31471685300897767     
   2.0699999999971994       0.31120863982216068     
   2.0759999999971961       0.30771721686465092     
   2.0819999999971928       0.30424294690738557     
   2.0879999999971894       0.30078618277885322     
   2.0939999999971861       0.29734726742442813     
   2.0999999999971828       0.29392653396818297     
   2.1059999999971795       0.29052430577711347     
   2.1119999999971761       0.28714089652770608     
   2.1179999999971728       0.28377661027478585     
   2.1239999999971695       0.28043174152257011     
   2.1299999999971662       0.27710657529786903     
   2.1359999999971628       0.27380138722535963     
   2.1419999999971595       0.27051644360487165     
   2.1479999999971562       0.26725200149061629     
   2.1539999999971529       0.26400830877229309     
   2.1599999999971495       0.26078560425800745     
   2.1659999999971462       0.25758411775893697     
   2.1719999999971429       0.25440407017567801     
   2.1779999999971396       0.25124567358621008     
   2.1839999999971362       0.24810913133541229     
   2.1899999999971329       0.24499463812607072     
   2.1959999999971296       0.24190238011131066     
   2.2019999999971263       0.23883253498839224     
   2.2079999999971229       0.23578527209380745     
   2.2139999999971196       0.23276075249961653     
   2.2199999999971163       0.22975912911096158     
   2.2259999999971130       0.22678054676469878     
   2.2319999999971096       0.22382514232908832     
   2.2379999999971063       0.22089304480448058     
   2.2439999999971030       0.21798437542494445     
   2.2499999999970997       0.21509924776077488     
   2.2559999999970963       0.21223776782182488     
   2.2619999999970930       0.20940003416160541     
   2.2679999999970897       0.20658613798209557     
   2.2739999999970864       0.20379616323920813     
   2.2799999999970830       0.20103018674885789     
   2.2859999999970797       0.19828827829357598     
   2.2919999999970764       0.19557050072961843     
   2.2979999999970731       0.19287691009451716     
   2.3039999999970697       0.19020755571502174     
   2.3099999999970664       0.18756248031537970     
   2.3159999999970631       0.18494172012590734     
   2.3219999999970597       0.18234530499180091     
   2.3279999999970564       0.17977325848214018     
   2.3339999999970531       0.17722559799903645     
   2.3399999999970498       0.17470233488687900     
   2.3459999999970464       0.17220347454163454     
   2.3519999999970431       0.16972901652015276     
   2.3579999999970398       0.16727895464943673     
   2.3639999999970365       0.16485327713583295     
   2.3699999999970331       0.16245196667409847     
   2.3759999999970298       0.16007500055630638     
   2.3819999999970265       0.15772235078054525     
   2.3879999999970232       0.15539398415937644     
   2.3939999999970198       0.15308986242800690     
   2.3999999999970165       0.15080994235214357     
   2.4059999999970132       0.14855417583548858     
   2.4119999999970099       0.14632251002684143     
   2.4179999999970065       0.14411488742677300     
   2.4239999999970032       0.14193124599383447     
   2.4299999999969999       0.13977151925027145     
   2.4359999999969966       0.13763563638720797     
   2.4419999999969932       0.13552352236926885     
   2.4479999999969899       0.13343509803861184     
   2.4539999999969866       0.13137028021833660     
   2.4599999999969833       0.12932898181524449     
   2.4659999999969799       0.12731111192191738     
   2.4719999999969766       0.12531657591809348     
   2.4779999999969733       0.12334527557130721     
   2.4839999999969700       0.12139710913677322     
   2.4899999999969666       0.11947197145648775     
   2.4959999999969633       0.11756975405752200     
   2.5019999999969600       0.11569034524948722     
   2.5079999999969567       0.11383363022114799     
   2.5139999999969533       0.11199949113616200     
   2.5199999999969500       0.11018780722792731     
   2.5259999999969467       0.10839845489351600     
   2.5319999999969434       0.10663130778667637     
   2.5379999999969400       0.10488623690988524     
   2.5439999999969367       0.10316311070543335     
   2.5499999999969334       0.10146179514552763     
   2.5559999999969301        9.9782153821393785E-002
   2.5619999999969267        9.8124048031365846E-002
   2.5679999999969234        9.6487336867947429E-002
   2.5739999999969201        9.4871877303832522E-002
   2.5799999999969168        9.3277524276870930E-002
   2.5859999999969134        9.1704130773970313E-002
   2.5919999999969101        9.0151547913919966E-002
   2.5979999999969068        8.8619625029128263E-002
   2.6039999999969035        8.7108209746263543E-002
   2.6099999999969001        8.5617148065789378E-002
   2.6159999999968968        8.4146284440385827E-002
   2.6219999999968935        8.2695461852249366E-002
   2.6279999999968902        8.1264521889264515E-002
   2.6339999999968868        7.9853304820041229E-002
   2.6399999999968835        7.8461649667811190E-002
   2.6459999999968802        7.7089394283180027E-002
   2.6519999999968769        7.5736375415729557E-002
   2.6579999999968735        7.4402428784466443E-002
   2.6639999999968702        7.3087389147115170E-002
   2.6699999999968669        7.1791090368251695E-002
   2.6759999999968636        7.0513365486276208E-002
   2.6819999999968602        6.9254046779223893E-002
   2.6879999999968569        6.8012965829412436E-002
   2.6939999999968536        6.6789953586925840E-002
   2.6999999999968503        6.5584840431935715E-002
   2.7059999999968469        6.4397456235859435E-002
   2.7119999999968436        6.3227630421357414E-002
   2.7179999999968403        6.2075192021171240E-002
   2.7239999999968370        6.0939969735803859E-002
   2.7299999999968336        5.9821791990046294E-002
   2.7359999999968303        5.8720486988352048E-002
   2.7419999999968270        5.7635882769064450E-002
   2.7479999999968237        5.6567807257499977E-002
   2.7539999999968203        5.5516088317892710E-002
   2.7599999999968170        5.4480553804204211E-002
   2.7659999999968137        5.3461031609804338E-002
   2.7719999999968103        5.2457349716029160E-002
   2.7779999999968070        5.1469336239621022E-002
   2.7839999999968037        5.0496819479058062E-002
   2.7899999999968004        4.9539627959779453E-002
   2.7959999999967970        4.8597590478313892E-002
   2.8019999999967937        4.7670536145318042E-002
   2.8079999999967904        4.6758294427533799E-002
   2.8139999999967871        4.5860695188671377E-002
   2.8199999999967837        4.4977568729227042E-002
   2.8259999999967804        4.4108745825244482E-002
   2.8319999999967771        4.3254057766028038E-002
   2.8379999999967738        4.2413336390817458E-002
   2.8439999999967704        4.1586414124433535E-002
   2.8499999999967671        4.0773124011904360E-002
   2.8559999999967638        3.9973299752081672E-002
   2.8619999999967605        3.9186775730258465E-002
   2.8679999999967571        3.8413387049796750E-002
   2.8739999999967538        3.7652969562777389E-002
   2.8799999999967505        3.6905359899682251E-002
   2.8859999999967472        3.6170395498118742E-002
   2.8919999999967438        3.5447914630599750E-002
   2.8979999999967405        3.4737756431388336E-002
   2.9039999999967372        3.4039760922419442E-002
   2.9099999999967339        3.3353769038310457E-002
   2.9159999999967305        3.2679622650471751E-002
   2.9219999999967272        3.2017164590329078E-002
   2.9279999999967239        3.1366238671670307E-002
   2.9339999999967206        3.0726689712127810E-002
   2.9399999999967172        3.0098363553808911E-002
   2.9459999999967139        2.9481107083087148E-002
   2.9519999999967106        2.8874768249565579E-002
   2.9579999999967073        2.8279196084225546E-002
   2.9639999999967039        2.7694240716772744E-002
   2.9699999999967006        2.7119753392193299E-002
   2.9759999999966973        2.6555586486532463E-002
   2.9819999999966940        2.6001593521908315E-002
   2.9879999999966906        2.5457629180773333E-002
   2.9939999999966873        2.4923549319436456E-002
