   0.0000000000000000        0.0000000000000000       0.18441051313665799       -0.0000000000000000       -2.1253647492829106       -1.4633643294895269       -0.0000000000000000        2.1253647492829106       -1.4633643294895269     
   0.0000000000000000        0.0000000000000000       0.17814495856528872       -0.0000000000000000       -2.0518585298177339       -1.4136448807490720       -0.0000000000000000        2.0518585298177339       -1.4136448807490720     
   0.0000000000000000        0.0000000000000000       0.17291579651028369       -0.0000000000000000       -1.9905110578173142       -1.3721495826413199       -0.0000000000000000        1.9905110578173142       -1.3721495826413199     
   0.0000000000000000        0.0000000000000000       0.16821292665498178       -0.0000000000000000       -1.9353379394983654       -1.3348306040831917       -0.0000000000000000        1.9353379394983654       -1.3348306040831917     
   0.0000000000000000        0.0000000000000000       0.16384157874648231       -0.0000000000000000       -1.8840541696323909       -1.3001423724529886       -0.0000000000000000        1.8840541696323909       -1.3001423724529886     
   0.0000000000000000        0.0000000000000000       0.15970110074016386       -0.0000000000000000       -1.8354789187816636       -1.2672861772588984       -0.0000000000000000        1.8354789187816636       -1.2672861772588984     
   0.0000000000000000        0.0000000000000000       0.15573070211106493       -0.0000000000000000       -1.7888990047979276       -1.2357796236298368       -0.0000000000000000        1.7888990047979276       -1.2357796236298368     
   0.0000000000000000        0.0000000000000000       0.15188984940564432       -0.0000000000000000       -1.7438388973992673       -1.2053010639059427       -0.0000000000000000        1.7438388973992673       -1.2053010639059427     
   0.0000000000000000        0.0000000000000000       0.14814953835414107       -0.0000000000000000       -1.6999583243569132       -1.1756203386835729       -0.0000000000000000        1.6999583243569132       -1.1756203386835729     
   0.0000000000000000        0.0000000000000000       0.14448784419066368       -0.0000000000000000       -1.6570000687501625       -1.1465634669908171       -0.0000000000000000        1.6570000687501625       -1.1465634669908171     
   0.0000000000000000        0.0000000000000000       0.14088742012044539       -0.0000000000000000       -1.6147606214899757       -1.1179927957175799       -0.0000000000000000        1.6147606214899757       -1.1179927957175799     
   0.0000000000000000        0.0000000000000000       0.13733397894027888       -0.0000000000000000       -1.5730723679969039       -1.0897949507228468       -0.0000000000000000        1.5730723679969039       -1.0897949507228468     
   0.0000000000000000        0.0000000000000000       0.13381530897437602       -0.0000000000000000       -1.5317920433595495       -1.0618730279287001       -0.0000000000000000        1.5317920433595495       -1.0618730279287001     
   0.0000000000000000        0.0000000000000000       0.13032059558622500       -0.0000000000000000       -1.4907927724488530       -1.0341412092707416       -0.0000000000000000        1.4907927724488530       -1.0341412092707416     
   0.0000000000000000        0.0000000000000000       0.12683992207252204       -0.0000000000000000       -1.4499582145066077       -1.0065208021103593       -0.0000000000000000        1.4499582145066077       -1.0065208021103593     
   0.0000000000000000        0.0000000000000000       0.12336387452747793        0.0000000000000000       -1.4091779274933924      -0.97893710368964060        0.0000000000000000        1.4091779274933924      -0.97893710368964060     
   0.0000000000000000        0.0000000000000000       0.11988320101377498        0.0000000000000000       -1.3683433695511471      -0.95131669652925832        0.0000000000000000        1.3683433695511471      -0.95131669652925832     
   0.0000000000000000        0.0000000000000000       0.11638848762562397        0.0000000000000000       -1.3273440986404506      -0.92358487787129973        0.0000000000000000        1.3273440986404506      -0.92358487787129973     
   0.0000000000000000        0.0000000000000000       0.11286981765972111        0.0000000000000000       -1.2860637740030962      -0.89566295507715310        0.0000000000000000        1.2860637740030962      -0.89566295507715310     
   0.0000000000000000        0.0000000000000000       0.10931637647955460        0.0000000000000000       -1.2443755205100244      -0.86746511008242011        0.0000000000000000        1.2443755205100244      -0.86746511008242011     
   0.0000000000000000        0.0000000000000000       0.10571595240933628        0.0000000000000000       -1.2021360732498376      -0.83889443880918291        0.0000000000000000        1.2021360732498376      -0.83889443880918291     
   0.0000000000000000        0.0000000000000000       0.10205425824585890        0.0000000000000000       -1.1591778176430869      -0.80983756711642696        0.0000000000000000        1.1591778176430869      -0.80983756711642696     
   0.0000000000000000        0.0000000000000000        9.8313947194355641E-002   0.0000000000000000       -1.1152972446007328      -0.78015684189405732        0.0000000000000000        1.1152972446007328      -0.78015684189405732     
   0.0000000000000000        0.0000000000000000        9.4473094488935053E-002   0.0000000000000000       -1.0702371372020725      -0.74967828217016308        0.0000000000000000        1.0702371372020725      -0.74967828217016308     
   0.0000000000000000        0.0000000000000000        9.0502695859836113E-002   0.0000000000000000       -1.0236572232183365      -0.71817172854110156        0.0000000000000000        1.0236572232183365      -0.71817172854110156     
   0.0000000000000000        0.0000000000000000        8.6362217853517664E-002   0.0000000000000000      -0.97508197236760918      -0.68531553334701145        0.0000000000000000       0.97508197236760918      -0.68531553334701145     
   0.0000000000000000        0.0000000000000000        8.1990869945018183E-002   0.0000000000000000      -0.92379820250163480      -0.65062730171680838        0.0000000000000000       0.92379820250163480      -0.65062730171680838     
   0.0000000000000000        0.0000000000000000        7.7288000089716286E-002   0.0000000000000000      -0.86862508418268602      -0.61330832315867989        0.0000000000000000       0.86862508418268602      -0.61330832315867989     
   0.0000000000000000        0.0000000000000000        7.2058838034711248E-002   0.0000000000000000      -0.80727761218226646      -0.57181302505092790        0.0000000000000000       0.80727761218226646      -0.57181302505092790     
   0.0000000000000000        0.0000000000000000        6.5793283463341984E-002   0.0000000000000000      -0.73377139271708947      -0.52209357631047304        0.0000000000000000       0.73377139271708947      -0.52209357631047304     
