1 -76.185704707782634
2 -76.205980260249049
3 -76.223371776848310
4 -76.239233928965902
5 -76.254026174439346
6 -76.267936502452528
7 -76.281030711305434
8 -76.293303854241685
9 -76.304700861682164
10 -76.315124664721466
11 -76.324438070528132
12 -76.332461726126510
13 -76.338968947492347
14 -76.343677428518035
15 -76.346237357087787
16 -76.346215018809161
17 -76.343070411533787
18 -76.336126586998617
19 -76.324527189973068
20 -76.307176642621656
21 -76.282653965839984
22 -76.249085043466280
23 -76.203946565206124
24 -76.143752111129217
25 -76.063522873193733
26 -75.955834783266866
27 -75.808944954041706
28 -75.602609643962623
29 -75.296683424986085
30 -74.785828563962184
