1 -75.466762012163201
2 -75.737473803823988
3 -75.902520410903648
4 -76.016062079005806
5 -76.098751078857262
6 -76.160991150259619
7 -76.208797985824390
8 -76.245951146688569
9 -76.274958611996965
10 -76.297546690298844
11 -76.314930822442349
12 -76.327974467599404
13 -76.337286241799262
14 -76.343280650834757
15 -76.346215872688475
16 -76.346215872688347
17 -76.343280650834757
18 -76.337286241799163
19 -76.327974467599361
20 -76.314930822442392
21 -76.297546690298930
22 -76.274958611997036
23 -76.245951146688427
24 -76.208797985824461
25 -76.160991150259647
26 -76.098751078857390
27 -76.016062079005536
28 -75.902520410903506
29 -75.737473803823974
30 -75.466762012163301
