 -0.92887044981759748        4.5215130956679730E-004
 -0.91942179993432727        2.6688064346003498E-004
 -0.90997315005105694        1.4495921609776951E-004
 -0.90052450016778662        6.9087088877676212E-005
 -0.89107585028451641        2.5967193772165249E-005
 -0.88162720040124609        5.4768829931176525E-006
 -0.87217855051797588        2.2715149565425300E-012
 -0.86272990063470567        3.8892347208258102E-006
 -0.85328125075143546        1.3034191154743719E-005
 -0.84383260086816514        2.4515315642028680E-005
 -0.83438395098489482        3.6327404470440545E-005
 -0.82493530110162461        4.7159547759553854E-005
 -0.81548665121835429        5.6220758196581189E-005
 -0.80603800133508408        6.3102527101888998E-005
 -0.79658935145181375        6.7671185752053207E-005
 -0.78714070156854354        6.9984263443128152E-005
 -0.77769205168527322        7.0226096398903157E-005
 -0.76824340180200290        6.8658842131276651E-005
 -0.75879475191873269        6.5585783635756454E-005
 -0.74934610203546248        6.1324340008475379E-005
 -0.73989745215219227        5.6186749944124942E-005
 -0.73044880226892195        5.0466761754836341E-005
 -0.72100015238565174        4.4430941675473750E-005
 -0.71155150250238142        3.8313562330701999E-005
 -0.70210285261911121        3.2314170962936444E-005
 -0.69265420273584088        2.6597151706297220E-005
 -0.68320555285257056        2.1292729278487573E-005
 -0.67375690296930035        1.6498978679138598E-005
 -0.66430825308603003        1.2284490445763799E-005
 -0.65485960320275982        8.6914417079729174E-006
 -0.64541095331948950        5.7388629365271590E-006
 -0.63596230343621929        3.4259423593269015E-006
 -0.62651365355294908        1.7352647287275982E-006
 -0.61706500366967887        6.3589715740020473E-007
 -0.60761635378640855        8.6267145883269821E-008
 -0.59816770390313823        3.6799907134141457E-008
 -0.58871905401986802        4.3229175416902005E-007
 -0.57927040413659769        1.2140138578902766E-006
 -0.56982175425332748        2.3215464579732201E-006
 -0.56037310437005716        3.6943506080963497E-006
 -0.55092445448678695        5.2730921357499235E-006
 -0.54147580460351663        7.0007308791235241E-006
 -0.53202715472024631        8.8233933228149509E-006
 -0.52257850483697610        1.0691053795552324E-005
 -0.51312985495370589        1.2558032439501703E-005
 -0.50368120507043568        1.4383341508507389E-005
 -0.49423255518716536        1.6130890409741822E-005
 -0.48478390530389515        1.7769572620095098E-005
 -0.47533525542062482        1.9273250325114305E-005
 -0.46588660553735461        2.0620651893643927E-005
 -0.45643795565408429        2.1795199401866615E-005
 -0.44698930577081397        2.2784777527393185E-005
 -0.43754065588754376        2.3581457046115798E-005
 -0.42809200600427344        2.4181185075215411E-005
 -0.41864335612100323        2.4583450183684562E-005
 -0.40919470623773291        2.4790931842262480E-005
 -0.39974605635446259        2.4809142551733224E-005
 -0.39029740647119238        2.4646067477986531E-005
 -0.38084875658792217        2.4311808959923637E-005
 -0.37140010670465173        2.3818239212462902E-005
 -0.36195145682138152        2.3178666495821800E-005
 -0.35250280693811131        2.2407516825127580E-005
 -0.34305415705484110        2.1520033625151014E-005
 -0.33360550717157089        2.0531999083687214E-005
 -0.32415685728830068        1.9459475533248366E-005
 -0.31470820740503047        1.8318570659808558E-005
 -0.30525955752176026        1.7125224848719250E-005
 -0.29581090763848983        1.5895022187903475E-005
 -0.28636225775521962        1.4643024177197979E-005
 -0.27691360787194941        1.3383625524346661E-005
 -0.26746495798867898        1.2130432146464562E-005
 -0.25801630810540876        1.0896159504092506E-005
 -0.24856765822213855        9.6925510074893572E-006
 -0.23911900833886834        8.5303148868184035E-006
 -0.22967035845559791        7.4190784746419174E-006
 -0.22022170857232770        6.3673590139984110E-006
 -0.21077305868905749        5.3825486562574430E-006
 -0.20132440880578706        4.4709137165325246E-006
 -0.19187575892251685        3.6376056632178272E-006
 -0.18242710903924664        2.8866832895940285E-006
 -0.17297845915597643        2.2211444022423422E-006
 -0.16352980927270599        1.6429660494316986E-006
 -0.15408115938943578        1.1531519035303459E-006
 -0.14463250950616557        7.5178580330311477E-007
 -0.13518385962289514        4.3809028505288874E-007
 -0.12573520973962493        2.1048911916505356E-007
 -0.11628655985635472        6.6672916663706699E-008
 -0.10683790997308451        3.6668763568078740E-009
  -9.7389260089814300E-002   1.7899851167993831E-008
  -8.7940610206544090E-002   1.0527401796641278E-007
  -7.8491960323273879E-002   2.6123442171211776E-007
  -6.9043310440003669E-002   4.8083777999618396E-007
  -5.9594660556733237E-002   7.5881998175962709E-007
  -5.0146010673463026E-002   1.0896617886518605E-006
  -4.0697360790192816E-002   1.4676523342627350E-006
  -3.1248710906922383E-002   1.8869499426826010E-006
  -2.1800061023652173E-002   2.3416400879439242E-006
  -1.2351411140381963E-002   2.8257900821902406E-006
  -2.9027612571117523E-003   3.3335003737010963E-006
   6.5458886261586802E-003   3.8589522376279971E-006
   1.5994538509428891E-002   4.3964517350228505E-006
   2.5443188392699101E-002   4.9404698715565456E-006
   3.4891838275969533E-002   5.4856788144327079E-006
   4.4340488159239744E-002   6.0269844861785663E-006
   5.3789138042509954E-002   6.5595548796537902E-006
   6.3237787925780164E-002   7.0788449555737966E-006
   7.2686437809050597E-002   7.5806175568022389E-006
   8.2135087692320807E-002   8.0609608059875011E-006
   9.1583737575591018E-002   8.5163019097468054E-006
  0.10103238745886145        8.9434175952881040E-006
  0.11048103734213166        9.3394413027488076E-006
  0.11992968722540187        9.7018672456149441E-006
  0.12937833710867208        1.0028551637231082E-005
  0.13882698699194229        1.0317711126317510E-005
  0.14827563687521250        1.0567918699067940E-005
  0.15772428675848271        1.0778097240429697E-005
  0.16717293664175292        1.0947510931465482E-005
  0.17662158652502336        1.1075754666833831E-005
  0.18607023640829357        1.1162741744692949E-005
  0.19551888629156378        1.1208689919572435E-005
  0.20496753617483421        1.1214106117236639E-005
  0.21441618605810442        1.1179769943312871E-005
  0.22386483594137463        1.1106716166741401E-005
  0.23331348582464484        1.0996216371787220E-005
  0.24276213570791527        1.0849759972892403E-005
  0.25221078559118548        1.0669034661437419E-005
  0.26165943547445569        1.0455906570940663E-005
  0.27110808535772613        1.0212400211779452E-005
  0.28055673524099634        9.9406783609250038E-006
  0.29000538512426655        9.6430220126375308E-006
  0.29945403500753676        9.3218105623931193E-006
  0.30890268489080719        8.9795022570246294E-006
  0.31835133477407740        8.6186150934782953E-006
  0.32779998465734761        8.2417082277666204E-006
  0.33724863454061804        7.8513639762388935E-006
  0.34669728442388825        7.4501705011678191E-006
  0.35614593430715846        7.0407052647077551E-006
  0.36559458419042867        6.6255192653187404E-006
  0.37504323407369888        6.2071221587706225E-006
  0.38449188395696909        5.7879682874967206E-006
  0.39394053384023930        5.3704436449942792E-006
  0.40338918372350951        4.9568538335821374E-006
  0.41283783360677995        4.5494130220052864E-006
  0.42228648349005016        4.1502338986717662E-006
  0.43173513337332037        3.7613186681879958E-006
  0.44118378325659080        3.3845510679285808E-006
  0.45063243313986101        3.0216894075016210E-006
  0.46008108302313122        2.6743606233209312E-006
  0.46952973290640143        2.3440553361291055E-006
  0.47897838278967186        2.0321238894365270E-006
  0.48842703267294207        1.7397733490602095E-006
  0.49787568255621206        1.4680654317095341E-006
  0.50732433243948272        1.2179153389120944E-006
  0.51677298232275271        9.9009145373724654E-007
  0.52622163220602314        7.8521587412157612E-007
  0.53567028208929313        6.0376572982947399E-007
  0.54511893197256378        4.4607525304062732E-007
  0.55456758185583377        3.1233855154079384E-007
  0.56401623173910420        2.0261304181412011E-007
  0.57346488162237441        1.1682349372342953E-007
  0.58291353150564484        5.4766641464491717E-008
  0.59236218138891483        1.6116309852966422E-008
  0.60181083127218549        4.2900894715157970E-010
  0.61125948115545525        7.1499472975792229E-009
  0.62070813103872591        3.5619415827396354E-008
  0.63015678092199612        8.5079493504297124E-008
  0.63960543080526633        1.5468102795619900E-007
  0.64905408068853654        2.4349084313560384E-007
  0.65850273057180719        3.5049912962153333E-007
  0.66795138045507696        4.7462697122613676E-007
  0.67740003033834761        6.1473396623482727E-007
  0.68684868022161738        7.6962590054677146E-007
  0.69629733010488803        9.3806243549532725E-007
  0.70574597998815825        1.1187647658254132E-006
  0.71519462987142846        1.3104232171327259E-006
  0.72464327975469867        1.5117047466599332E-006
  0.73409192963796888        1.7212603099553376E-006
  0.74354057952123909        1.9377320722510296E-006
  0.75298922940450930        2.1597604237982381E-006
  0.76243787928777995        2.3859907842431689E-006
  0.77188652917104972        2.6150801616206656E-006
  0.78133517905432037        2.8457034518600333E-006
  0.79078382893759014        3.0765594511199893E-006
  0.80023247882086079        3.3063765681088094E-006
  0.80968112870413100        3.5339182171469145E-006
  0.81912977858740121        3.7579878801107287E-006
  0.82857842847067142        3.9774338245001265E-006
  0.83802707835394208        4.1911534650510963E-006
  0.84747572823721184        4.3980973650214536E-006
  0.85692437812048250        4.5972728684103056E-006
  0.86637302800375271        4.7877473594115406E-006
  0.87582167788702292        4.9686511471777502E-006
  0.88527032777029313        5.1391799255089878E-006
  0.89471897765356379        5.2985971006476334E-006
  0.90416762753683355        5.4462352635205841E-006
  0.91361627742010421        5.5814977769501281E-006
  0.92306492730337397        5.7038597555470524E-006
  0.93251357718664463        5.8128687442957864E-006
  0.94196222706991484        5.9081450439250509E-006
  0.95141087695318505        5.9893817037579073E-006
  0.96085952683645526        6.0563441830734359E-006
  0.97030817671972547        6.1088696996317557E-006
  0.97975682660299568        6.1468662718583490E-006
  0.98920547648626589        6.1703114756152985E-006
  0.99865412636953654        6.1792509233113043E-006
   1.0081027762528063        6.1737964795216339E-006
   1.0175514261360770        6.1541242378068969E-006
   1.0270000760193467        6.1204722637516172E-006
   1.0364487259026174        6.0731381249613173E-006
   1.0458973757858876        6.0124762296182761E-006
   1.0553460256691578        5.9388949807252034E-006
   1.0647946755524280        5.8528538331726516E-006
   1.0742433254356987        5.7548599003995518E-006
   1.0836919753189684        5.6454650446247760E-006
   1.0931406252022391        5.5252622454544802E-006
   1.1025892750855093        5.3948821848264208E-006
   1.1120379249687795        5.2549896920582335E-006
   1.1214865748520497        5.1062801325692926E-006
   1.1309352247353204        4.9494757522190333E-006
   1.1403838746185901        4.7853219306130057E-006
   1.1498325245018608        4.6145837710674631E-006
   1.1592811743851306        4.4380419979166170E-006
   1.1687298242684012        4.2564895715566084E-006
   1.1781784741516714        4.0707279920422811E-006
   1.1876271240349416        3.8815637193680532E-006
   1.1970757739182118        3.6898046560315835E-006
   1.2065244238014821        3.4962567058741971E-006
   1.2159730736847523        3.3017204170427340E-006
   1.2254217235680225        3.1069877237605260E-006
   1.2348703734512931        2.9128387988786783E-006
   1.2443190233345629        2.7200390202410849E-006
   1.2537676732178336        2.5293360674589908E-006
   1.2632163231011033        2.3414571551099881E-006
   1.2726649729843740        2.1571064060144066E-006
   1.2821136228676442        1.9769623784205120E-006
   1.2915622727509144        1.8016757471456584E-006
   1.3010109226341846        1.6318671470433881E-006
   1.3104595725174553        1.4681251824003908E-006
   1.3199082224007250        1.3110046077483916E-006
   1.3293568722839957        1.1610246796257028E-006
   1.3388055221672659        1.0186676852679750E-006
   1.3482541720505361        8.8437764822642321E-007
   1.3577028219338063        7.5855921120841053E-007
   1.3671514718170770        6.4157669802875030E-007
   1.3766001217003467        5.3375335297086764E-007
   1.3860487715836174        4.3537075662571589E-007
   1.3954974214668872        3.4666841655385324E-007
   1.4049460713501578        2.6784353088929093E-007
   1.4143947212334280        1.9905092174387236E-007
   1.4238433711166982        1.4040313430551737E-007
   1.4332920209999684        9.1970698288650696E-008
   1.4427406708832387        5.3782547400744142E-008
   1.4521893207665089        2.5826591368600607E-008
   1.4616379706497791        8.0504352559841437E-009
   1.4710866205330497        3.6224036304199670E-010
   1.4805352704163195        2.6317205796036248E-009
   1.4899839202995901        1.4691267421486400E-008
   1.4994325701828599        3.6337197143127528E-008
   1.5088812200661306        6.7331112646379159E-008
   1.5183298699494008        1.0740137274521234E-007
   1.5277785198326710        1.5624466153048831E-007
   1.5372271697159412        2.1352764946918489E-007
   1.5466758195992119        2.7888873903878692E-007
   1.5561244694824816        3.5193988574546874E-007
   1.5655731193657523        4.3226848779472449E-007
   1.5750217692490225        5.1943933491629538E-007
   1.5844704191322927        6.1299660852278691E-007
   1.5939190690155629        7.1246592530029437E-007
   1.6033677188988336        8.1735641538809067E-007
   1.6128163687821033        9.2716282730382324E-007
   1.6222650186653740        1.0413676516135157E-006
   1.6317136685486437        1.1594432547569508E-006
   1.6411623184319144        1.2808540160938434E-006
   1.6506109683151846        1.4050584585565754E-006
   1.6600596181984548        1.5315113684897869E-006
   1.6695082680817250        1.6596658938571311E-006
   1.6789569179649952        1.7889756161005125E-006
   1.6884055678482655        1.9188965879361378E-006
   1.6978542177315357        2.0488893294023221E-006
   1.7073028676148063        2.1784207781694307E-006
   1.7167515174980761        2.3069661850497024E-006
   1.7262001673813467        2.4340109515137102E-006
   1.7356488172646165        2.5590524021470819E-006
   1.7450974671478872        2.6816014872988848E-006
   1.7545461170311574        2.8011844114484165E-006
   1.7639947669144276        2.9173441815447248E-006
   1.7734434167976978        3.0296420734291397E-006
   1.7828920666809684        3.1376590097545970E-006
   1.7923407165642382        3.2409968487439223E-006
   1.8017893664475089        3.3392795784694208E-006
   1.8112380163307791        3.4321544150844194E-006
   1.8206866662140493        3.5192927390089319E-006
   1.8301353160973195        3.6003912367055478E-006
   1.8395839659805902        3.6751723522432815E-006
   1.8490326158638599        3.7433851989685880E-006
   1.8584812657471306        3.8048060979857104E-006
   1.8679299156304003        3.8592390629650863E-006
   1.8773785655136710        3.9065161803280326E-006
   1.8868272153969412        3.9464978860273376E-006
   1.8962758652802114        3.9790731356890319E-006
   1.9057245151634816        4.0041594748583865E-006
   1.9151731650467518        4.0217030055965642E-006
   1.9246218149300220        4.0316782537379322E-006
   1.9340704648132923        4.0340879368073718E-006
   1.9435191146965629        4.0289626371903467E-006
   1.9529677645798327        4.0163603801082737E-006
   1.9624164144631033        3.9963661214467216E-006
   1.9718650643463731        3.9690911476994451E-006
   1.9813137142296438        3.9346723907658726E-006
   1.9907623641129140        3.8932716606719374E-006
   2.0002110139961840        3.8450748025979219E-006
   2.0096596638794546        3.7902907780165008E-006
   2.0191083137627253        3.7291506770402446E-006
   2.0285569636459950        3.6619066656361086E-006
   2.0380056135292657        3.5888308709790657E-006
   2.0474542634125354        3.5102142107713895E-006
   2.0569029132958061        3.4263651705785735E-006
   2.0663515631790759        3.3376085330954610E-006
   2.0758002130623465        3.2442840663889940E-006
   2.0852488629456163        3.1467451740943286E-006
   2.0946975128288869        3.0453575130809505E-006
   2.1041461627121567        2.9404975839346275E-006
   2.1135948125954274        2.8325512989075652E-006
   2.1230434624786980        2.7219125325328289E-006
   2.1324921123619678        2.6089816597339672E-006
   2.1419407622452384        2.4941640875866352E-006
   2.1513894121285082        2.3778687834912161E-006
   2.1608380620117789        2.2605068069770882E-006
   2.1702867118950486        2.1424898485753936E-006
   2.1797353617783193        2.0242287806202431E-006
   2.1891840116615890        1.9061322257432900E-006
   2.1986326615448597        1.7886051470152155E-006
   2.2080813114281295        1.6720474630310867E-006
   2.2175299613114001        1.5568526942008593E-006
   2.2269786111946708        1.4434066430203113E-006
   2.2364272610779405        1.3320861135884662E-006
   2.2458759109612112        1.2232576725831796E-006
   2.2553245608444819        1.1172764569189439E-006
   2.2647732107277516        1.0144850304342459E-006
   2.2742218606110223        9.1521229424140234E-007
   2.2836705104942920        8.1977245183633861E-007
   2.2931191603775627        7.2846403411364850E-007
   2.3025678102608325        6.4156898514847383E-007
   2.3120164601441031        5.5935181205379760E-007
   2.3214651100273729        4.8205880142267564E-007
   2.3309137599106435        4.0991733012614910E-007
   2.3403624097939133        3.4313509781097856E-007
   2.3498110596771840        2.8189975850928494E-007
   2.3592597095604546        2.2637827688308350E-007
   2.3687083594437244        1.7671650354689839E-007
   2.3781570093269950        1.3303886329780020E-007
   2.3876056592102648        9.5448062282258227E-008
   2.3970543090935346        6.4024884279003834E-008
   2.4065029589768061        3.8828063166940194E-008
   2.4159516088600759        1.9894230096740887E-008
   2.4254002587433456        7.2379358603497155E-009
   2.4348489086266163        8.5174729077511632E-010
   2.4442975585098869        7.0641694940695336E-010
   2.4537462083931567        6.7511250287045177E-009
   2.4631948582764274        1.8913792157423935E-008
   2.4726435081596971        3.7101461502518939E-008
   2.4820921580429678        6.1200748532764129E-008
   2.4915408079262384        9.1078356367706992E-008
   2.5009894578095082        1.2658165478708822E-007
   2.5104381076927780        1.6753932030759705E-007
   2.5198867575760495        2.1376203506824775E-007
   2.5293354074593193        2.6504324180773581E-007
   2.5387840573425891        3.2115995181759080E-007
   2.5482327072258597        3.8187360371219887E-007
   2.5576813571091304        4.4693096864375082E-007
   2.5671300069924001        5.1606510001953454E-007
   2.5765786568756699        5.8899632344561058E-007
   2.5860273067589405        6.6543326376997135E-007
   2.5954759566422112        7.4507390608974967E-007
   2.6049246065254819        8.2760668592110008E-007
   2.6143732564087516        9.1271160615575869E-007
   2.6238219062920214        1.0000613763721423E-006
   2.6332705561752920        1.0893225698900829E-006
   2.6427192060585627        1.1801567970225053E-006
   2.6521678559418325        1.2722218876367405E-006
   2.6616165058251031        1.3651730815807535E-006
   2.6710651557083729        1.4586642217086140E-006
   2.6805138055916435        1.5523489461350878E-006
   2.6899624554749142        1.6458818754936982E-006
   2.6994111053581840        1.7389197918582236E-006
   2.7088597552414537        1.8311228052971393E-006
   2.7183084051247253        1.9221555034246227E-006
   2.7277570550079950        2.0116880827918529E-006
   2.7372057048912648        2.0993974544995043E-006
   2.7466543547745346        2.1849683250840710E-006
   2.7561030046578061        2.2680942461371474E-006
   2.7655516545410759        2.3484786292718852E-006
   2.7750003044243456        2.4258357258123859E-006
   2.7844489543076163        2.4998915659118045E-006
   2.7938976041908870        2.5703848548333202E-006
   2.8033462540741567        2.6370678230533647E-006
   2.8127949039574274        2.6997070291109890E-006
   2.8222435538406971        2.7580841113372313E-006
   2.8316922037239678        2.8119964858721227E-006
   2.8411408536072384        2.8612579910470072E-006
   2.8505895034905082        2.9056994731910157E-006
   2.8600381533737780        2.9451693144400184E-006
   2.8694868032570486        2.9795338995189426E-006
   2.8789354531403193        3.0086780221403146E-006
   2.8883841030235891        3.0325052260695218E-006
   2.8978327529068597        3.0509380848274736E-006
   2.9072814027901295        3.0639184144294738E-006
   2.9167300526734001        3.0714074229133700E-006
   2.9261787025566708        3.0733857920758838E-006
   2.9356273524399406        3.0698536956439245E-006
   2.9450760023232103        3.0608307497555407E-006
   2.9545246522064819        3.0463558992624222E-006
   2.9639733020897516        3.0264872389112603E-006
   2.9734219519730214        3.0013017692941042E-006
   2.9828706018562912        2.9708950904395237E-006
   2.9923192517395627        2.9353810330846029E-006
   3.0017679016228325        2.8948912275997502E-006
   3.0112165515061022        2.8495746149750173E-006
   3.0206652013893729        2.7995968989543141E-006
   3.0301138512726435        2.7451399420228703E-006
   3.0395625011559133        2.6864011085021055E-006
   3.0490111510391840        2.6235925539710286E-006
   3.0584598009224537        2.5569404663280708E-006
   3.0679084508057244        2.4866842609844813E-006
   3.0773571006889950        2.4130757290764530E-006
   3.0868057505722648        2.3363781466048843E-006
   3.0962544004555346        2.2568653442384817E-006
   3.1057030503388052        2.1748207408679781E-006
   3.1151517002220759        2.0905363466747516E-006
   3.1246003501053456        2.0043117356597429E-006
   3.1340489999886163        1.9164529933089365E-006
   3.1434976498718861        1.8272716422748583E-006
   3.1529462997551567        1.7370835491166091E-006
   3.1623949496384274        1.6462078169625104E-006
   3.1718435995216971        1.5549656653903086E-006
   3.1812922494049669        1.4636793046784875E-006
   3.1907408992882385        1.3726708051612385E-006
   3.2001895491715082        1.2822609664136490E-006
   3.2096381990547780        1.1927681911706443E-006
   3.2190868489380478        1.1045073658109776E-006
   3.2285354988213193        1.0177887527137073E-006
   3.2379841487045891        9.3291689747134566E-007
   3.2474327985878588        8.5018955473838280E-007
   3.2568814484711295        7.6989663678170935E-007
   3.2663300983544001        6.9231918701868614E-007
   3.2757787482376699        6.1772838419967253E-007
   3.2852273981209406        5.4638457869834588E-007
   3.2946760480042103        4.7853636491386505E-007
   3.3041246978874810        4.1441969330582778E-007
   3.3135733477707516        3.5425702479847197E-007
   3.3230219976540214        2.9825653059649064E-007
   3.3324706475372912        2.4661134019130610E-007
   3.3419192974205618        1.9949884055874352E-007
   3.3513679473038325        1.5708002838563904E-007
   3.3608165971871022        1.1949891837625542E-007
   3.3702652470703729        8.6882009448028234E-008
   3.3797138969536427        5.9337811067494935E-008
   3.3891625468369133        3.6956431246281684E-008
   3.3986111967201840        1.9809236414286112E-008
   3.4080598466034537        7.9485308268157544E-009
   3.4175084964867235        1.4074007261412267E-009
   3.4269571463699950        1.9951975702892243E-010
   3.4364057962532648        4.3190781805538381E-009
   3.4458544461365346        1.3740768815586699E-008
   3.4553030960198043        2.8419841822556810E-008
   3.4647517459030759        4.8292231966197418E-008
   3.4742003957863457        7.3274736556971155E-008
   3.4836490456696154        1.0326529808826033E-007
   3.4930976955528861        1.3814331856545012E-007
   3.5025463454361567        1.7777005881624249E-007
   3.5119949953194265        2.2198910020121454E-007
   3.5214436452026971        2.7062687113065553E-007
   3.5308922950859669        3.2349323714555047E-007
   3.5403409449692376        3.8038215170649164E-007
   3.5497895948525082        4.4107236770497374E-007
   3.5592382447357780        5.0532820565840452E-007
   3.5686868946190478        5.7290037714273473E-007
   3.5781355445023184        6.4352686115295053E-007
   3.5875841943855891        7.1693382938686638E-007
   3.5970328442688588        7.9283661988568720E-007
   3.6064814941521295        8.7094075310455904E-007
   3.6159301440353993        9.5094298883553210E-007
   3.6253787939186699        1.0325324198683795E-006
   3.6348274438019406        1.1153915996509256E-006
   3.6442760936852103        1.1991976988153133E-006
   3.6537247435684801        1.2836236879888842E-006
   3.6631733934517516        1.3683395412257443E-006
   3.6726220433350214        1.4530134591896419E-006
   3.6820706932182912        1.5373131022290381E-006
   3.6915193431015609        1.6209068368708528E-006
   3.7009679929848325        1.7034649826794800E-006
   3.7104166428681022        1.7846610626434761E-006
   3.7198652927513720        1.8641730471675777E-006
   3.7293139426346427        1.9416845902346241E-006
   3.7387625925179133        2.0168862515973610E-006
   3.7482112424011831        2.0894767039716890E-006
   3.7576598922844537        2.1591639131214936E-006
   3.7671085421677235        2.2256662947992159E-006
   3.7765571920509942        2.2887138403664472E-006
   3.7860058419342648        2.3480492047734863E-006
   3.7954544918175346        2.4034287569145506E-006
   3.8049031417008043        2.4546235856565692E-006
   3.8143517915840750        2.5014204559997581E-006
   3.8238004414673457        2.5436227156419155E-006
   3.8332490913506154        2.5810511445114152E-006
   3.8426977412338861        2.6135447448709313E-006
   3.8521463911171558        2.6409614693934045E-006
   3.8615950410004265        2.6631788815666271E-006
   3.8710436908836972        2.6800947481209787E-006
   3.8804923407669669        2.6916275587942137E-006
   3.8899409906502367        2.6977169700141975E-006
   3.8993896405335082        2.6983241745514188E-006
   3.9088382904167780        2.6934321867379728E-006
   3.9182869403000478        2.6830460515269136E-006
   3.9277355901833175        2.6671929669713267E-006
   3.9371842400665891        2.6459223235428940E-006
   3.9466328899498588        2.6193056565181841E-006
   3.9560815398331286        2.5874365164656901E-006
   3.9655301897163993        2.5504302457965088E-006
   3.9749788395996699        2.5084236753435820E-006
   3.9844274894829397        2.4615747301132825E-006
   3.9938761393662103        2.4100619494271697E-006
   4.0033247892494801        2.3540839219289546E-006
   4.0127734391327508        2.2938586368613712E-006
   4.0222220890160214        2.2296227505692993E-006
   4.0316707388992912        2.1616307741932936E-006
   4.0411193887825609        2.0901541791826409E-006
   4.0505680386658316        2.0154804295838802E-006
   4.0600166885491022        1.9379119387709389E-006
   4.0694653384323720        1.8577649537404434E-006
   4.0789139883156427        1.7753683761883332E-006
   4.0883626381989124        1.6910625154343946E-006
   4.0978112880821831        1.6051977857560248E-006
   4.1072599379654537        1.5181333447183470E-006
   4.1167085878487235        1.4302356830064515E-006
   4.1261572377319933        1.3418771672276025E-006
   4.1356058876152648        1.2534345432747423E-006
   4.1450545374985346        1.1652874028676321E-006
   4.1545031873818044        1.0778166197927302E-006
   4.1639518372650741        9.9140276408377009E-007
   4.1734004871483457        9.0642449630346400E-007
   4.1828491370316154        8.2325695096654774E-007
   4.1922977869148852        7.4227011340404231E-007
   4.2017464367981558        6.6382719762709585E-007
   4.2111950866814265        5.8828303268952295E-007
   4.2206437365646963        5.1598246181204437E-007
   4.2300923864479669        4.4725876480400723E-007
   4.2395410363312367        3.8243210277813001E-007
   4.2489896862145073        3.2180800427639035E-007
   4.2584383360977780        2.6567588718088345E-007
   4.2678869859810478        2.1430763151009751E-007
   4.2773356358643175        1.6795620615410971E-007
   4.2867842857475882        1.2685435634020385E-007
   4.2962329356308588        9.1213360705344551E-008
   4.3056815855141286        6.1221861418844798E-008
   4.3151302353973993        3.7044774278567543E-008
   4.3245788852806690        1.8822287066074324E-008
   4.3340275351639397        6.6689491369036054E-009
   4.3434761850472103        6.7285891328846179E-010
   4.3529248349304801        8.9495515660460425E-010
   4.3623734848137499        7.3684155573370799E-009
   4.3718221346970214        2.0098168650479501E-008
   4.3812707845802912        3.9060522279018835E-008
   4.3907194344635609        6.4202913617905927E-008
   4.4001680843468307        9.5443782216178062E-008
   4.4096167342301023        1.3267257219307615E-007
   4.4190653841133720        1.7574986219124789E-007
   4.4285140339966418        2.2450762906410442E-007
   4.4379626838799124        2.7874964333118311E-007
   4.4474113337631831        3.3825200106665012E-007
   4.4568599836464529        4.0276378866450832E-007
   4.4663086335297235        4.7200788347752091E-007
   4.4757572834129933        5.4568188940160550E-007
   4.4852059332962639        6.2345920213313671E-007
   4.4946545831795346        7.0499021160283492E-007
   4.5041032330628044        7.8990362302658017E-007
   4.5135518829460741        8.7780791569865660E-007
   4.5230005328293448        9.6829291170043052E-007
   4.5324491827126154        1.0609314683860163E-006
   4.5418978325958852        1.1552812825382971E-006
   4.5513464824791559        1.2508867990856293E-006
   4.5607951323624256        1.3472812183422503E-006
   4.5702437822456963        1.4439886029280466E-006
   4.5796924321289669        1.5405260622965600E-006
   4.5891410820122367        1.6364060205267485E-006
   4.5985897318955065        1.7311385505409461E-006
   4.6080383817787780        1.8242337683404432E-006
   4.6174870316620478        1.9152042758741815E-006
   4.6269356815453175        2.0035676448146167E-006
   4.6363843314285873        2.0888489272786772E-006
   4.6458329813118588        2.1705831850487865E-006
   4.6552816311951286        2.2483180210630321E-006
   4.6647302810783984        2.3216161101964131E-006
   4.6741789309616690        2.3900577050875226E-006
   4.6836275808449397        2.4532431121158883E-006
   4.6930762307282095        2.5107951189094144E-006
   4.7025248806114801        2.5623613739781509E-006
   4.7119735304947499        2.6076166821073453E-006
   4.7214221803780205        2.6462652213960992E-006
   4.7308708302612912        2.6780426600727332E-006
   4.7403194801445609        2.7027181624512056E-006
   4.7497681300278307        2.7200962698124828E-006
   4.7592167799111014        2.7300186344057006E-006
   4.7686654297943720        2.7323655988799027E-006
   4.7781140796776418        2.7270576927390184E-006
   4.7875627295609124        2.7140567591721467E-006
   4.7970113794441822        2.6933671014979312E-006
   4.8064600293274529        2.6650363163454864E-006
   4.8159086792107235        2.6291559593805302E-006
   4.8253573290939933        2.5858619038166017E-006
   4.8348059789772631        2.5353346388858141E-006
   4.8442546288605346        2.4777991601371437E-006
   4.8537032787438044        2.4135247545342864E-006
   4.8631519286270741        2.3428242276442149E-006
   4.8726005785103439        2.2660534524144265E-006
   4.8820492283936154        2.1836100666968134E-006
   4.8914978782768852        2.0959321663027005E-006
   4.9009465281601550        2.0034968690452357E-006
   4.9103951780434256        1.9068181993183719E-006
   4.9198438279266963        1.8064451154857840E-006
   4.9292924778099660        1.7029590759064505E-006
   4.9387411276932367        1.5969713729606883E-006
   4.9481897775765065        1.4891202116029869E-006
   4.9576384274597771        1.3800675508325664E-006
   4.9670870773430478        1.2704956865522028E-006
   4.9765357272263175        1.1611036261522042E-006
   4.9859843771095873        1.0526032261463226E-006
   4.9954330269928580        9.4571514386123333E-007
   5.0048816768761286        8.4116459074967590E-007
   5.0143303267593984        7.3967692352031458E-007
   5.0237789766426690        6.4197307314819021E-007
   5.0332276265259388        5.4876489727887848E-007
   5.0426762764092095        4.6075031034083436E-007
   5.0521249262924801        3.7860849938139557E-007
   5.0615735761757499        3.0299490412302851E-007
   5.0710222260590196        2.3453636352202982E-007
   5.0804708759422912        1.7382609728046081E-007
   5.0899195258255610        1.2141882354130353E-007
   5.0993681757088307        7.7825914395682565E-008
   5.1088168255921005        4.3510656859136500E-008
   5.1182654754753720        1.8883654108036165E-008
   5.1277141253586418        4.2983966702931191E-009
   5.1371627752419116        4.7050073222257658E-011
   5.1466114251251822        6.3564873795650595E-009
   5.1560600750084529        2.3384611790706989E-008
   5.1655087248917226        5.1217001179758230E-008
   5.1749573747749933        8.9863919647602230E-008
   5.1844060246582631        1.3925772988866063E-007
   5.1938546745415337        1.9925074723258609E-007
   5.2033033244248044        2.6961356955100925E-007
   5.2127519743080741        3.5003392013571765E-007
   5.2222006241913439        4.4011604532945055E-007
   5.2316492740746146        5.3938069792983226E-007
   5.2410979239578852        6.4726568337780513E-007
   5.2505465738411550        7.6312714633630443E-007
   5.2599952237244256        8.8624144017411743E-007
   5.2694438736076954        1.0158077213695558E-006
   5.2788925234909660        1.1509512522949263E-006
   5.2883411733742367        1.2907274408423258E-006
   5.2977898232575065        1.4341266050241512E-006
   5.3072384731407762        1.5800794942301711E-006
   5.3166871230240478        1.7274635621288127E-006
   5.3261357729073175        1.8751099791189850E-006
   5.3355844227905873        2.0218113800462870E-006
   5.3450330726738571        2.1663303464648662E-006
   5.3544817225571286        2.3074085765840342E-006
   5.3639303724403984        2.4437767351628876E-006
   5.3733790223236682        2.5741649200883812E-006
   5.3828276722069388        2.6973137389864233E-006
   5.3922763220902095        2.8119859004717271E-006
   5.4017249719734792        2.9169783011010842E-006
   5.4111736218567499        3.0111344983389388E-006
   5.4206222717400196        3.0933575265596709E-006
   5.4300709216232903        3.1626229264836456E-006
   5.4395195715065610        3.2179919330896777E-006
   5.4489682213898307        3.2586246791452029E-006
   5.4584168712731005        3.2837933299690434E-006
   5.4678655211563711        3.2928949633269084E-006
   5.4773141710396418        3.2854641895093604E-006
   5.4867628209229116        3.2611851299083259E-006
   5.4962114708061822        3.2199029106182418E-006
   5.5056601206894520        3.1616342191114946E-006
   5.5151087705727226        3.0865769410510404E-006
   5.5245574204559933        2.9951186052233071E-006
   5.5340060703392631        2.8878435203345509E-006
   5.5434547202225328        2.7655383278368417E-006
   5.5529033701058044        2.6291958828977125E-006
   5.5623520199890741        2.4800171462273747E-006
   5.5718006698723439        2.3194110336170409E-006
   5.5812493197556137        2.1489918603777299E-006
   5.5906979696388852        1.9705743542185931E-006
   5.6001466195221550        1.7861659114323803E-006
   5.6095952694054247        1.5979560028606054E-006
   5.6190439192886954        1.4083025068832024E-006
   5.6284925691719661        1.2197148718066960E-006
   5.6379412190552358        1.0348338844604608E-006
   5.6473898689385065        8.5640802829953390E-007
   5.6568385188217762        6.8726626530991749E-007
   5.6662871687050469        5.3028722414057068E-007
   5.6757358185883175        3.8836475149297867E-007
   5.6851844684715873        2.6436987668506564E-007
   5.6946331183548571        1.6110923139064578E-007
   5.7040817682381277        8.1280076431521208E-008
   5.7135304181213984        2.7422113674867580E-008
   5.7229790680046682        1.8663568375139626E-009
   5.7324277178879388        6.6814094851423335E-009
   5.7418763677712086        4.3617585427984887E-008
   5.7513250176544792        1.1404941753184192E-007
   5.7607736675377499        2.1891721009355637E-007
   5.7702223174210197        3.5866842081031736E-007
   5.7796709673042894        5.3319979392465677E-007
   5.7891196171875610        7.4180132196906219E-007
   5.7985682670708307        9.8310328631462299E-007
   5.8080169169541005        1.2550278043861260E-006
   5.8174655668373703        1.5547465554006891E-006
   5.8269142167206418        1.8786464845929961E-006
   5.8363628666039116        2.2223056743788994E-006
   5.8458115164871813        2.5804816857250391E-006
   5.8552601663704520        2.9471150961460351E-006
   5.8647088162537226        3.3153511601925182E-006
   5.8741574661369924        3.6775829544704840E-006
   5.8836061160202631        4.0255196939329255E-006
   5.8930547659035328        4.3502842731121291E-006
   5.9025034157868035        4.6425446587112832E-006
   5.9119520656700741        4.8926839869031073E-006
   5.9214007155533439        5.0910149803777087E-006
   5.9308493654366137        5.2280446802550730E-006
   5.9402980153198843        5.2947961177098457E-006
   5.9497466652031550        5.2831942049725728E-006
   5.9591953150864247        5.1865237197556902E-006
   5.9686439649696954        4.9999681212764922E-006
   5.9780926148529652        4.7212384995514301E-006
   5.9875412647362358        4.3513030813081919E-006
   5.9969899146195065        3.8952282705474499E-006
   6.0064385645027762        3.3631434812811977E-006
   6.0158872143860460        2.7713427006926531E-006
   6.0253358642693176        2.1435371668462666E-006
   6.0347845141525873        1.5122743664438998E-006
   6.0442331640358571        9.2054003909165086E-007
   6.0536818139191269        4.2356104220723766E-007
   6.0631304638023984        9.0828395819503292E-008
   6.0725791136856682        8.3613163359841908E-009
   6.0820277635689379        2.8123459766929286E-007
   6.0914764134522086        1.0363934222221016E-006
   6.1009250633354792        2.4257814416769882E-006
   6.1103737132187490        4.6298099026019548E-006
   6.1198223631020197        7.8611975584910217E-006
   6.1292710129852894        1.2369213332641586E-005
   6.1387196628685601        1.8444355829599165E-005
   6.1481683127518307        2.6423506324985903E-005
