00001      0.25               -0.467659562730488 a.u. 
00002      .255               -0.498814685252087 a.u. 
00003      .260               -0.528492337185056 a.u. 
00004      .265               -0.556777856485299 a.u. 
00005      .270               -0.583750378274978 a.u. 
00006      .275               -0.609483385081773 a.u. 
00007      .280               -0.634045199035211 a.u. 
00008      .285               -0.657499423865818 a.u. 
00009      .290               -0.679905341917148 a.u. 
00010      .295               -0.701318271919943 a.u. 
00011      .300               -0.721789891833886 a.u. 
00012      .305               -0.741368530548091 a.u. 
00013      .310               -0.760099432304024 a.u. 
00014      .315               -0.778024996091978 a.u. 
00015      .320               -0.795184993370126 a.u. 
00016      .325               -0.811616766386026 a.u. 
00017      .330               -0.827355408364135 a.u. 
00018      .335               -0.842433927834109 a.u. 
00019      .340               -0.856883399706032 a.u. 
00020      .345               -0.870733102237952 a.u. 
00021      .350               -0.884010642935323 a.u. 
00022      .355               -0.896742074868327 a.u. 
00023      .360               -0.908952001841571 a.u. 
00024      .365               -0.920663676351552 a.u. 
00025      .370               -0.931899089237663 a.u. 
00026      .375               -0.942679052349588 a.u. 
00027      .380               -0.953023274887454 a.u. 
00028      .385               -0.962950434135774 a.u. 
00029      .390               -0.972478240073244 a.u. 
00030      .395               -0.981623495794742 a.u. 
00031      .400               -0.990402153708541 a.u. 
00032      .405               -0.998829366926949 a.u. 
00033      .410               -1.006919537622559 a.u. 
00034      .415               -1.014686361872731 a.u. 
00035      .420               -1.022142870918749 a.u. 
00036      .425               -1.029301470424611 a.u. 
00037      .430               -1.036173975843742 a.u. 
00038      .435               -1.042771646735887 a.u. 
00039      .440               -1.049105217611112 a.u. 
00040      .445               -1.055184927571802 a.u. 
00041      .450               -1.061020547325597 a.u. 
00042      .455               -1.066621404960515 a.u. 
00043      .460               -1.071996410116620 a.u. 
00044      .465               -1.077154075764884 a.u. 
00045      .470               -1.082102539826370 a.u. 
00046      .475               -1.086849584492552 a.u. 
00047      .480               -1.091402654889506 a.u. 
00048      .485               -1.095768876369587 a.u. 
00049      .490               -1.099955070766171 a.u. 
00050      .495               -1.103967771790279 a.u. 
00051      .500               -1.107813239363815 a.u. 
00052      .505               -1.111497473226297 a.u. 
00053      .510               -1.115026225760326 a.u. 
00054      .515               -1.118405013985096 a.u. 
00055      .520               -1.121639130952510 a.u. 
00056      .525               -1.124733656505966 a.u. 
00057      .530               -1.127693467371083 a.u. 
00058      .535               -1.130523246791556 a.u. 
00059      .540               -1.133227493567643 a.u. 
00060      .545               -1.135810530670914 a.u. 
00061      .550               -1.138276513327590 a.u. 
00062      .555               -1.140629436707212 a.u. 
00063      .560               -1.142873143254838 a.u. 
00064      .565               -1.145011329493634 a.u. 
00065      .570               -1.147047552637995 a.u. 
00066      .575               -1.148985236727976 a.u. 
00067      .580               -1.150827678535576 a.u. 
00068      .585               -1.152578053104153 a.u. 
00069      .590               -1.154239419017548 a.u. 
00070      .595               -1.155814723437990 a.u. 
00071      .600               -1.157306806823820 a.u. 
00072      .605               -1.158718407467876 a.u. 
00073      .610               -1.160052165771638 a.u. 
00074      .615               -1.161310628332539 a.u. 
00075      .620               -1.162496251839054 a.u. 
00076      .625               -1.163611406713651 a.u. 
00077      .630               -1.164658380697971 a.u. 
00078      .635               -1.165639382142680 a.u. 
00079      .640               -1.166556543232061 a.u. 
00080      .645               -1.167411923010041 a.u. 
00081      .650               -1.168207510299414 a.u. 
00082      .655               -1.168945226459574 a.u. 
00083      .660               -1.169626928042591 a.u. 
00084      .665               -1.170254409312053 a.u. 
00085      .670               -1.170829404659535 a.u. 
00086      .675               -1.171353590918174 a.u. 
00087      .680               -1.171828589561307 a.u. 
00088      .685               -1.172255968802399 a.u. 
00089      .690               -1.172637245629500 a.u. 
00090      .695               -1.172973887732101 a.u. 
00091      .700               -1.173267315341318 a.u. 
00092      .705               -1.173518903001592 a.u. 
00093      .710               -1.173729981258494 a.u. 
00094      .715               -1.173901838279432 a.u. 
00095      .720               -1.174035721419016 a.u. 
00096      .725               -1.174132838685119 a.u. 
00097      .730               -1.174194360181279 a.u. 
00098      .735               -1.174221419460327 a.u. 
00099      .740               -1.174215114837110 a.u. 
00100      .745               -1.174176510643035 a.u. 
00101      .750               -1.174106638427927 a.u. 
00102      .755               -1.174006498116194 a.u. 
00103      .760               -1.173877059098532 a.u. 
00104      .765               -1.173719261334896 a.u. 
00105      .770               -1.173534016322249 a.u. 
00106      .775               -1.173322208108520 a.u. 
00107      .780               -1.173084694215587 a.u. 
00108      .785               -1.172822306551186 a.u. 
00109      .790               -1.172535852272652 a.u. 
00110      .795               -1.172226114622121 a.u. 
00111      .800               -1.171893853729586 a.u. 
00112      .805               -1.171539807377413 a.u. 
00113      .810               -1.171164691748540 a.u. 
00114      .815               -1.170769202136693 a.u. 
00115      .820               -1.170354013631858 a.u. 
00116      .825               -1.169919781782099 a.u. 
00117      .830               -1.169467143230077 a.u. 
00118      .835               -1.168996716323686 a.u. 
00119      .840               -1.168509101710430 a.u. 
00120      .845               -1.168004882900908 a.u. 
00121      .850               -1.167484626818611 a.u. 
00122      .855               -1.166948884328465 a.u. 
00123      .860               -1.166398190744737 a.u. 
00124      .865               -1.165833066321549 a.u. 
00125      .870               -1.165254016730293 a.u. 
00126      .875               -1.164661533510369 a.u. 
00127      .880               -1.164056094513457 a.u. 
00128      .885               -1.163438164327289 a.u. 
00129      .890               -1.162808194686327 a.u. 
00130      .895               -1.162166624865892 a.u. 
00131      .900               -1.161513882068083 a.u. 
00132      .905               -1.160850381787111 a.u. 
00133      .910               -1.160176528166718 a.u. 
00134      .915               -1.159492714344738 a.u. 
00135      .920               -1.158799322784224 a.u. 
00136      .925               -1.158096725593729 a.u. 
00137      .930               -1.157385284839880 a.u. 
00138      .935               -1.156665352844130 a.u. 
00139      .940               -1.155937272472749 a.u. 
00140      .945               -1.155201377416780 a.u. 
00141      .950               -1.154457992460000 a.u. 
00142      .955               -1.153707433740947 a.u. 
00143      .960               -1.152950009006524 a.u. 
00144      .965               -1.152186017852806 a.u. 
00145      .970               -1.151415751961846 a.u. 
00146      .975               -1.150639495329226 a.u. 
00147      .980               -1.149857524483846 a.u. 
00148      .985               -1.149070108700413 a.u. 
00149      .990               -1.148277510205446 a.u. 
00150      .995               -1.147479984376136 a.u. 
00151      1.000               -1.146677779933317 a.u. 
00152      1.005               -1.145871139127125 a.u. 
00153      1.010               -1.145060297918054 a.u. 
00154      1.015               -1.144245486150448 a.u. 
00155      1.020               -1.143426927723236 a.u. 
00156      1.025               -1.142604840752276 a.u. 
00157      1.030               -1.141779437729918 a.u. 
00158      1.035               -1.140950925678720 a.u. 
00159      1.040               -1.140119506300923 a.u. 
00160      1.045               -1.139285376122538 a.u. 
00161      1.050               -1.138448726634414 a.u. 
00162      1.055               -1.137609744428044 a.u. 
00163      1.060               -1.136768611328174 a.u. 
00164      1.065               -1.135925504520338 a.u. 
00165      1.070               -1.135080596676336 a.u. 
00166      1.075               -1.134234056074503 a.u. 
00167      1.080               -1.133386046716783 a.u. 
00168      1.085               -1.132536728443308 a.u. 
00169      1.090               -1.131686257042322 a.u. 
00170      1.095               -1.130834784358140 a.u. 
00171      1.100               -1.129982458395120 a.u. 
00172      1.105               -1.129129423418934 a.u. 
00173      1.110               -1.128275820053461 a.u. 
00174      1.115               -1.127421785377086 a.u. 
00175      1.120               -1.126567453014614 a.u. 
00176      1.125               -1.125712953226222 a.u. 
00177      1.130               -1.124858412995395 a.u. 
00178      1.135               -1.124003956111763 a.u. 
00179      1.140               -1.123149703253968 a.u. 
00180      1.145               -1.122295772067911 a.u. 
00181      1.150               -1.121442277244223 a.u. 
00182      1.155               -1.120589330592059 a.u. 
00183      1.160               -1.119737041111771 a.u. 
00184      1.165               -1.118885515064751 a.u. 
00185      1.170               -1.118034856041504 a.u. 
00186      1.175               -1.117185165027381 a.u. 
00187      1.180               -1.116336540466284 a.u. 
00188      1.185               -1.115489078323049 a.u. 
00189      1.190               -1.114642872143472 a.u. 
00190      1.195               -1.113798013112740 a.u. 
00191      1.200               -1.112954590112177 a.u. 
00192      1.205               -1.112112689774237 a.u. 
00193      1.210               -1.111272396546779 a.u. 
00194      1.215               -1.110433792702046 a.u. 
00195      1.220               -1.109596958451436 a.u. 
00196      1.225               -1.108761971951266 a.u. 
00197      1.230               -1.107928909361807 a.u. 
00198      1.235               -1.107097844892862 a.u. 
00199      1.240               -1.106268850849295 a.u. 
00200      1.245               -1.105441997674178 a.u. 
00201      1.250               -1.104617353991593 a.u. 
00202      1.255               -1.103794986647666 a.u. 
00203      1.260               -1.102974960751111 a.u. 
00204      1.265               -1.102157339711797 a.u. 
00205      1.270               -1.101342185278678 a.u. 
00206      1.275               -1.100529557577254 a.u. 
00207      1.280               -1.099719515144743 a.u. 
00208      1.285               -1.098912114965199 a.u. 
00209      1.290               -1.098107412503740 a.u. 
00210      1.295               -1.097305461738934 a.u. 
00211      1.300               -1.096506315195371 a.u. 
00212      1.305               -1.095710023962040 a.u. 
00213      1.310               -1.094916637772994 a.u. 
00214      1.315               -1.094126204961408 a.u. 
00215      1.320               -1.093338772538727 a.u. 
00216      1.325               -1.092554386209594 a.u. 
00217      1.330               -1.091773090399285 a.u. 
00218      1.335               -1.090994928279954 a.u. 
00219      1.340               -1.090219941796714 a.u. 
00220      1.345               -1.089448171708008 a.u. 
00221      1.350               -1.088679657546362 a.u. 
00222      1.355               -1.087914437736941 a.u. 
00223      1.360               -1.087152549557798 a.u. 
00224      1.365               -1.086394029177572 a.u. 
00225      1.370               -1.085638911677328 a.u. 
00226      1.375               -1.084887231071759 a.u. 
00227      1.380               -1.084139020329390 a.u. 
00228      1.385               -1.083394311392843 a.u. 
00229      1.390               -1.082653135198344 a.u. 
00230      1.395               -1.081915521694028 a.u. 
00231      1.400               -1.081181499858966 a.u. 
00232      1.405               -1.080451097720881 a.u. 
00233      1.410               -1.079724342373132 a.u. 
00234      1.415               -1.079001259992246 a.u. 
00235      1.420               -1.078281875853848 a.u. 
00236      1.425               -1.077566214348879 a.u. 
00237      1.430               -1.076854298999184 a.u. 
00238      1.435               -1.076146152472800 a.u. 
00239      1.440               -1.075441796598288 a.u. 
00240      1.445               -1.074741252379516 a.u. 
00241      1.450               -1.074044540009499 a.u. 
00242      1.455               -1.073351678883887 a.u. 
00243      1.460               -1.072662687614472 a.u. 
00244      1.465               -1.071977584041913 a.u. 
00245      1.470               -1.071296385248257 a.u. 
00246      1.475               -1.070619107569234 a.u. 
00247      1.480               -1.069945766606356 a.u. 
00248      1.485               -1.069276377238498 a.u. 
00249      1.490               -1.068610953633007 a.u. 
00250      1.495               -1.067949509256923 a.u. 
00251      1.500               -1.067292056887937 a.u. 
00252      1.505               -1.066638608624740 a.u. 
00253      1.510               -1.065989175897246 a.u. 
00254      1.515               -1.065343769476677 a.u. 
00255      1.520               -1.064702399485518 a.u. 
00256      1.525               -1.064065075406921 a.u. 
00257      1.530               -1.063431806093918 a.u. 
00258      1.535               -1.062802599779017 a.u. 
00259      1.540               -1.062177464082796 a.u. 
00260      1.545               -1.061556406022604 a.u. 
00261      1.550               -1.060939432021447 a.u. 
00262      1.555               -1.060326547916065 a.u. 
00263      1.560               -1.059717758965478 a.u. 
00264      1.565               -1.059113069858603 a.u. 
00265      1.570               -1.058512484722564 a.u. 
00266      1.575               -1.057916007130300 a.u. 
00267      1.580               -1.057323640108067 a.u. 
00268      1.585               -1.056735386143049 a.u. 
00269      1.590               -1.056151247190627 a.u. 
00270      1.595               -1.055571224681598 a.u. 
00271      1.600               -1.054995319529375 a.u. 
00272      1.605               -1.054423532136866 a.u. 
00273      1.610               -1.053855862403543 a.u. 
00274      1.615               -1.053292309731815 a.u. 
00275      1.620               -1.052732873034156 a.u. 
00276      1.625               -1.052177550739419 a.u. 
00277      1.630               -1.051626340799445 a.u. 
00278      1.635               -1.051079240695585 a.u. 
00279      1.640               -1.050536247444793 a.u. 
00280      1.645               -1.049997357606183 a.u. 
00281      1.650               -1.049462567286973 a.u. 
00282      1.655               -1.048931872148763 a.u. 
00283      1.660               -1.048405267413604 a.u. 
00284      1.665               -1.047882747869988 a.u. 
00285      1.670               -1.047364307878915 a.u. 
00286      1.675               -1.046849941379627 a.u. 
00287      1.680               -1.046339641895712 a.u. 
00288      1.685               -1.045833402540744 a.u. 
00289      1.690               -1.045331216024267 a.u. 
00290      1.695               -1.044833074657483 a.u. 
00291      1.700               -1.044338970358964 a.u. 
00292      1.705               -1.043848894643420 a.u. 
00293      1.710               -1.043362838692251 a.u. 
00294      1.715               -1.042880793266450 a.u. 
00295      1.720               -1.042402748770885 a.u. 
00296      1.725               -1.041928695246078 a.u. 
00297      1.730               -1.041458622373732 a.u. 
00298      1.735               -1.040992519482250 a.u. 
00299      1.740               -1.040530375552542 a.u. 
00300      1.745               -1.040072179223103 a.u. 
00301      1.750               -1.039617918795891 a.u. 
00302      1.755               -1.039167582241699 a.u. 
00303      1.760               -1.038721157205747 a.u. 
00304      1.765               -1.038278631013010 a.u. 
00305      1.770               -1.037839990673892 a.u. 
00306      1.775               -1.037405222889541 a.u. 
00307      1.780               -1.036974314057347 a.u. 
00308      1.785               -1.036547250276498 a.u. 
00309      1.790               -1.036124017353417 a.u. 
00310      1.795               -1.035704600807036 a.u. 
00311      1.800               -1.035288985874544 a.u. 
00312      1.805               -1.034877157516608 a.u. 
00313      1.810               -1.034469100422824 a.u. 
00314      1.815               -1.034064799017281 a.u. 
00315      1.820               -1.033664237463881 a.u. 
00316      1.825               -1.033267399671851 a.u. 
00317      1.830               -1.032874269301200 a.u. 
00318      1.835               -1.032484829767963 a.u. 
00319      1.840               -1.032099064249765 a.u. 
00320      1.845               -1.031716955691230 a.u. 
00321      1.850               -1.031338486809349 a.u. 
00322      1.855               -1.030963640098915 a.u. 
00323      1.860               -1.030592397837919 a.u. 
00324      1.865               -1.030224742092907 a.u. 
00325      1.870               -1.029860654724303 a.u. 
00326      1.875               -1.029500117391968 a.u. 
00327      1.880               -1.029143111560391 a.u. 
00328      1.885               -1.028789618504137 a.u. 
00329      1.890               -1.028439619313179 a.u. 
00330      1.895               -1.028093094898101 a.u. 
00331      1.900               -1.027750025995480 a.u. 
00332      1.905               -1.027410393173370 a.u. 
00333      1.910               -1.027074176836362 a.u. 
00334      1.915               -1.026741357230939 a.u. 
00335      1.920               -1.026411914450627 a.u. 
00336      1.925               -1.026085828441428 a.u. 
00337      1.930               -1.025763079006854 a.u. 
00338      1.935               -1.025443645813210 a.u. 
00339      1.940               -1.025127508394637 a.u. 
00340      1.945               -1.024814646158495 a.u. 
00341      1.950               -1.024505038390187 a.u. 
00342      1.955               -1.024198664258491 a.u. 
00343      1.960               -1.023895502820492 a.u. 
00344      1.965               -1.023595533026568 a.u. 
00345      1.970               -1.023298733725565 a.u. 
00346      1.975               -1.023005083690615 a.u. 
00347      1.980               -1.022714561529979 a.u. 
00348      1.985               -1.022427145848368 a.u. 
00349      1.990               -1.022142815150575 a.u. 
00350      1.995               -1.021861547838741 a.u. 
00351      2.000               -1.021583322255089 a.u. 
00352      2.005               -1.021308116674677 a.u. 
00353      2.010               -1.021035909309562 a.u. 
00354      2.015               -1.020766678313896 a.u. 
00355      2.020               -1.020500401788169 a.u. 
00356      2.025               -1.020237057783981 a.u. 
00357      2.030               -1.019976624308633 a.u. 
00358      2.035               -1.019719079329602 a.u. 
00359      2.040               -1.019464400778935 a.u. 
00360      2.045               -1.019212566557683 a.u. 
00361      2.050               -1.018963554540371 a.u. 
00362      2.055               -1.018717342579159 a.u. 
00363      2.060               -1.018473908508259 a.u. 
00364      2.065               -1.018233230147978 a.u. 
00365      2.070               -1.017995285309014 a.u. 
00366      2.075               -1.017760051796528 a.u. 
00367      2.080               -1.017527507414122 a.u. 
00368      2.085               -1.017297629968039 a.u. 
00369      2.090               -1.017070397270788 a.u. 
00370      2.095               -1.016845787145339 a.u. 
00371      2.100               -1.016623777428779 a.u. 
00372      2.105               -1.016404345976132 a.u. 
00373      2.110               -1.016187470664175 a.u. 
00374      2.115               -1.015973129394842 a.u. 
00375      2.120               -1.015761300099111 a.u. 
00376      2.125               -1.015551960740378 a.u. 
00377      2.130               -1.015345089317885 a.u. 
00378      2.135               -1.015140663870432 a.u. 
00379      2.140               -1.014938662479349 a.u. 
00380      2.145               -1.014739063272088 a.u. 
00381      2.150               -1.014541844425312 a.u. 
00382      2.155               -1.014346984168137 a.u. 
00383      2.160               -1.014154460785171 a.u. 
00384      2.165               -1.013964252619700 a.u. 
00385      2.170               -1.013776338076572 a.u. 
00386      2.175               -1.013590695625055 a.u. 
00387      2.180               -1.013407303801970 a.u. 
00388      2.185               -1.013226141214101 a.u. 
00389      2.190               -1.013047186541379 a.u. 
00390      2.195               -1.012870418539231 a.u. 
00391      2.200               -1.012695816041183 a.u. 
00392      2.205               -1.012523357961711 a.u. 
00393      2.210               -1.012353023298506 a.u. 
00394      2.215               -1.012184791134893 a.u. 
00395      2.220               -1.012018640642235 a.u. 
00396      2.225               -1.011854551082266 a.u. 
00397      2.230               -1.011692501809366 a.u. 
00398      2.235               -1.011532472272572 a.u. 
00399      2.240               -1.011374442017940 a.u. 
00400      2.245               -1.011218390690358 a.u. 
00401      2.250               -1.011064298035727 a.u. 
00402      2.255               -1.010912143902749 a.u. 
00403      2.260               -1.010761908245013 a.u. 
00404      2.265               -1.010613571122485 a.u. 
00405      2.270               -1.010467112703646 a.u. 
00406      2.275               -1.010322513266819 a.u. 
00407      2.280               -1.010179753202128 a.u. 
00408      2.285               -1.010038813012813 a.u. 
00409      2.290               -1.009899673316980 a.u. 
00410      2.295               -1.009762314848841 a.u. 
00411      2.300               -1.009626718460376 a.u. 
00412      2.305               -1.009492865122438 a.u. 
00413      2.310               -1.009360735926187 a.u. 
00414      2.315               -1.009230312084328 a.u. 
00415      2.320               -1.009101574932280 a.u. 
00416      2.325               -1.008974505929269 a.u. 
00417      2.330               -1.008849086659474 a.u. 
00418      2.335               -1.008725298833021 a.u. 
00419      2.340               -1.008603124286928 a.u. 
00420      2.345               -1.008482544986177 a.u. 
00421      2.350               -1.008363543024296 a.u. 
00422      2.355               -1.008246100624462 a.u. 
00423      2.360               -1.008130200140348 a.u. 
00424      2.365               -1.008015824056369 a.u. 
00425      2.370               -1.007902954988874 a.u. 
00426      2.375               -1.007791575686541 a.u. 
00427      2.380               -1.007681669030968 a.u. 
00428      2.385               -1.007573218037286 a.u. 
00429      2.390               -1.007466205854602 a.u. 
00430      2.395               -1.007360615766420 a.u. 
00431      2.400               -1.007256431191178 a.u. 
00432      2.405               -1.007153635682487 a.u. 
00433      2.410               -1.007052212929490 a.u. 
00434      2.415               -1.006952146757115 a.u. 
00435      2.420               -1.006853421126463 a.u. 
00436      2.425               -1.006756020134854 a.u. 
00437      2.430               -1.006659928015929 a.u. 
00438      2.435               -1.006565129140054 a.u. 
00439      2.440               -1.006471608014171 a.u. 
00440      2.445               -1.006379349281934 a.u. 
00441      2.450               -1.006288337723734 a.u. 
00442      2.455               -1.006198558256664 a.u. 
00443      2.460               -1.006109995934436 a.u. 
00444      2.465               -1.006022635947364 a.u. 
00445      2.470               -1.005936463622262 a.u. 
00446      2.475               -1.005851464422188 a.u. 
00447      2.480               -1.005767623946352 a.u. 
00448      2.485               -1.005684927929868 a.u. 
00449      2.490               -1.005603362243566 a.u. 
00450      2.495               -1.005522912893652 a.u. 
00451      2.500               -1.005443566021453 a.u. 
00452      2.505               -1.005365307903052 a.u. 
00453      2.510               -1.005288124948802 a.u. 
00454      2.515               -1.005212003703086 a.u. 
00455      2.520               -1.005136930843795 a.u. 
00456      2.525               -1.005062893181971 a.u. 
00457      2.530               -1.004989877661346 a.u. 
00458      2.535               -1.004917871357820 a.u. 
00459      2.540               -1.004846861449429 a.u. 
00460      2.545               -1.004776835338020 a.u. 
00461      2.550               -1.004707780463755 a.u. 
00462      2.555               -1.004639684427305 a.u. 
00463      2.560               -1.004572534958967 a.u. 
00464      2.565               -1.004506319917966 a.u. 
00465      2.570               -1.004441027292060 a.u. 
00466      2.575               -1.004376645204955 a.u. 
00467      2.580               -1.004313161881180 a.u. 
00468      2.585               -1.004250565700163 a.u. 
00469      2.590               -1.004188845156822 a.u. 
00470      2.595               -1.004127988871094 a.u. 
00471      2.600               -1.004067985587407 a.u. 
00472      2.605               -1.004008824173725 a.u. 
00473      2.610               -1.003950493621136 a.u. 
00474      2.615               -1.003892983042783 a.u. 
00475      2.620               -1.003836281673292 a.u. 
00476      2.625               -1.003780378867885 a.u. 
00477      2.630               -1.003725264101806 a.u. 
00478      2.635               -1.003670926969158 a.u. 
00479      2.640               -1.003617357182405 a.u. 
00480      2.645               -1.003564544571474 a.u. 
00481      2.650               -1.003512479082945 a.u. 
00482      2.655               -1.003461150779232 a.u. 
00483      2.660               -1.003410549837685 a.u. 
00484      2.665               -1.003360666549694 a.u. 
00485      2.670               -1.003311491320010 a.u. 
00486      2.675               -1.003263014665714 a.u. 
00487      2.680               -1.003215227215250 a.u. 
00488      2.685               -1.003168119707898 a.u. 
00489      2.690               -1.003121682992564 a.u. 
00490      2.695               -1.003075908026990 a.u. 
00491      2.700               -1.003030785877065 a.u. 
00492      2.705               -1.002986307715664 a.u. 
00493      2.710               -1.002942464821799 a.u. 
00494      2.715               -1.002899248579922 a.u. 
00495      2.720               -1.002856650478692 a.u. 
00496      2.725               -1.002814662110347 a.u. 
00497      2.730               -1.002773275169774 a.u. 
00498      2.735               -1.002732481453325 a.u. 
00499      2.740               -1.002692272858191 a.u. 
00500      2.745               -1.002652641381346 a.u. 
00501      2.750               -1.002613579118745 a.u. 
00502      2.755               -1.002575078264295 a.u. 
00503      2.760               -1.002537131108926 a.u. 
00504      2.765               -1.002499730039797 a.u. 
00505      2.770               -1.002462867539258 a.u. 
00506      2.775               -1.002426536183987 a.u. 
00507      2.780               -1.002390728644086 a.u. 
00508      2.785               -1.002355437682169 a.u. 
00509      2.790               -1.002320656152386 a.u. 
00510      2.795               -1.002286376999530 a.u. 
00511      2.800               -1.002252593258269 a.u. 
00512      2.805               -1.002219298052004 a.u. 
00513      2.810               -1.002186484592071 a.u. 
00514      2.815               -1.002154146176927 a.u. 
00515      2.820               -1.002122276191109 a.u. 
00516      2.825               -1.002090868104349 a.u. 
00517      2.830               -1.002059915470786 a.u. 
00518      2.835               -1.002029411928003 a.u. 
00519      2.840               -1.001999351196091 a.u. 
00520      2.845               -1.001969727076891 a.u. 
00521      2.850               -1.001940533452921 a.u. 
00522      2.855               -1.001911764286701 a.u. 
00523      2.860               -1.001883413619786 a.u. 
00524      2.865               -1.001855475571852 a.u. 
00525      2.870               -1.001827944339858 a.u. 
00526      2.875               -1.001800814197352 a.u. 
00527      2.880               -1.001774079493258 a.u. 
00528      2.885               -1.001747734651394 a.u. 
00529      2.890               -1.001721774169426 a.u. 
00530      2.895               -1.001696192617969 a.u. 
00531      2.900               -1.001670984640014 a.u. 
00532      2.905               -1.001646144949785 a.u. 
00533      2.910               -1.001621668332140 a.u. 
00534      2.915               -1.001597549641661 a.u. 
00535      2.920               -1.001573783801835 a.u. 
00536      2.925               -1.001550365804249 a.u. 
00537      2.930               -1.001527290707790 a.u. 
00538      2.935               -1.001504553637900 a.u. 
00539      2.940               -1.001482149785663 a.u. 
00540      2.945               -1.001460074407117 a.u. 
00541      2.950               -1.001438322822531 a.u. 
00542      2.955               -1.001416890415469 a.u. 
00543      2.960               -1.001395772632073 a.u. 
00544      2.965               -1.001374964980425 a.u. 
00545      2.970               -1.001354463029695 a.u. 
00546      2.975               -1.001334262409223 a.u. 
00547      2.980               -1.001314358808285 a.u. 
00548      2.985               -1.001294747974703 a.u. 
00549      2.990               -1.001275425714622 a.u. 
00550      2.995               -1.001256387891537 a.u. 
00551      3.000               -1.001237630425597 a.u. 
00552      3.005               -1.001219149293072 a.u. 
00553      3.010               -1.001200940525478 a.u. 
00554      3.015               -1.001183000208810 a.u. 
00555      3.020               -1.001165324483081 a.u. 
00556      3.025               -1.001147909541548 a.u. 
00557      3.030               -1.001130751629791 a.u. 
00558      3.035               -1.001113847045590 a.u. 
00559      3.040               -1.001097192137205 a.u. 
00560      3.045               -1.001080783304405 a.u. 
00561      3.050               -1.001064616996418 a.u. 
00562      3.055               -1.001048689711765 a.u. 
00563      3.060               -1.001032997997647 a.u. 
00564      3.065               -1.001017538449002 a.u. 
00565      3.070               -1.001002307708466 a.u. 
00566      3.075               -1.000987302465235 a.u. 
00567      3.080               -1.000972519454704 a.u. 
00568      3.085               -1.000957955457758 a.u. 
00569      3.090               -1.000943607300228 a.u. 
00570      3.095               -1.000929471852388 a.u. 
00571      3.100               -1.000915546028117 a.u. 
00572      3.105               -1.000901826784677 a.u. 
00573      3.110               -1.000888311121732 a.u. 
00574      3.115               -1.000874996081169 a.u. 
00575      3.120               -1.000861878746263 a.u. 
00576      3.125               -1.000848956241360 a.u. 
00577      3.130               -1.000836225730958 a.u. 
00578      3.135               -1.000823684419692 a.u. 
00579      3.140               -1.000811329551343 a.u. 
00580      3.145               -1.000799158408545 a.u. 
00581      3.150               -1.000787168312202 a.u. 
00582      3.155               -1.000775356621006 a.u. 
00583      3.160               -1.000763720730885 a.u. 
00584      3.165               -1.000752258074605 a.u. 
00585      3.170               -1.000740966121047 a.u. 
00586      3.175               -1.000729842375030 a.u. 
00587      3.180               -1.000718884376564 a.u. 
00588      3.185               -1.000708089700457 a.u. 
00589      3.190               -1.000697455956018 a.u. 
00590      3.195               -1.000686980786265 a.u. 
00591      3.200               -1.000676661867667 a.u. 
00592      3.205               -1.000666496909743 a.u. 
00593      3.210               -1.000656483654411 a.u. 
00594      3.215               -1.000646619875735 a.u. 
00595      3.220               -1.000636903379365 a.u. 
00596      3.225               -1.000627332002188 a.u. 
00597      3.230               -1.000617903611834 a.u. 
00598      3.235               -1.000608616106334 a.u. 
00599      3.240               -1.000599467413593 a.u. 
00600      3.245               -1.000590455491183 a.u. 
00601      3.250               -1.000581578325593 a.u. 
00602      3.255               -1.000572833932259 a.u. 
00603      3.260               -1.000564220354795 a.u. 
00604      3.265               -1.000555735670639 a.u. 
00605      3.270               -1.000547377967155 a.u. 
00606      3.275               -1.000539145376824 a.u. 
00607      3.280               -1.000531036052753 a.u. 
00608      3.285               -1.000523048174608 a.u. 
00609      3.290               -1.000515179942648 a.u. 
00610      3.295               -1.000507429598748 a.u. 
00611      3.300               -1.000499795394372 a.u. 
00612      3.305               -1.000492275611238 a.u. 
00613      3.310               -1.000484868538306 a.u. 
00614      3.315               -1.000477572542335 a.u. 
00615      3.320               -1.000470385959283 a.u. 
00616      3.325               -1.000463307167455 a.u. 
00617      3.330               -1.000456334583080 a.u. 
00618      3.335               -1.000449466601706 a.u. 
00619      3.340               -1.000442701685614 a.u. 
00620      3.345               -1.000436038304654 a.u. 
00621      3.350               -1.000429474950516 a.u. 
00622      3.355               -1.000423010136874 a.u. 
00623      3.360               -1.000416642398726 a.u. 
00624      3.365               -1.000410370292262 a.u. 
00625      3.370               -1.000404192394509 a.u. 
00626      3.375               -1.000398107303097 a.u. 
00627      3.380               -1.000392113635974 a.u. 
00628      3.385               -1.000386210030997 a.u. 
00629      3.390               -1.000380395145731 a.u. 
00630      3.395               -1.000374667657419 a.u. 
00631      3.400               -1.000369026267677 a.u. 
00632      3.405               -1.000363469677473 a.u. 
00633      3.410               -1.000357996635388 a.u. 
00634      3.415               -1.000352605876921 a.u. 
00635      3.420               -1.000347296195993 a.u. 
00636      3.425               -1.000342066362934 a.u. 
00637      3.430               -1.000336915188651 a.u. 
00638      3.435               -1.000331841496231 a.u. 
00639      3.440               -1.000326844126011 a.u. 
00640      3.445               -1.000321921935127 a.u. 
00641      3.450               -1.000317073797484 a.u. 
00642      3.455               -1.000312298603559 a.u. 
00643      3.460               -1.000307595255546 a.u. 
00644      3.465               -1.000302962686264 a.u. 
00645      3.470               -1.000298399827896 a.u. 
00646      3.475               -1.000293905634263 a.u. 
00647      3.480               -1.000289479074236 a.u. 
00648      3.485               -1.000285119131940 a.u. 
00649      3.490               -1.000280824806305 a.u. 
00650      3.495               -1.000276595110809 a.u. 
00651      3.500               -1.000272429073432 a.u. 
00652      3.505               -1.000268325736466 a.u. 
00653      3.510               -1.000264284165402 a.u. 
00654      3.515               -1.000260303416745 a.u. 
00655      3.520               -1.000256382580535 a.u. 
00656      3.525               -1.000252520754734 a.u. 
00657      3.530               -1.000248717049985 a.u. 
00658      3.535               -1.000244970589695 a.u. 
00659      3.540               -1.000241280510468 a.u. 
00660      3.545               -1.000237645961726 a.u. 
00661      3.550               -1.000234066105560 a.u. 
00662      3.555               -1.000230540116581 a.u. 
00663      3.560               -1.000227067181532 a.u. 
00664      3.565               -1.000223646498886 a.u. 
00665      3.570               -1.000220277278555 a.u. 
00666      3.575               -1.000216958742766 a.u. 
00667      3.580               -1.000213690126353 a.u. 
00668      3.585               -1.000210470674639 a.u. 
00669      3.590               -1.000207299643325 a.u. 
00670      3.595               -1.000204176299390 a.u. 
00671      3.600               -1.000201099920799 a.u. 
00672      3.605               -1.000198069796317 a.u. 
00673      3.610               -1.000195085225310 a.u. 
00674      3.615               -1.000192145517624 a.u. 
00675      3.620               -1.000189249993431 a.u. 
00676      3.625               -1.000186397982843 a.u. 
00677      3.630               -1.000183588826064 a.u. 
00678      3.635               -1.000180821873105 a.u. 
00679      3.640               -1.000178096483718 a.u. 
00680      3.645               -1.000175412027024 a.u. 
00681      3.650               -1.000172767881775 a.u. 
00682      3.655               -1.000170163435863 a.u. 
00683      3.660               -1.000167598086384 a.u. 
00684      3.665               -1.000165071239435 a.u. 
00685      3.670               -1.000162582309887 a.u. 
00686      3.675               -1.000160130721593 a.u. 
00687      3.680               -1.000157715906756 a.u. 
00688      3.685               -1.000155337306284 a.u. 
00689      3.690               -1.000152994369469 a.u. 
00690      3.695               -1.000150686553637 a.u. 
00691      3.700               -1.000148413324614 a.u. 
00692      3.705               -1.000146174156009 a.u. 
00693      3.710               -1.000143968529283 a.u. 
00694      3.715               -1.000141795933945 a.u. 
00695      3.720               -1.000139655867119 a.u. 
00696      3.725               -1.000137547833436 a.u. 
00697      3.730               -1.000135471344981 a.u. 
00698      3.735               -1.000133425921427 a.u. 
00699      3.740               -1.000131411089239 a.u. 
00700      3.745               -1.000129426382408 a.u. 
00701      3.750               -1.000127471341623 a.u. 
00702      3.755               -1.000125545514618 a.u. 
00703      3.760               -1.000123648455968 a.u. 
00704      3.765               -1.000121779726901 a.u. 
00705      3.770               -1.000119938895223 a.u. 
00706      3.775               -1.000118125535516 a.u. 
00707      3.780               -1.000116339228565 a.u. 
00708      3.785               -1.000114579561600 a.u. 
00709      3.790               -1.000112846128051 a.u. 
00710      3.795               -1.000111138527635 a.u. 
00711      3.800               -1.000109456366041 a.u. 
00712      3.805               -1.000107799254928 a.u. 
00713      3.810               -1.000106166811904 a.u. 
00714      3.815               -1.000104558660416 a.u. 
00715      3.820               -1.000102974429506 a.u. 
00716      3.825               -1.000101413754023 a.u. 
00717      3.830               -1.000099876274163 a.u. 
00718      3.835               -1.000098361635752 a.u. 
00719      3.840               -1.000096869489996 a.u. 
00720      3.845               -1.000095399493329 a.u. 
00721      3.850               -1.000093951307465 a.u. 
00722      3.855               -1.000092524599289 a.u. 
00723      3.860               -1.000091119040813 a.u. 
00724      3.865               -1.000089734308887 a.u. 
00725      3.870               -1.000088370085433 a.u. 
00726      3.875               -1.000087026057139 a.u. 
00727      3.880               -1.000085701915602 a.u. 
00728      3.885               -1.000084397356909 a.u. 
00729      3.890               -1.000083112082037 a.u. 
00730      3.895               -1.000081845796246 a.u. 
00731      3.900               -1.000080598209578 a.u. 
00732      3.905               -1.000079369036414 a.u. 
00733      3.910               -1.000078157995377 a.u. 
00734      3.915               -1.000076964809579 a.u. 
00735      3.920               -1.000075789206267 a.u. 
00736      3.925               -1.000074630916884 a.u. 
00737      3.930               -1.000073489677042 a.u. 
00738      3.935               -1.000072365226318 a.u. 
00739      3.940               -1.000071257308396 a.u. 
00740      3.945               -1.000070165670732 a.u. 
00741      3.950               -1.000069090064809 a.u. 
00742      3.955               -1.000068030245939 a.u. 
00743      3.960               -1.000066985972954 a.u. 
00744      3.965               -1.000065957008619 a.u. 
00745      3.970               -1.000064943119318 a.u. 
00746      3.975               -1.000063944074877 a.u. 
00747      3.980               -1.000062959648951 a.u. 
00748      3.985               -1.000061989618333 a.u. 
00749      3.990               -1.000061033763357 a.u. 
00750      3.995               -1.000060091867900 a.u. 
