  0.47243249416351318       -6.4458685850804207E-002
  0.47950953292608256       -5.9168594796766220E-002
  0.48658657168865194       -5.6294196907740027E-002
  0.49366361045122131       -5.5634859561346860E-002
  0.50074064921379069       -5.6887416841792618E-002
  0.50781768797636007       -5.9655163358438831E-002
  0.51489472673892944       -6.3461044229578184E-002
  0.52197176550149882       -6.7764639949840541E-002
  0.52904880426406820       -7.1982333545115559E-002
  0.53612584302663757       -7.5509858023133758E-002
  0.54320288178920695       -7.7746267633274219E-002
  0.55027992055177632       -7.8118268028315202E-002
  0.55735695931434570       -7.6103786523049027E-002
  0.56443399807691508       -7.1253669289181948E-002
  0.57151103683948445       -6.3210458667649363E-002
  0.57858807560205383       -5.1723327987729113E-002
  0.58566511436462321       -3.6658426743195999E-002
  0.59274215312719258       -1.8004105796534112E-002
  0.59981919188976196        4.1292619510176461E-003
  0.60689623065233134        2.9514889271671566E-002
  0.61397326941490071        5.7820373448151087E-002
  0.62105030817747009        8.8623201572745600E-002
  0.62812734694003947       0.12143025663985182     
  0.63520438570260884       0.15570043471298045     
  0.64228142446517822       0.19086934423817789     
  0.64935846322774760       0.22637496916031960     
  0.65643550199031697       0.26168313988739039     
  0.66351254075288635       0.29631166963399536     
  0.67058957951545572       0.32985207524000398     
  0.67766661827802510       0.36198790639061862     
  0.68474365704059448       0.39250884921259310     
  0.69182069580316385       0.42131994273305634     
  0.69889773456573323       0.44844544263737623     
  0.70597477332830261       0.47402707916141751     
  0.71305181209087198       0.49831667800511326     
  0.72012885085344136       0.52166333827327260     
  0.72720588961601074       0.54449558317179514     
  0.73428292837858011       0.56729911102215724     
  0.74135996714114949       0.59059096944210654     
  0.74843700590371887       0.61489114736222261     
  0.75551404466628824       0.64069272077885386     
  0.76259108342885762       0.66843179163364697     
  0.76966812219142700       0.69845851814171944     
  0.77674516095399637       0.73101054328779724     
  0.78382219971656575       0.76619008154699275     
  0.79089923847913512       0.80394581974291845     
  0.79797627724170450       0.84406062662076098     
  0.80505331600427388       0.88614585066584650     
  0.81213035476684325       0.92964272386875435     
  0.81920739352941263       0.97383109088804332     
  0.82628443229198201        1.0178453618475671     
  0.83336147105455138        1.0606972587173540     
  0.84043850981712076        1.1013046072385917     
  0.84751554857969014        1.1385251363503823     
  0.85459258734225951        1.1711940017665050     
  0.86166962610482889        1.1981635641751163     
  0.86874666486739827        1.2183438365048576     
  0.87582370362996764        1.2307419754912863     
  0.88290074239253702        1.2344992321620285     
  0.88997778115510640        1.2289238905695929     
  0.89705481991767577        1.2135189061214333     
  0.90413185868024515        1.1880031921358856     
  0.91120889744281464        1.1523257807620990     
  0.91828593620538412        1.1066723854358620     
  0.92536297496795350        1.0514641996217746     
  0.93244001373052288       0.98734906482386042     
  0.93951705249309236       0.91518541610576254     
  0.94659409125566185       0.83601965516122612     
  0.95367113001823123       0.75105780245142262     
  0.96074816878080060       0.66163243789174464     
  0.96782520754337009       0.56916605416168420     
  0.97490224630593958       0.47513202067221300     
  0.98197928506850896       0.38101439395869291     
  0.98905632383107833       0.28826781677118862     
  0.99613336259364782       0.19827872797999552     
   1.0032104013562173       0.11232906191217641     
   1.0102874401187867        3.1563550400911841E-002
   1.0173644788813561       -4.3038346761795486E-002
   1.0244415176439254      -0.11068496922967890     
   1.0315185564064950      -0.17078866706752283     
   1.0385955951690644      -0.22297509112705330     
   1.0456726339316338      -0.26708516170241725     
   1.0527496726942034      -0.30316955021645453     
   1.0598267114567728      -0.33147577426340646     
   1.0669037502193421      -0.35242829460094649     
   1.0739807889819115      -0.36660230259126170     
   1.0810578277444809      -0.37469218332498178     
   1.0881348665070505      -0.37747591548447407     
   1.0952119052696199      -0.37577690456909163     
   1.1022889440321892      -0.37042492215532885     
   1.1093659827947588      -0.36221792312468659     
   1.1164430215573282      -0.35188652187071440     
   1.1235200603198976      -0.34006281957244811     
   1.1305970990824670      -0.32725508670689024     
   1.1376741378450363      -0.31382952459274854     
   1.1447511766076059      -0.29999997092699737     
   1.1518282153701753      -0.28582599774580264     
   1.1589052541327447      -0.27121940204734318     
   1.1659822928953143      -0.25595863875283587     
   1.1730593316578837      -0.23971032289977340     
   1.1801363704204531      -0.22205656138950891     
   1.1872134091830224      -0.20252658850510685     
   1.1942904479455918      -0.18063099174742883     
   1.2013674867081614      -0.15589673546374580     
   1.2084445254707308      -0.12790122080195049     
   1.2155215642333002       -9.6303754650065784E-002
   1.2225986029958698       -6.0873022576946767E-002
   1.2296756417584391       -2.1509450317698482E-002
   1.2367526805210085        2.1738330118443634E-002
   1.2438297192835779        6.8663346923093199E-002
   1.2509067580461473       0.11889658881093912     
   1.2579837968087169       0.17190953804462011     
   1.2650608355712862       0.22702248378118831     
   1.2721378743338556       0.28341797452145717     
   1.2792149130964252       0.34015864624736697     
   1.2862919518589946       0.39620860473173414     
   1.2933689906215640       0.45045753807103250     
   1.3004460293841333       0.50174677590265659     
   1.3075230681467027       0.54889657968456151     
   1.3146001069092723       0.59073402801894170     
   1.3216771456718417       0.62612093794971035     
   1.3287541844344111       0.65398132623696736     
   1.3358312231969807       0.67332795687681490     
   1.3429082619595500       0.68328754050119922     
   1.3499853007221194       0.68312415042370522     
   1.3570623394846888       0.67226040571532586     
   1.3641393782472582       0.65029595338455970     
   1.3712164170098278       0.61702277042248144     
   1.3782934557723971       0.57243681276641112     
   1.3853704945349665       0.51674557086672834     
   1.3924475332975359       0.45037115608130135     
   1.3995245720601055       0.37394864013964396     
   1.4066016108226749       0.28831949867837409     
   1.4136786495852443       0.19452016257349167     
   1.4207556883478136        9.3765847450376416E-002
   1.4278327271103830       -1.2569999751510776E-002
   1.4349097658729526      -0.12298014064364826     
   1.4419868046355220      -0.23585124017911169     
   1.4490638433980914      -0.34949408203272669     
   1.4561408821606607      -0.46217550570597593     
   1.4632179209232303      -0.57215124242217019     
   1.4702949596857997      -0.67769884131469038     
   1.4773719984483691      -0.77714992470537381     
   1.4844490372109385      -0.86892108294675263     
   1.4915260759735081      -0.95154280528135482     
   1.4986031147360774       -1.0236859331705368     
   1.5056801534986468       -1.0841852074753429     
   1.5127571922612162       -1.1320595540449805     
   1.5198342310237858       -1.1665288102556755     
   1.5269112697863552       -1.1870266380651469     
   1.5339883085489245       -1.1932094009471792     
   1.5410653473114939       -1.1849608092719957     
   1.5481423860740633       -1.1623921697420048     
   1.5552194248366329       -1.1258381182765178     
   1.5622964635992023       -1.0758477801384831     
   1.5693735023617716       -1.0131713915645022     
   1.5764505411243412      -0.93874253559138388     
   1.5835275798869106      -0.85365628879356237     
   1.5906046186494800      -0.75914373843146910     
   1.5976816574120494      -0.65654350018537710     
   1.6047586961746187      -0.54727103123272458     
   1.6118357349371883      -0.43278667624139289     
   1.6189127736997577      -0.31456348922846816     
   1.6259898124623271      -0.19405592833310614     
   1.6330668512248967       -7.2670513076788693E-002
   1.6401438899874661        4.8260540708299528E-002
   1.6472209287500355       0.16750183387296316     
   1.6542979675126048       0.28393277086028779     
   1.6613750062751742       0.39656059394136683     
   1.6684520450377438       0.50452831510357599     
   1.6755290838003132       0.60711768144344058     
   1.6826061225628826       0.70374758171752105     
   1.6896831613254522       0.79396853812081492     
   1.6967602000880215       0.87745410950455327     
   1.7038372388505909       0.95399014584966391     
   1.7109142776131603        1.0234628706485855     
   1.7179913163757297        1.0858467265384129     
   1.7250683551382993        1.1411928056870058     
   1.7321453939008686        1.1896185121173553     
   1.7392224326634380        1.2312988856792633     
   1.7462994714260076        1.2664597776259576     
   1.7533765101885770        1.2953728281604993     
   1.7604535489511464        1.3183519787244511     
   1.7675305877137157        1.3357510754148942     
   1.7746076264762851        1.3479619995590220     
   1.7816846652388547        1.3554127063135555     
   1.7887617040014241        1.3585645650019402     
   1.7958387427639935        1.3579084721585848     
   1.8029157815265631        1.3539593404715229     
   1.8099928202891324        1.3472487398178152     
   1.8170698590517018        1.3383156629638777     
   1.8241468978142712        1.3276955893936746     
   1.8312239365768406        1.3159082076392745     
   1.8383009753394102        1.3034443129986928     
   1.8453780141019795        1.2907525106997411     
   1.8524550528645489        1.2782264159609789     
   1.8595320916271185        1.2661930485747994     
   1.8666091303896879        1.2549030721716441     
   1.8736861691522573        1.2445234333408270     
   1.8807632079148267        1.2351328230768970     
   1.8878402466773960        1.2267202248992035     
   1.8949172854399656        1.2191866439694079     
   1.9019943242025350        1.2123499430081908     
   1.9090713629651044        1.2059525558834849     
   1.9161484017276738        1.1996717182391259     
   1.9232254404902431        1.1931317533707300     
   1.9303024792528125        1.1859178844352787     
   1.9373795180153819        1.1775910115309134     
   1.9444565567779513        1.1677028919117745     
   1.9515335955405206        1.1558111890877272     
   1.9586106343030900        1.1414939057898208     
   1.9656876730656594        1.1243627800596474     
   1.9727647118282288        1.1040752964149920     
   1.9798417505907981        1.0803450392447242     
   1.9869187893533675        1.0529501885715904     
   1.9939958281159369        1.0217400258290350     
   2.0010728668785065       0.98663937757553499     
   2.0081499056410754       0.94765097774172902     
   2.0152269444036452       0.90485577478374457     
   2.0223039831662142       0.85841125041528366     
   2.0293810219287840       0.80854785310517374     
   2.0364580606913529       0.75556368382795469     
   2.0435350994539228       0.69981760476049748     
   2.0506121382164917       0.64172097416789742     
   2.0576891769790615       0.58172824228079978     
   2.0647662157416304       0.52032667245170716     
   2.0718432545042003       0.45802547760381274     
   2.0789202932667692       0.39534468189213645     
   2.0859973320293390       0.33280402942700082     
   2.0930743707919079       0.27091226390290735     
   2.1001514095544778       0.21015709353002127     
   2.1072284483170467       0.15099613394827127     
   2.1143054870796165        9.3849087784799709E-002
   2.1213825258421855        3.9091374011033866E-002
   2.1284595646047553       -1.2950635108493775E-002
   2.1355366033673242       -6.2002674586498836E-002
   2.1426136421298940      -0.10784391750843972     
   2.1496906808924630      -0.15030661787545424     
   2.1567677196550328      -0.18927417467257088     
   2.1638447584176017      -0.22467778874376423     
   2.1709217971801715      -0.25649193858216746     
   2.1779988359427405      -0.28472894527395060     
   2.1850758747053103      -0.30943292855258947     
   2.1921529134678792      -0.33067347377755141     
   2.1992299522304490      -0.34853933279628568     
   2.2063069909930180      -0.36313246983624664     
   2.2133840297555878      -0.37456273716263833     
   2.2204610685181567      -0.38294342517884294     
   2.2275381072807265      -0.38838787946973263     
   2.2346151460432955      -0.39100731508390940     
   2.2416921848058653      -0.39090988874191035     
   2.2487692235684342      -0.38820101575195559     
   2.2558462623310040      -0.38298484373255043     
   2.2629233010935730      -0.37536672360189427     
   2.2700003398561428      -0.36545645366396823     
   2.2770773786187117      -0.35337201891688558     
   2.2841544173812816      -0.33924350856331076     
   2.2912314561438505      -0.32321687320618442     
   2.2983084949064203      -0.30545718165025076     
   2.3053855336689892      -0.28615105683416281     
   2.3124625724315591      -0.26550801117063655     
   2.3195396111941280      -0.24376046207391106     
   2.3266166499566978      -0.22116228588915915     
   2.3336936887192667      -0.19798585865058424     
   2.3407707274818366      -0.17451762977567056     
   2.3478477662444055      -0.15105237379578362     
   2.3549248050069753      -0.12788635892037004     
   2.3620018437695443      -0.10530975304142758     
   2.3690788825321141       -8.3598651629706186E-002
   2.3761559212946830       -6.3007152783019979E-002
   2.3832329600572528       -4.3759918832500265E-002
   2.3903099988198218       -2.6045649555290647E-002
   2.3973870375823916       -1.0011849346048683E-002
   2.4044640763449605        4.2387981059707853E-003
   2.4115411151075303        1.6650224811871384E-002
   2.4186181538700993        2.7212827085133461E-002
   2.4256951926326691        3.5961367307015199E-002
   2.4327722313952380        4.2971044969593614E-002
   2.4398492701578078        4.8351962517425212E-002
   2.4469263089203768        5.2242306135540852E-002
   2.4540033476829466        5.4800634898848261E-002
   2.4610803864455155        5.6197718586652345E-002
   2.4681574252080853        5.6608381903983269E-002
   2.4752344639706543        5.6203799945824098E-002
   2.4823115027332241        5.5144647833172723E-002
   2.4893885414957930        5.3575439995039296E-002
   2.4964655802583628        5.1620306842513265E-002
   2.5035426190209318        4.9380355242342022E-002
   2.5106196577835016        4.6932651761256369E-002
   2.5176966965460705        4.4330761887987201E-002
   2.5247737353086404        4.1606681770832349E-002
   2.5318507740712093        3.8773917952178633E-002
   2.5389278128337791        3.5831410276825272E-002
   2.5460048515963480        3.2767957010918364E-002
   2.5530818903589179        2.9566790719189839E-002
   2.5601589291214868        2.6209968130496097E-002
   2.5672359678840566        2.2682274747961272E-002
   2.5743130066466255        1.8974401414624833E-002
   2.5813900454091954        1.5085220298501413E-002
   2.5884670841717643        1.1023065921425088E-002
   2.5955441229343341        6.8060067630715754E-003
   2.6026211616969031        2.4611686816399755E-003
   2.6096982004594729       -1.9767623763629937E-003
   2.6167752392220418       -6.4676784072326861E-003
   2.6238522779846116       -1.0968612350408241E-002
   2.6309293167471806       -1.5436492705726708E-002
   2.6380063555097504       -1.9830857120350452E-002
   2.6450833942723193       -2.4116309987172763E-002
   2.6521604330348891       -2.8264541296285334E-002
   2.6592374717974581       -3.2255767320397810E-002
   2.6663145105600279       -3.6079504248710391E-002
   2.6733915493225968       -3.9734639436737072E-002
   2.6804685880851666       -4.3228817442390842E-002
   2.6875456268477356       -4.6577205806430579E-002
   2.6946226656103054       -4.9800745590091830E-002
   2.7016997043728743       -5.2924021803256872E-002
   2.7087767431354441       -5.5972907749375772E-002
   2.7158537818980131       -5.8972144603539993E-002
   2.7229308206605829       -6.1943013709449102E-002
   2.7300078594231518       -6.4901245345355435E-002
   2.7370848981857216       -6.7855285851407723E-002
   2.7441619369482906       -7.0805017188255770E-002
   2.7512389757108604       -7.3740991540267309E-002
   2.7583160144734293       -7.6644210801179710E-002
   2.7653930532359992       -7.9486448819092365E-002
   2.7724700919985681       -8.2231084954535391E-002
   2.7795471307611379       -8.4834392244812318E-002
   2.7866241695237068       -8.7247203253510403E-002
   2.7937012082862767       -8.9416862056069774E-002
   2.8007782470488456       -9.1289361901205984E-002
   2.8078552858114154       -9.2811564676135550E-002
   2.8149323245739843       -9.3933399903406239E-002
   2.8220093633365542       -9.4609946937584982E-002
   2.8290864020991231       -9.4803313539621695E-002
   2.8361634408616929       -9.4484236287532664E-002
   2.8432404796242619       -9.3633342567551611E-002
   2.8503175183868317       -9.2242029483728144E-002
   2.8573945571494006       -9.0312931319712436E-002
   2.8644715959119704       -8.7859963669468882E-002
   2.8715486346745394       -8.4907948588920867E-002
   2.8786256734371092       -8.1491840731817838E-002
   2.8857027121996781       -7.7655589078107060E-002
   2.8927797509622479       -7.3450682210671525E-002
   2.8998567897248169       -6.8934436810029517E-002
   2.9069338284873867       -6.4168098767889134E-002
   2.9140108672499556       -5.9214833713245228E-002
   2.9210879060125254       -5.4137688451440305E-002
   2.9281649447750944       -4.8997606524214490E-002
   2.9352419835376642       -4.3851579561199644E-002
   2.9423190223002331       -3.8751011167298517E-002
   2.9493960610628029       -3.3740361768886305E-002
   2.9564730998253719       -2.8856131281869101E-002
   2.9635501385879417       -2.4126222004351678E-002
   2.9706271773505106       -1.9569707299252587E-002
   2.9777042161130804       -1.5197013114367905E-002
   2.9847812548756494       -1.1010500032770397E-002
   2.9918582936382192       -7.0054143041135154E-003
   2.9989353324007881       -3.1711581790157609E-003
   3.0060123711633580        5.0718615269218525E-004
   3.0130894099259269        4.0471577134020276E-003
   3.0201664486884967        7.4671308554025142E-003
   3.0272434874510656        1.0784535000857916E-002
   3.0343205262136355        1.4014172681050886E-002
   3.0413975649762044        1.7166723726237919E-002
   3.0484746037387742        2.0247513977366412E-002
   3.0555516425013431        2.3255613222248454E-002
   3.0626286812639130        2.6183309916950358E-002
   3.0697057200264819        2.9015990561683302E-002
   3.0767827587890517        3.1732430435781452E-002
   3.0838597975516207        3.4305480922279238E-002
   3.0909368363141905        3.6703118049535896E-002
   3.0980138750767594        3.8889798270530185E-002
   3.1050909138393292        4.0828051892446628E-002
   3.1121679526018982        4.2480232781202325E-002
   3.1192449913644680        4.3810335590701709E-002
   3.1263220301270369        4.4785789138743030E-002
   3.1333990688896067        4.5379136730403405E-002
   3.1404761076521757        4.5569521004032949E-002
   3.1475531464147455        4.5343901781141102E-002
   3.1546301851773144        4.4697949757963068E-002
   3.1617072239398842        4.3636575829749301E-002
   3.1687842627024532        4.2174074418176513E-002
   3.1758613014650230        4.0333878349439363E-002
   3.1829383402275919        3.8147941580743208E-002
   3.1900153789901617        3.5655783432322542E-002
   3.1970924177527307        3.2903243100145529E-002
   3.2041694565153005        2.9941005406209933E-002
   3.2112464952778694        2.6822967481212136E-002
   3.2183235340404392        2.3604521067286634E-002
   3.2254005728030082        2.0340826288096484E-002
   3.2324776115655780        1.7085150177989682E-002
   3.2395546503281469        1.3887337298220653E-002
   3.2466316890907168        1.0792470865094184E-002
   3.2537087278532857        7.8397715679437222E-003
   3.2607857666158555        5.0617683471648051E-003
   3.2678628053784244        2.4837615625826989E-003
   3.2749398441409943        1.2358494263361411E-004
   3.2820168829035632       -2.0083408376117048E-003
   3.2890939216661330       -3.9086825189368840E-003
   3.2961709604287019       -5.5806268925960032E-003
   3.3032479991912718       -7.0331107341604420E-003
   3.3103250379538407       -8.2798934120878812E-003
   3.3174020767164105       -9.3385214035747854E-003
   3.3244791154789795       -1.0229235305194703E-002
   3.3315561542415493       -1.0973868891575526E-002
   3.3386331930041182       -1.1594786573249567E-002
   3.3457102317666880       -1.2113900544858261E-002
   3.3527872705292570       -1.2551802372967340E-002
   3.3598643092918268       -1.2927036166522762E-002
   3.3669413480543957       -1.3255532237535703E-002
   3.3740183868169655       -1.3550211724477547E-002
   3.3810954255795345       -1.3820764419484344E-002
   3.3881724643421043       -1.4073594372464240E-002
   3.3952495031046732       -1.4311921042994733E-002
   3.4023265418672430       -1.4536018070023967E-002
   3.4094035806298120       -1.4743567293367102E-002
   3.4164806193923818       -1.4930102580053315E-002
   3.4235576581549507       -1.5089516302234027E-002
   3.4306346969175205       -1.5214600936214835E-002
   3.4377117356800895       -1.5297599102187774E-002
   3.4447887744426593       -1.5330737293097160E-002
   3.4518658132052282       -1.5306721365596522E-002
   3.4589428519677980       -1.5219175380114643E-002
   3.4660198907303670       -1.5063009363500694E-002
   3.4730969294929368       -1.4834705809303236E-002
   3.4801739682555057       -1.4532519020235370E-002
   3.4872510070180756       -1.4156585545794133E-002
   3.4943280457806445       -1.3708947811353905E-002
   3.5014050845432143       -1.3193496439109029E-002
   3.5084821233057832       -1.2615839624310577E-002
   3.5155591620683531       -1.1983110184393450E-002
   3.5226362008309220       -1.1303722508914553E-002
   3.5297132395934918       -1.0587092600924185E-002
   3.5367902783560607       -9.8433347395638707E-003
   3.5438673171186306       -9.0829480572066270E-003
   3.5509443558811995       -8.3165055794026076E-003
   3.5580213946437693       -7.5543571034741384E-003
   3.5650984334063383       -6.8063557821974128E-003
   3.5721754721689081       -6.0816165272810736E-003
   3.5792525109314770       -5.3883124478087564E-003
   3.5863295496940468       -4.7335135818532192E-003
   3.5934065884566158       -4.1230702480769708E-003
   3.6004836272191856       -3.5615415112966935E-003
   3.6075606659817545       -3.0521675828153651E-003
   3.6146377047443243       -2.5968835108980655E-003
   3.6217147435068933       -2.1963702936970524E-003
   3.6287917822694631       -1.8501385874713852E-003
   3.6358688210320320       -1.5566394957067008E-003
   3.6429458597946018       -1.3133965067904543E-003
   3.6500228985571708       -1.1171524862190240E-003
   3.6570999373197406       -9.6402570250109947E-004
   3.6641769760823095       -8.4966914598986749E-004
   3.6712540148448793       -7.6942785413854032E-004
   3.6783310536074483       -7.1848954955212288E-004
   3.6854080923700181       -6.9202459196252843E-004
   3.6924851311325870       -6.8531200552755583E-004
   3.6995621698951568       -6.9384913402043425E-004
   3.7066392086577258       -7.1344326675673304E-004
   3.7137162474202956       -7.4028433942933557E-004
   3.7207932861828645       -7.7099852264489194E-004
   3.7278703249454344       -8.0268314783262342E-004
   3.7349473637080033       -8.3292397112128599E-004
   3.7420244024705731       -8.5979623133914523E-004
   3.7491014412331420       -8.8185131361684149E-004
   3.7561784799957119       -8.9809108447865633E-004
   3.7632555187582808       -9.0793212079858941E-004
   3.7703325575208506       -9.1116211970257086E-004
   3.7774095962834195       -9.0789075806746520E-004
   3.7844866350459894       -8.9849717923812418E-004
   3.7915636738085583       -8.8357613276550298E-004
   3.7986407125711281       -8.6388459286108660E-004
   3.8057177513336971       -8.4029044550819516E-004
   3.8127947900962669       -8.1372457509535040E-004
   3.8198718288588358       -7.8513741063587902E-004
   3.8269488676214056       -7.5546071966332081E-004
   3.8340259063839746       -7.2557517400678685E-004
   3.8411029451465444       -6.9628396366156744E-004
   3.8481799839091133       -6.6829250914757503E-004
   3.8552570226716831       -6.4219412379268889E-004
   3.8623340614342521       -6.1846130846933130E-004
   3.8694111001968219       -5.9744222418949531E-004
   3.8764881389593908       -5.7936178305530205E-004
   3.8835651777219606       -5.6432672464984575E-004
   3.8906422164845296       -5.5233400133934967E-004
   3.8977192552470994       -5.4328177966628147E-004
   3.9047962940096683       -5.3698237297246289E-004
   3.9118733327722381       -5.3317644912392491E-004
   3.9189503715348071       -5.3154790301094114E-004
   3.9260274102973769       -5.3173884258654006E-004
   3.9331044490599458       -5.3336420587992935E-004
   3.9401814878225156       -5.3602560115444304E-004
   3.9472585265850846       -5.3932403993513939E-004
   3.9543355653476544       -5.4287131012429614E-004
   3.9614126041102233       -5.4629981137091423E-004
   3.9684896428727932       -5.4927074521219645E-004
   3.9755666816353621       -5.5148061664837312E-004
   3.9826437203979319       -5.5266606056597189E-004
   3.9897207591605008       -5.5260705501917681E-004
   3.9967977979230707       -5.5112862341760249E-004
   4.0038748366856396       -5.4810115909511377E-004
   4.0109518754482094       -5.4343952877531341E-004
   4.0180289142107783       -5.3710112657507888E-004
   4.0251059529733482       -5.2908305805262333E-004
   4.0321829917359171       -5.1941863520521157E-004
   4.0392600304984869       -5.0817335913972664E-004
   4.0463370692610559       -4.9544055830895916E-004
   4.0534141080236257       -4.8133683767210883E-004
   4.0604911467861946       -4.6599747881994182E-004
   4.0675681855487644       -4.4957191387413111E-004
   4.0746452243113334       -4.3221937762893465E-004
   4.0817222630739032       -4.1410482366426531E-004
   4.0887993018364721       -3.9539517164396558E-004
   4.0958763405990419       -3.7625593523776232E-004
   4.1029533793616109       -3.5684826348676035E-004
   4.1100304181241807       -3.3732641328675740E-004
   4.1171074568867496       -3.1783565721254646E-004
   4.1241844956493194       -2.9851061928670182E-004
   4.1312615344118884       -2.7947402156604614E-004
   4.1383385731744582       -2.6083581657116459E-004
   4.1454156119370271       -2.4269267455551797E-004
   4.1524926506995969       -2.2512779029314862E-004
   4.1595696894621659       -2.0821097131573692E-004
   4.1666467282247357       -1.9199896818524172E-004
   4.1737237669873046       -1.7653600726604029E-004
   4.1808008057498744       -1.6185448737372245E-004
   4.1878778445124434       -1.4797580343752905E-004
   4.1949548832750132       -1.3491126273932900E-004
   4.2020319220375821       -1.2266306221142111E-004
   4.2091089608001520       -1.1122529853175501E-004
   4.2161859995627209       -1.0058498620649849E-004
   4.2232630383252907       -9.0723062353339497E-005
   4.2303400770878596       -8.1615360389402888E-005
   4.2374171158504295       -7.3233538198921175E-005
   4.2444941546129984       -6.5545949539273961E-005
   4.2515711933755682       -5.8518450388159898E-005
   4.2586482321381371       -5.2115134602944084E-005
   4.2657252709007070       -4.6298995633568391E-005
   4.2728023096632759       -4.1032513092027581E-005
   4.2798793484258457       -3.6278164734347264E-005
   4.2869563871884147       -3.1998865863281730E-005
   4.2940334259509845       -2.8158339326590346E-005
   4.3011104647135534       -2.4721420186559438E-005
   4.3081875034761232       -2.1654299795003085E-005
   4.3152645422386922       -1.8924714450046837E-005
   4.3223415810012620       -1.6502084063461638E-005
   4.3294186197638309       -1.4357606357207762E-005
   4.3364956585264007       -1.2464312061646065E-005
   4.3435726972889697       -1.0797086430714096E-005
   4.3506497360515395       -9.3326621447130301E-006
   4.3577267748141084       -8.0495883606775341E-006
   4.3648038135766782       -6.9281803127076619E-006
   4.3718808523392472       -5.9504534770215237E-006
   4.3789578911018170       -5.1000459132423856E-006
   4.3860349298643859       -4.3621319867671534E-006
   4.3931119686269557       -3.7233302768903690E-006
   4.4001890073895247       -3.1716080896327140E-006
   4.4072660461520945       -2.6961846289902356E-006
   4.4143430849146634       -2.2874345399873405E-006
   4.4214201236772332       -1.9367932244364522E-006
   4.4284971624398022       -1.6366650473791833E-006
   4.4355742012023720       -1.3803352994748951E-006
   4.4426512399649409       -1.1618865579056236E-006
   4.4497282787275108       -9.7611989481030498E-007
   4.4568053174900797       -8.1848121644234297E-007
   4.4638823562526495       -6.8499287637686317E-007
   4.4709593950152184       -5.7219059013953593E-007
   4.4780364337777883       -4.7706558438563392E-007
   4.4851134725403572       -3.9701183896328343E-007
   4.4921905113029270       -3.2977822258579717E-007
   4.4992675500654959       -2.7342528021178207E-007
   4.5063445888280658       -2.2628640048860679E-007
   4.5134216275906347       -1.8693307278771639E-007
   4.5204986663532045       -1.5414393363643560E-007
   4.5275757051157735       -1.2687730008556548E-007
   4.5346527438783433       -1.0424689127086647E-007
   4.5417297826409122       -8.5500447828899188E-008
   4.5488068214034820       -7.0000970779094277E-008
   4.5558838601660510       -5.7210316009428822E-008
   4.5629608989286208       -4.6674896776325277E-008
   4.5700379376911897       -3.8013263960469848E-008
   4.5771149764537595       -3.0905351643193688E-008
   4.5841920152163285       -2.5083193426759835E-008
   4.5912690539788983       -2.0322932457959805E-008
   4.5983460927414672       -1.6437965053276109E-008
   4.6054231315040370       -1.3273073963721484E-008
   4.6125001702666060       -1.0699422517324943E-008
   4.6195772090291758       -8.6102950471059080E-009
   4.6266542477917447       -6.9174821039237418E-009
   4.6337312865543145       -5.5482209518696569E-009
   4.6408083253168835       -4.4426127602890567E-009
   4.6478853640794533       -3.5514477726449063E-009
   4.6549624028420222       -2.8343785946003530E-009
   4.6620394416045920       -2.2583896587573578E-009
   4.6691164803671610       -1.7965179549984238E-009
   4.6761935191297308       -1.4267863307111207E-009
   4.6832705578922997       -1.1313161330985004E-009
   4.6903475966548696       -8.9559075459661499E-010
   4.6974246354174385       -7.0784581857429857E-010
   4.7045016741800083       -5.5856536950511047E-010
   4.7115787129425772       -4.4006656956976934E-010
   4.7186557517051471       -3.4615810796791164E-010
   4.7257327904677160       -2.7185985152971636E-010
   4.7328098292302858       -2.1317325251332049E-010
   4.7398868679928547       -1.6689372433302481E-010
   4.7469639067554246       -1.3045763667968727E-010
   4.7540409455179935       -1.0181780228008098E-010
   4.7611179842805633       -7.9342358766277332E-011
   4.7681950230431323       -6.1732817598640969E-011
   4.7752720618057021       -4.7957781241506457E-011
   4.7823491005682710       -3.7199440387839558E-011
   4.7894261393308408       -2.8810472840155945E-011
   4.7965031780934098       -2.2279390146466593E-011
   4.8035802168559796       -1.7202730589760634E-011
   4.8106572556185485       -1.3262789074820537E-011
   4.8177342943811183       -1.0209815623547735E-011
   4.8248113331436873       -7.8478129048261367E-012
   4.8318883719062571       -6.0232265511401946E-012
   4.8389654106688260       -4.6159559242312052E-012
   4.8460424494313958       -3.5322225185948068E-012
   4.8531194881939648       -2.6989225613791410E-012
   4.8601965269565346       -2.0591631187464411E-012
   4.8672735657191035       -1.5687401052743545E-012
   4.8743506044816733       -1.1933644718002859E-012
   4.8814276432442423       -9.0648155686669190E-013
   4.8885046820068121       -6.8755981405245872E-013
   4.8955817207693810       -5.2075026311739251E-013
   4.9026587595319508       -3.9383820147890890E-013
   4.9097357982945198       -2.9742489300738897E-013
   4.9168128370570896       -2.2428989176055859E-013
   4.9238898758196585       -1.6889498612300833E-013
   4.9309669145822284       -1.2699897433300506E-013
   4.9380439533447973       -9.5359020082669250E-014
   4.9451209921073671       -7.1499522547356398E-014
   4.9521980308699360       -5.3533540176708188E-014
   4.9592750696325059       -4.0025050609833923E-014
   4.9663521083950748       -2.9882886094782981E-014
   4.9734291471576446       -2.2279195971833715E-014
   4.9805061859202135       -1.6586868144711135E-014
   4.9875832246827834       -1.2331580296600190E-014
   4.9946602634453523       -9.1551208670042110E-015
   5.0017373022079221       -6.7873767178223401E-015
   5.0088143409704911       -5.0249743957302810E-015
   5.0158913797330609       -3.7150209039263524E-015
   5.0229684184956298       -2.7427463456395285E-015
   5.0300454572581996       -2.0221271016222492E-015
   5.0371224960207686       -1.4887819865158828E-015
   5.0441995347833384       -1.0945989411258188E-015
   5.0512765735459073       -8.0367711097804021E-016
   5.0583536123084771       -5.8926712351433020E-016
   5.0654306510710461       -4.3146763208790934E-016
   5.0725076898336159       -3.1549390581137580E-016
   5.0795847285961848       -2.3037842330336869E-016
   5.0866617673587546       -1.6799718965434692E-016
   5.0937388061213236       -1.2234125151222326E-016
   5.1008158448838934       -8.8972499717032228E-017
   5.1078928836464623       -6.4617761148531483E-017
   5.1149699224090321       -4.6866499463429082E-017
   5.1220469611716011       -3.3946019995434299E-017
   5.1291239999341709       -2.4554560872657419E-017
   5.1362010386967398       -1.7737550971609541E-017
   5.1432780774593096       -1.2796008392258695E-017
   5.1503551162218786       -9.2188327710911697E-018
   5.1574321549844484       -6.6328334378528643E-018
   5.1645091937470173       -4.7659023516591362E-018
   5.1715862325095872       -3.4199143477980448E-018
   5.1786632712721561       -2.4508148007404457E-018
   5.1857403100347259       -1.7540099712773743E-018
   5.1928173487972948       -1.2536636399547974E-018
   5.1998943875598647       -8.9486703462322307E-019
   5.2069714263224336       -6.3791906725014763E-019
   5.2140484650850034       -4.5415419099610065E-019
   5.2211255038475723       -3.2290353727371529E-019
   5.2282025426101422       -2.2928469440600438E-019
   5.2352795813727111       -1.6259648590566909E-019
   5.2423566201352809       -1.1515481563840622E-019
   5.2494336588978499       -8.1449595653577350E-020
   5.2565106976604197       -5.7535070540029788E-020
   5.2635877364229886       -4.0589551780788572E-020
   5.2706647751855584       -2.8597939226377669E-020
   5.2777418139481274       -2.0123108980039804E-020
   5.2848188527106972       -1.4141525005247176E-020
   5.2918958914732661       -9.9251984328913899E-021
   5.2989729302358359       -6.9570461897504559E-021
   5.3060499689984049       -4.8702836060821094E-021
   5.3131270077609747       -3.4050870935179108E-021
   5.3202040465235436       -2.3776489169168286E-021
   5.3272810852861134       -1.6581112760269470E-021
   5.3343581240486824       -1.1548536872047865E-021
   5.3414351628112522       -8.0331985312300882E-022
   5.3485122015738211       -5.5808347618133405E-022
   5.3555892403363909       -3.8722183171245055E-022
   5.3626662790989599       -2.6833132968473637E-022
   5.3697433178615297       -1.8570973430563972E-022
   5.3768203566240986       -1.2836615886930269E-022
   5.3838973953866684       -8.8617574617741793E-023
   5.3909744341492374       -6.1100314676719610E-023
   5.3980514729118072       -4.2074807450346021E-023
   5.4051285116743761       -2.8937216384552335E-023
   5.4122055504369460       -1.9876874921453900E-023
   5.4192825891995158       -1.3636314299112601E-023
   5.4263596279620856       -9.3433849862967433E-024
   5.4334366667246554       -6.3939703868137792E-024
   5.4405137054872252       -4.3701557642881485E-024
   5.4475907442497951       -2.9832105732411344E-024
   5.4546677830123649       -2.0339129872006853E-024
   5.4617448217749347       -1.3849785886434704E-024
   5.4688218605375045       -9.4192589347464387E-025
   5.4758988993000743       -6.3981460310629532E-025
   5.4829759380626442       -4.3406627003485060E-025
   5.4900529768252140       -2.9411904412027157E-025
   5.4971300155877838       -1.9904725702098101E-025
   5.5042070543503536       -1.3454139198610273E-025
   5.5112840931129234       -9.0828683896027031E-026
   5.5183611318754933       -6.1243248942702206E-026
   5.5254381706380631       -4.1244137193670635E-026
   5.5325152094006329       -2.7741869378314028E-026
   5.5395922481632027       -1.8637146257485009E-026
   5.5466692869257725       -1.2505296170006949E-026
   5.5537463256883424       -8.3806964034375261E-027
   5.5608233644509122       -5.6096849035456177E-027
   5.5679004032134820       -3.7503321124803738E-027
   5.5749774419760518       -2.5042319642883265E-027
   5.5820544807386216       -1.6701427913729378E-027
   5.5891315195011915       -1.1125192313197886E-027
   5.5962085582637613       -7.4017936295216424E-028
   5.6032855970263311       -4.9186121747188006E-028
   5.6103626357889009       -3.2645624987504230E-028
   5.6174396745514708       -2.1641373675717264E-028
   5.6245167133140406       -1.4329225442145594E-028
   5.6315937520766104       -9.4763105019498080E-029
   5.6386707908391802       -6.2594350872933125E-029
   5.6457478296017500       -4.1296276821931024E-029
   5.6528248683643199       -2.7212419855250826E-029
   5.6599019071268897       -1.7910369021394118E-029
   5.6669789458894595       -1.1773988495667942E-029
   5.6740559846520293       -7.7308095226938217E-030
   5.6811330234145991       -5.0700146876084870E-030
   5.6882100621771690       -3.3210615305773147E-030
   5.6952871009397388       -2.1728445809368714E-030
   5.7023641397023086       -1.4199237169890017E-030
   5.7094411784648784       -9.2680109802923252E-031
   5.7165182172274482       -6.0421820378650913E-031
   5.7235952559900181       -3.9344802486186310E-031
   5.7306722947525879       -2.5589852692036292E-031
   5.7377493335151577       -1.6624002852121696E-031
   5.7448263722777275       -1.0786768834678677E-031
   5.7519034110402973       -6.9909408614003525E-032
   5.7589804498028672       -4.5255244108405724E-032
   5.7660574885654370       -2.9261174593465310E-032
   5.7731345273280068       -1.8897514544237466E-032
   5.7802115660905766       -1.2190127141658744E-032
   5.7872886048531464       -7.8542173901963673E-033
   5.7943656436157163       -5.0546286214983334E-033
   5.8014426823782861       -3.2491349694017714E-033
   5.8085197211408559       -2.0861182735877451E-033
   5.8155967599034257       -1.3378372457011521E-033
   5.8226737986659955       -8.5696151731338836E-034
   5.8297508374285654       -5.4829405528395340E-034
   5.8368278761911352       -3.5039703988826064E-034
   5.8439049149537050       -2.2366729467635641E-034
   5.8509819537162748       -1.4260678623091203E-034
   5.8580589924788447       -9.0818439600692914E-035
   5.8651360312414145       -5.7770282819548792E-035
   5.8722130700039843       -3.6705575927119819E-035
   5.8792901087665541       -2.3294701825017897E-035
   5.8863671475291239       -1.4766592908330030E-035
   5.8934441862916938       -9.3497919688856173E-036
   5.9005212250542636       -5.9131998298662051E-036
   5.9075982638168334       -3.7354470501479198E-036
   5.9146753025794032       -2.3570157838406778E-036
   5.9217523413419730       -1.4855344470366946E-036
   5.9288293801045429       -9.3519837209344770E-037
   5.9359064188671127       -5.8806588148789701E-037
   5.9429834576296825       -3.6936002663511390E-037
   5.9500604963922523       -2.3172661159968121E-037
   5.9571375351548221       -1.4521265809341211E-037
   5.9642145739173920       -9.0894167951631828E-038
   5.9712916126799618       -5.6829125333682878E-038
   5.9783686514425316       -3.5490307559191431E-038
   5.9854456902051014       -2.2138735758782930E-038
   5.9925227289676712       -1.3794328203698371E-038
   5.9995997677302411       -8.5852588944242970E-039
   6.0066768064928109       -5.3371788546904106E-039
   6.0137538452553807       -3.3141796757460728E-039
   6.0208308840179505       -2.0556382267268629E-039
   6.0279079227805203       -1.2735736673519624E-039
   6.0349849615430902       -7.8814951278636682E-040
   6.0420620003056600       -4.8719262860949335E-040
   6.0491390390682298       -3.0081588207693675E-040
   6.0562160778307996       -1.8552787379400949E-040
   6.0632931165933694       -1.1429475982819918E-040
   6.0703701553559393       -7.0331941913977821E-041
   6.0774471941185091       -4.3230317398695383E-041
   6.0845242328810789       -2.6542030966559822E-041
   6.0916012716436487       -1.6277592585748133E-041
   6.0986783104062186       -9.9714168749142997E-042
   6.1057553491687884       -6.1014720558938665E-042
   6.1128323879313582       -3.7292698520349668E-042
   6.1199094266939280       -2.2767995536458460E-042
   6.1269864654564978       -1.3884746638653617E-042
   6.1340635042190677       -8.4579217735872405E-043
   6.1411405429816375       -5.1463850609867377E-043
   6.1482175817442073       -3.1279093906193700E-043
   6.1552946205067771       -1.8989769092984164E-043
   6.1623716592693469       -1.1515934783421006E-043
   6.1694486980319168       -6.9757845518888789E-044
   6.1765257367944866       -4.2208665820260305E-044
   6.1836027755570564       -2.5510868621547421E-044
   6.1906798143196262       -1.5401544433307592E-044
   6.1977568530821960       -9.2879325538338464E-045
   6.2048338918447659       -5.5948691149291990E-045
   6.2119109306073357       -3.3664893953191919E-045
   6.2189879693699055       -2.0233981687263097E-045
   6.2260650081324753       -1.2147938246247529E-045
   6.2331420468950451       -7.2851962631399854E-046
   6.2402190856576150       -4.3641305023501812E-046
   6.2472961244201848       -2.6113935461298793E-046
   6.2543731631827546       -1.5608651312309446E-046
   6.2614502019453244       -9.3191695765287121E-047
   6.2685272407078942       -5.5578671228704543E-047
   6.2756042794704641       -3.3109951005920227E-047
   6.2826813182330339       -1.9702832828378825E-047
   6.2897583569956037       -1.1711671513867860E-047
   6.2968353957581735       -6.9539167548507032E-048
   6.3039124345207433       -4.1244002302493348E-048
   6.3109894732833132       -2.4435044942432624E-048
   6.3180665120458830       -1.4460616844289580E-048
   6.3251435508084528       -8.5483470082391782E-049
   6.3322205895710226       -5.0477684409595234E-049
   6.3392976283335924       -2.9774122277009548E-049
   6.3463746670961623       -1.7542887523949360E-049
   6.3534517058587321       -1.0324904919402012E-049
   6.3605287446213019       -6.0700772071220610E-050
   6.3676057833838717       -3.5647234280815421E-050
   6.3746828221464416       -2.0911309731809249E-050
   6.3817598609090114       -1.2253515196528182E-050
   6.3888368996715812       -7.1724001585036411E-051
   6.3959139384341510       -4.1936577118413848E-051
   6.4029909771967208       -2.4493248608505014E-051
   6.4100680159592907       -1.4289763180139144E-051
   6.4171450547218605       -8.3277789661987919E-052
   6.4242220934844303       -4.8479613743031602E-052
   6.4312991322470001       -2.8191306214398375E-052
   6.4383761710095699       -1.6375614863176258E-052
   6.4454532097721398       -9.5018174307329852E-053
   6.4525302485347096       -5.5073499759847429E-053
   6.4596072872972794       -3.1886428252000050E-053
   6.4666843260598492       -1.8441513228501530E-053
   6.4737613648224190       -1.0654056338277231E-053
   6.4808384035849889       -6.1483906096137485E-054
   6.4879154423475587       -3.5443468068301865E-054
   6.4949924811101285       -2.0409837018987597E-054
   6.5020695198726983       -1.1740097350542782E-054
   6.5091465586352681       -6.7457922267569526E-055
   6.5162235973978380       -3.8718951544341557E-055
   6.5233006361604078       -2.2199533361029283E-055
   6.5303776749229776       -1.2714345034712036E-055
   6.5374547136855474       -7.2740166496874255E-056
   6.5445317524481172       -4.1570476053448004E-056
   6.5516087912106871       -2.3731564590171756E-056
   6.5586858299732569       -1.3533142895943601E-056
   6.5657628687358267       -7.7090726785389494E-057
   6.5728399074983965       -4.3866909847077525E-057
   6.5799169462609663       -2.4934670016425077E-057
   6.5869939850235362       -1.4158007541360065E-057
   6.5940710237861060       -8.0303196571243871E-058
   6.6011480625486758       -4.5498382172297609E-058
   6.6082251013112456       -2.5750860634737018E-058
   6.6153021400738155       -1.4558628369737919E-058
   6.6223791788363853       -8.2220920157798686E-059
   6.6294562175989551       -4.6385005043473684E-059
   6.6365332563615249       -2.6140056795094813E-059
   6.6436102951240947       -1.4715307035626846E-059
   6.6506873338866646       -8.2749666066109338E-060
   6.6577643726492344       -4.6483361684672668E-060
   6.6648414114118042       -2.6083351871058022E-060
   6.6719184501743740       -1.4620563053881259E-060
   6.6789954889369438       -8.1865299573663746E-061
   6.6860725276995137       -4.5790027419726127E-061
   6.6931495664620835       -2.5584531754450505E-061
   6.7002266052246533       -1.4279723314302233E-061
   6.7073036439872231       -7.9615584940829078E-062
   6.7143806827497929       -4.4341725851968776E-062
   6.7214577215123628       -2.4669680498473275E-062
   6.7285347602749326       -1.3710431126511559E-062
   6.7356117990375024       -7.6115933009069839E-063
   6.7426888378000722       -4.2212117462850238E-063
   6.7497658765626420       -2.3384927098475405E-063
   6.7568429153252119       -1.2941137207584342E-063
   6.7639199540877817       -7.1539618630179308E-064
   6.7709969928503515       -3.9505610176340332E-064
   6.7780740316129213       -2.1792603530542454E-064
   6.7851510703754911       -1.2008751754046734E-064
   6.7922281091380610       -6.6103618837310798E-065
   6.7993051479006308       -3.6348913648096370E-065
   6.8063821866632006       -1.9966258023112208E-065
   6.8134592254257704       -1.0955726358698293E-065
   6.8205362641883402       -6.0051676519778658E-066
   6.8276133029509101       -3.2881283981364999E-066
   6.8346903417134799       -1.7985076019470161E-066
   6.8417673804760497       -9.8268849664791005E-067
   6.8488444192386195       -5.3636416704198505E-067
   6.8559214580011894       -2.9244495496449239E-067
   6.8629984967637592       -1.5928291961048117E-067
   6.8700755355263290       -8.6663291544130533E-068
   6.8771525742888988       -4.7102314879291283E-068
   6.8842296130514686       -2.5573526623917414E-068
   6.8913066518140385       -1.3870128684443828E-068
   6.8983836905766083       -7.5147070433465222E-069
   6.9054607293391781       -4.0671061844051631E-069
   6.9125377681017479       -2.1988776048866579E-069
   6.9196148068643177       -1.1875690870267766E-069
   6.9266918456268876       -6.4070658748887849E-070
   6.9337688843894574       -3.4530444123195358E-070
   6.9408459231520272       -1.8590368602750931E-070
   6.9479229619145970       -9.9980865111909215E-071
   6.9550000006771668       -5.3714188929958259E-071
   6.9620770394397367       -2.8827341053287349E-071
   6.9691540782023065       -1.5454813546347502E-071
   6.9762311169648763       -8.2768819412806068E-072
   6.9833081557274461       -4.4280625249892625E-072
   6.9903851944900159       -2.3664912721534818E-072
   6.9974622332525858       -1.2633987201043047E-072
   7.0045392720151556       -6.7378370642807862E-073
   7.0116163107777254       -3.5895937936024046E-073
   7.0186933495402952       -1.9103591262848192E-073
   7.0257703883028650       -1.0156166705585032E-073
   7.0328474270654349       -5.3937386078176751E-074
   7.0399244658280047       -2.8615110100304677E-074
   7.0470015045905745       -1.5165145290643730E-074
   7.0540785433531443       -8.0286686706015064E-075
   7.0611555821157141       -4.2460634380945292E-075
   7.0682326208782840       -2.2432391676038144E-075
   7.0753096596408538       -1.1838890751144213E-075
   7.0823866984034236       -6.2415571774245758E-076
   7.0894637371659934       -3.2871655254382827E-076
   7.0965407759285632       -1.7294063362988904E-076
   7.1036178146911331       -9.0890719546225739E-077
   7.1106948534537029       -4.7718768968634239E-077
   7.1177718922162727       -2.5026855437175995E-077
   7.1248489309788425       -1.3112058296060355E-077
   7.1319259697414124       -6.8625126629381097E-078
   7.1390030085039822       -3.5879246559011398E-078
   7.1460800472665520       -1.8739219797871152E-078
   7.1531570860291218       -9.7770513585182554E-079
   7.1602341247916916       -5.0958032745047384E-079
   7.1673111635542615       -2.6531752690593687E-079
   7.1743882023168313       -1.3799645209146999E-079
   7.1814652410794011       -7.1699934201891494E-080
   7.1885422798419709       -3.7215050396170561E-080
   7.1956193186045407       -1.9296015748242798E-080
   7.2026963573671106       -9.9946138144586572E-081
   7.2097733961296804       -5.1714685767679215E-081
   7.2168504348922502       -2.6730767007404142E-081
   7.2239274736548200       -1.3802532142530214E-081
   7.2310045124173898       -7.1196080858174105E-082
   7.2380815511799597       -3.6686268356141109E-082
   7.2451585899425295       -1.8884316735255145E-082
   7.2522356287050993       -9.7106758030495607E-083
   7.2593126674676691       -4.9882502236647609E-083
   7.2663897062302389       -2.5597512067583613E-083
   7.2734667449928088       -1.3121944164937075E-083
   7.2805437837553786       -6.7196966861285407E-084
   7.2876208225179484       -3.4375764280944632E-084
   7.2946978612805182       -1.7567356458798027E-084
   7.3017749000430880       -8.9683381226638443E-085
   7.3088519388056579       -4.5737159803507526E-085
   7.3159289775682277       -2.3301196293538673E-085
   7.3230060163307975       -1.1858757841102706E-085
   7.3300830550933673       -6.0290972161722859E-086
   7.3371600938559371       -3.0620876882946226E-086
   7.3442371326185070       -1.5535862074561233E-086
   7.3513141713810768       -7.8741853480120034E-087
   7.3583912101436466       -3.9868380763469159E-087
   7.3654682489062164       -2.0165286352345770E-087
   7.3725452876687863       -1.0189037612946880E-087
   7.3796223264313561       -5.1429826157287273E-088
   7.3866993651939259       -2.5932847644445751E-088
   7.3937764039564957       -1.3062874787584110E-088
   7.4008534427190655       -6.5732608023761839E-089
   7.4079304814816354       -3.3042785303232773E-089
   7.4150075202442052       -1.6593051387034646E-089
   7.4220845590067750       -8.3239570750227879E-090
   7.4291615977693448       -4.1714544789649632E-090
   7.4362386365319146       -2.0883314379304108E-090
   7.4433156752944845       -1.0443972573569117E-090
   7.4503927140570543       -5.2177892574369935E-091
   7.4574697528196241       -2.6041260236999921E-091
   7.4645467915821939       -1.2983513930656221E-091
   7.4716238303447637       -6.4666211952876815E-092
   7.4787008691073336       -3.2174933021513966E-092
   7.4857779078699034       -1.5992378964989043E-092
   7.4928549466324732       -7.9407919541977320E-093
   7.4999319853950430       -3.9388552410855844E-093
   7.5070090241576128       -1.9517842613168631E-093
   7.5140860629201827       -9.6616060223588691E-094
   7.5211631016827525       -4.7777419371205234E-094
   7.5282401404453223       -2.3602175475166604E-094
   7.5353171792078921       -1.1647628055644161E-094
   7.5423942179704619       -5.7422116305018768E-095
