  0.47243249416351318       0.27907003782507378     
  0.47950953292608256       0.28991011659839422     
  0.48658657168865194       0.30719932829755453     
  0.49366361045122131       0.33047316409305827     
  0.50074064921379069       0.35903106174841132     
  0.50781768797636007       0.39195709389544098     
  0.51489472673892944       0.42815044420209580     
  0.52197176550149882       0.46636471975754995     
  0.52904880426406820       0.50525464439800549     
  0.53612584302663757       0.54342822862615403     
  0.54320288178920695       0.57950214873288708     
  0.55027992055177632       0.61215781749394749     
  0.55735695931434570       0.64019551121826257     
  0.56443399807691508       0.66258394415724997     
  0.57151103683948445       0.67850285290726908     
  0.57858807560205383       0.68737646220231174     
  0.58566511436462321       0.68889613197706134     
  0.59274215312719258       0.68303100856652821     
  0.59981919188976196       0.67002608939001118     
  0.60689623065233134       0.65038772605936868     
  0.61397326941490071       0.62485720039078296     
  0.62105030817747009       0.59437357787919443     
  0.62812734694003947       0.56002754441132385     
  0.63520438570260884       0.52300834070389635     
  0.64228142446517822       0.48454620842093021     
  0.64935846322774760       0.44585294278122434     
  0.65643550199031697       0.40806320652231837     
  0.66351254075288635       0.37217920355117301     
  0.67058957951545572       0.33902114689549145     
  0.67766661827802510       0.30918569783579880     
  0.68474365704059448       0.28301421676434996     
  0.69182069580316385       0.26057226769665326     
  0.69889773456573323       0.24164137359977580     
  0.70597477332830261       0.22572354409979437     
  0.71305181209087198       0.21205860489594258     
  0.72012885085344136       0.19965386259543025     
  0.72720588961601074       0.18732515242605866     
  0.73428292837858011       0.17374785218535516     
  0.74135996714114949       0.15751601727798875     
  0.74843700590371887       0.13720741321669636     
  0.75551404466628824       0.11145190900023857     
  0.76259108342885762        7.9000463472097715E-002
  0.76966812219142700        3.8791803038699724E-002
  0.77674516095399637       -9.9861325606130022E-003
  0.78382219971656575       -6.7842797993703685E-002
  0.79089923847913512      -0.13494229333736418     
  0.79797627724170450      -0.21107348595460149     
  0.80505331600427388      -0.29563474577834209     
  0.81213035476684325      -0.38763444425465399     
  0.81920739352941263      -0.48570769184848150     
  0.82628443229198201      -0.58814906226708685     
  0.83336147105455138      -0.69296031098828814     
  0.84043850981712076      -0.79791138238431647     
  0.84751554857969014      -0.90061235537346351     
  0.85459258734225951      -0.99859344111926573     
  0.86166962610482889       -1.0893897509789465     
  0.86874666486739827       -1.1706273231206841     
  0.87582370362996764       -1.2401068455430966     
  0.88290074239253702       -1.2958816430626088     
  0.88997778115510640       -1.3363267952975089     
  0.89705481991767577       -1.3601966995270938     
  0.90413185868024515       -1.3666689549457873     
  0.91120889744281464       -1.3553730851833938     
  0.91828593620538412       -1.3264032928791363     
  0.92536297496795350       -1.2803151129996690     
  0.93244001373052288       -1.2181064639047998     
  0.93951705249309236       -1.1411841572015238     
  0.94659409125566185       -1.0513173984039070     
  0.95367113001823123      -0.95058017939901307     
  0.96074816878080060      -0.84128472941163812     
  0.96782520754337009      -0.72590836059895159     
  0.97490224630593958      -0.60701613074105376     
  0.98197928506850896      -0.48718176517176526     
  0.98905632383107833      -0.36890924980906598     
  0.99613336259364782      -0.25455744097203864     
   1.0032104013562173      -0.14626994477361044     
   1.0102874401187867       -4.5912402100954590E-002
   1.0173644788813561        4.4980829240840986E-002
   1.0244415176439254       0.12524878528750716     
   1.0315185564064950       0.19413322186818607     
   1.0385955951690644       0.25129387528955449     
   1.0456726339316338       0.29680875178482308     
   1.0527496726942034       0.33115899821481648     
   1.0598267114567728       0.35519844721130744     
   1.0669037502193421       0.37010854073120492     
   1.0739807889819115       0.37733999336069013     
   1.0810578277444809       0.37854322644942356     
   1.0881348665070505       0.37549024334622733     
   1.0952119052696199       0.36999117640620544     
   1.1022889440321892       0.36380916889001236     
   1.1093659827947588       0.35857751431083890     
   1.1164430215573282       0.35572302626816010     
   1.1235200603198976       0.35639943105113803     
   1.1305970990824670       0.36143415809585139     
   1.1376741378450363       0.37129126353322001     
   1.1447511766076059       0.38605239244883571     
   1.1518282153701753       0.40541671622111941     
   1.1589052541327447       0.42871973613127662     
   1.1659822928953143       0.45496979549590488     
   1.1730593316578837       0.48290016425253357     
   1.1801363704204531       0.51103372227433497     
   1.1872134091830224       0.53775663007517982     
   1.1942904479455918       0.56139698128942761     
   1.2013674867081614       0.58030430369011621     
   1.2084445254707308       0.59292591588198629     
   1.2155215642333002       0.59787653465521873     
   1.2225986029958698       0.59399812318150547     
   1.2296756417584391       0.58040771714953177     
   1.2367526805210085       0.55653179900570005     
   1.2438297192835779       0.52212664058523450     
   1.2509067580461473       0.47728483552347911     
   1.2579837968087169       0.42242893795461300     
   1.2650608355712862       0.35829367016848690     
   1.2721378743338556       0.28589853342868604     
   1.2792149130964252       0.20651284602230907     
   1.2862919518589946       0.12161525176525972     
   1.2933689906215640        3.2849617036289649E-002
   1.3004460293841333       -5.8020997217803370E-002
   1.3075230681467027      -0.14916089599334034     
   1.3146001069092723      -0.23870776189296672     
   1.3216771456718417      -0.32481732418551973     
   1.3287541844344111      -0.40570612354354191     
   1.3358312231969807      -0.47969196699740591     
   1.3429082619595500      -0.54523174124658380     
   1.3499853007221194      -0.60095624965420524     
   1.3570623394846888      -0.64570167656013944     
   1.3641393782472582      -0.67853718768134186     
   1.3712164170098278      -0.69878807717160052     
   1.3782934557723971      -0.70605380001600193     
   1.3853704945349665      -0.70022020810614971     
   1.3924475332975359      -0.68146535707181244     
   1.3995245720601055      -0.65025837617431359     
   1.4066016108226749      -0.60735109181108504     
   1.4136786495852443      -0.55376235262049400     
   1.4207556883478136      -0.49075529860732103     
   1.4278327271103830      -0.41980812056077793     
   1.4349097658729526      -0.34257914004097628     
   1.4419868046355220      -0.26086727723430764     
   1.4490638433980914      -0.17656914251554393     
   1.4561408821606607       -9.1634074413107447E-002
   1.4632179209232303       -8.0184485311105957E-003
   1.4702949596857997        7.2359494395870333E-002
   1.4773719984483691       0.14766319202228581     
   1.4844490372109385       0.21617874520377969     
   1.4915260759735081       0.27635260712575954     
   1.4986031147360774       0.32682542171618789     
   1.5056801534986468       0.36646160501626879     
   1.5127571922612162       0.39437436363087142     
   1.5198342310237858       0.40994589055311292     
   1.5269112697863552       0.41284247445198907     
   1.5339883085489245       0.40302421728539262     
   1.5410653473114939       0.38074899788402605     
   1.5481423860740633       0.34657027174327110     
   1.5552194248366329       0.30132828655992328     
   1.5622964635992023       0.24613434309501034     
   1.5693735023617716       0.18234785915026394     
   1.5764505411243412       0.11154620856189366     
   1.5835275798869106        3.5487603284887967E-002
   1.5906046186494800       -4.3932351128117587E-002
   1.5976816574120494      -0.12472939519903727     
   1.6047586961746187      -0.20488321467653087     
   1.6118357349371883      -0.28239209713425895     
   1.6189127736997577      -0.35532755700558150     
   1.6259898124623271      -0.42188666984240869     
   1.6330668512248967      -0.48043983187645484     
   1.6401438899874661      -0.52957179805768884     
   1.6472209287500355      -0.56811415204010762     
   1.6542979675126048      -0.59516781058817336     
   1.6613750062751742      -0.61011473294808394     
   1.6684520450377438      -0.61261865046642816     
   1.6755290838003132      -0.60261530180196787     
   1.6826061225628826      -0.58029329903333859     
   1.6896831613254522      -0.54606730568054218     
   1.6967602000880215      -0.50054563163356725     
   1.7038372388505909      -0.44449460609238428     
   1.7109142776131603      -0.37880215674024703     
   1.7179913163757297      -0.30444289749466064     
   1.7250683551382993      -0.22244672184656841     
   1.7321453939008686      -0.13387244375177215     
   1.7392224326634380       -3.9787466286266622E-002
   1.7462994714260076        5.8746158136957251E-002
   1.7533765101885770       0.16067952725314408     
   1.7604535489511464       0.26497935849410054     
   1.7675305877137157       0.37062639402411335     
   1.7746076264762851       0.47661132056686178     
   1.7816846652388547       0.58192993299280760     
   1.7887617040014241       0.68557924891838540     
   1.7958387427639935       0.78655609728814324     
   1.8029157815265631       0.88385938046352874     
   1.8099928202891324       0.97649678191442069     
   1.8170698590517018        1.0634962033730004     
   1.8241468978142712        1.1439217130068240     
   1.8312239365768406        1.2168933155637880     
   1.8383009753394102        1.2816094570983962     
   1.8453780141019795        1.3373708826692527     
   1.8524550528645489        1.3836042960087458     
   1.8595320916271185        1.4198842339255362     
   1.8666091303896879        1.4459516610797876     
   1.8736861691522573        1.4617279976264126     
   1.8807632079148267        1.4673235890139757     
   1.8878402466773960        1.4630399839363051     
   1.8949172854399656        1.4493657703271861     
   1.9019943242025350        1.4269660981793428     
   1.9090713629651044        1.3966663631445670     
   1.9161484017276738        1.3594308134116799     
   1.9232254404902431        1.3163370586629708     
   1.9303024792528125        1.2685475963478392     
   1.9373795180153819        1.2172795272092096     
   1.9444565567779513        1.1637736158596830     
   1.9515335955405206        1.1092637753621255     
   1.9586106343030900        1.0549479326690405     
   1.9656876730656594        1.0019610811536199     
   1.9727647118282288       0.95135116344486104     
   1.9798417505907981       0.90405826628153074     
   1.9869187893533675       0.86089745971756537     
   1.9939958281159369       0.82254548241639924     
   2.0010728668785065       0.78953136566399695     
   2.0081499056410754       0.76223100027578272     
   2.0152269444036452       0.74086557921754570     
   2.0223039831662142       0.72550378928419779     
   2.0293810219287840       0.71606757183074332     
   2.0364580606913529       0.71234122011016243     
   2.0435350994539228       0.71398352543415233     
   2.0506121382164917       0.72054262432201865     
   2.0576891769790615       0.73147313447698159     
   2.0647662157416304       0.74615510143467523     
   2.0718432545042003       0.76391421446475216     
   2.0789202932667692       0.78404269536341265     
   2.0859973320293390       0.80582022319810698     
   2.0930743707919079       0.82853423758841549     
   2.1001514095544778       0.85149896744052922     
   2.1072284483170467       0.87407256431671743     
   2.1143054870796165       0.89567178096556122     
   2.1213825258421855       0.91578372498283700     
   2.1284595646047553       0.93397433206031721     
   2.1355366033673242       0.94989333792037323     
   2.1426136421298940       0.96327567649293533     
   2.1496906808924630       0.97393938686289439     
   2.1567677196550328       0.98178026523430517     
   2.1638447584176017       0.98676364288828844     
   2.1709217971801715       0.98891379958464010     
   2.1779988359427405       0.98830162762515061     
   2.1850758747053103       0.98503123949889704     
   2.1921529134678792       0.97922625757777237     
   2.1992299522304490       0.97101653502458019     
   2.2063069909930180       0.96052603167361061     
   2.2133840297555878       0.94786250739972655     
   2.2204610685181567       0.93310960018280720     
   2.2275381072807265       0.91632173000799788     
   2.2346151460432955       0.89752211775168367     
   2.2416921848058653       0.87670403660118712     
   2.2487692235684342       0.85383523003368433     
   2.2558462623310040       0.82886524381709459     
   2.2629233010935730       0.80173523966892257     
   2.2700003398561428       0.77238969537704560     
   2.2770773786187117       0.74078926055875161     
   2.2841544173812816       0.70692393834034917     
   2.2912314561438505       0.67082570923245033     
   2.2983084949064203       0.63257971042671879     
   2.3053855336689892       0.59233313498367934     
   2.3124625724315591       0.55030112098816597     
   2.3195396111941280       0.50676905718656706     
   2.3266166499566978       0.46209093166497672     
   2.3336936887192667       0.41668358306767156     
   2.3407707274818366       0.37101696599571465     
   2.3478477662444055       0.32560079768272893     
   2.3549248050069753       0.28096819478916613     
   2.3620018437695443       0.23765712022606353     
   2.3690788825321141       0.19619062471535842     
   2.3761559212946830       0.15705697334506105     
   2.3832329600572528       0.12069078446351522     
   2.3903099988198218        8.7456272282620290E-002
   2.3973870375823916        5.7633576093138669E-002
   2.4044640763449605        3.1408983905725003E-002
   2.4115411151075303        8.8696275021123063E-003
   2.4186181538700993       -9.9970454962596354E-003
   2.4256951926326691       -2.5299010433922468E-002
   2.4327722313952380       -3.7230898514033148E-002
   2.4398492701578078       -4.6061283497794064E-002
   2.4469263089203768       -5.2116820239608008E-002
   2.4540033476829466       -5.5764216569134321E-002
   2.4610803864455155       -5.7391136104567017E-002
   2.4681574252080853       -5.7387170680604518E-002
   2.4752344639706543       -5.6125985218831616E-002
   2.4823115027332241       -5.3949628776632945E-002
   2.4893885414957930       -5.1155832260689066E-002
   2.4964655802583628       -4.7988889550248097E-002
   2.5035426190209318       -4.4634461676669797E-002
   2.5106196577835016       -4.1218372463294010E-002
   2.5176966965460705       -3.7809198415044404E-002
   2.5247737353086404       -3.4424214454546014E-002
   2.5318507740712093       -3.1038056729222368E-002
   2.5389278128337791       -2.7593316975480731E-002
   2.5460048515963480       -2.4012198183351045E-002
   2.5530818903589179       -2.0208341982418908E-002
   2.5601589291214868       -1.6097982679659551E-002
   2.5672359678840566       -1.1609684946254537E-002
   2.5743130066466255       -6.6920714937985315E-003
   2.5813900454091954       -1.3191303871090531E-003
   2.5884670841717643        4.5071062691571847E-003
   2.5955441229343341        1.0756515449261077E-002
   2.6026211616969031        1.7373278388927105E-002
   2.6096982004594729        2.4280360729351653E-002
   2.6167752392220418        3.1385589432286962E-002
   2.6238522779846116        3.8588750828379668E-002
   2.6309293167471806        4.5789094020086317E-002
   2.6380063555097504        5.2892630946051865E-002
   2.6450833942723193        5.9818675152308362E-002
   2.6521604330348891        6.6505149149549761E-002
   2.6592374717974581        7.2912306330649851E-002
   2.6663145105600279        7.9024647500834280E-002
   2.6733915493225968        8.4850953296881013E-002
   2.6804685880851666        9.0422491601824931E-002
   2.6875456268477356        9.5789584022006255E-002
   2.6946226656103054       0.10101681979051895     
   2.7016997043728743       0.10617728341919049     
   2.7087767431354441       0.11134621071388166     
   2.7158537818980131       0.11659450544744360     
   2.7229308206605829       0.12198253732556195     
   2.7300078594231518       0.12755460406718253     
   2.7370848981857216       0.13333438112141141     
   2.7441619369482906       0.13932160741496194     
   2.7512389757108604       0.14549017070280398     
   2.7583160144734293       0.15178766770038021     
   2.7653930532359992       0.15813642788631760     
   2.7724700919985681       0.16443591057490467     
   2.7795471307611379       0.17056631644398626     
   2.7866241695237068       0.17639319990041741     
   2.7937012082862767       0.18177282904413117     
   2.8007782470488456       0.18655801603695157     
   2.8078552858114154       0.19060413193301612     
   2.8149323245739843       0.19377502527013291     
   2.8220093633365542       0.19594858120292655     
   2.8290864020991231       0.19702168559929442     
   2.8361634408616929       0.19691439410681272     
   2.8432404796242619       0.19557314753185651     
   2.8503175183868317       0.19297291990174226     
   2.8573945571494006       0.18911823244084067     
   2.8644715959119704       0.18404301375230409     
   2.8715486346745394       0.17780933234039428     
   2.8786256734371092       0.17050507099961057     
   2.8857027121996781       0.16224065243912580     
   2.8927797509622479       0.15314496080331405     
   2.8998567897248169       0.14336063355456771     
   2.9069338284873867       0.13303892161902189     
   2.9140108672499556       0.12233433193944293     
   2.9210879060125254       0.11139927491185714     
   2.9281649447750944       0.10037893903709461     
   2.9352419835376642        8.9406606150131740E-002
   2.9423190223002331        7.8599602746972128E-002
   2.9493960610628029        6.8056056516172220E-002
   2.9564730998253719        5.7852592912267867E-002
   2.9635501385879417        4.8043065623089201E-002
   2.9706271773505106        3.8658368646572246E-002
   2.9777042161130804        2.9707328348359166E-002
   2.9847812548756494        2.1178623564227360E-002
   2.9918582936382192        1.3043632978451822E-002
   2.9989353324007881        5.2600641466486204E-003
   3.0060123711633580       -2.2238199548710660E-003
   3.0130894099259269       -9.4645909197461318E-003
   3.0201664486884967       -1.6518895146725988E-002
   3.0272434874510656       -2.3438786094701864E-002
   3.0343205262136355       -3.0267386192890974E-002
   3.0413975649762044       -3.7035099718824870E-002
   3.0484746037387742       -4.3756570168421327E-002
   3.0555516425013431       -5.0428537764749058E-002
   3.0626286812639130       -5.7028706748767748E-002
   3.0697057200264819       -6.3515680405722336E-002
   3.0767827587890517       -6.9829967177110167E-002
   3.0838597975516207       -7.5896006630256432E-002
   3.0909368363141905       -8.1625112438290987E-002
   3.0980138750767594       -8.6919183614124915E-002
   3.1050909138393292       -9.1674997451695980E-002
   3.1121679526018982       -9.5788869884839326E-002
   3.1192449913644680       -9.9161452620331228E-002
   3.1263220301270369      -0.10170243212428486     
   3.1333990688896067      -0.10333490334567491     
   3.1404761076521757      -0.10399921028709767     
   3.1475531464147455      -0.10365607490916270     
   3.1546301851773144      -0.10228887358850167     
   3.1617072239398842       -9.9904964244035527E-002
   3.1687842627024532       -9.6536014840425996E-002
   3.1758613014650230       -9.2237332692186522E-002
   3.1829383402275919       -8.7086241279302673E-002
   3.1900153789901617       -8.1179594769726679E-002
   3.1970924177527307       -7.4630558047024287E-002
   3.2041694565153005       -6.7564810082049800E-002
   3.2112464952778694       -6.0116349756980256E-002
   3.2183235340404392       -5.2423095054518372E-002
   3.2254005728030082       -4.4622468697329346E-002
   3.2324776115655780       -3.6847156203710825E-002
   3.2395546503281469       -2.9221206717969621E-002
   3.2466316890907168       -2.1856624074257477E-002
   3.2537087278532857       -1.4850566863609520E-002
   3.2607857666158555       -8.2832435076508580E-003
   3.2678628053784244       -2.2165533168502852E-003
   3.2749398441409943        3.3065109514063208E-003
   3.2820168829035632        8.2617176879301001E-003
   3.2890939216661330        1.2642758150030424E-002
   3.2961709604287019        1.6459792424457626E-002
   3.3032479991912718        1.9737478721111083E-002
   3.3103250379538407        2.2512601164457451E-002
   3.3174020767164105        2.4831421085247656E-002
   3.3244791154789795        2.6746880373382669E-002
   3.3315561542415493        2.8315783007119847E-002
   3.3386331930041182        2.9596072966069649E-002
   3.3457102317666880        3.0644314128106840E-002
   3.3527872705292570        3.1513461370878112E-002
   3.3598643092918268        3.2250992981048894E-002
   3.3669413480543957        3.2897453699733417E-002
   3.3740183868169655        3.3485436372335073E-002
   3.3810954255795345        3.4039009236796931E-002
   3.3881724643421043        3.4573576283757713E-002
   3.3952495031046732        3.5096140625401041E-002
   3.4023265418672430        3.5605926024544376E-002
   3.4094035806298120        3.6095300093170815E-002
   3.4164806193923818        3.6550934420907288E-002
   3.4235576581549507        3.6955132113800013E-002
   3.4306346969175205        3.7287251824174875E-002
   3.4377117356800895        3.7525159101630068E-002
   3.4447887744426593        3.7646640442151658E-002
   3.4518658132052282        3.7630722313817054E-002
   3.4589428519677980        3.7458846187214921E-002
   3.4660198907303670        3.7115860656357455E-002
   3.4730969294929368        3.6590802554508556E-002
   3.4801739682555057        3.5877450020865502E-002
   3.4872510070180756        3.4974641270187547E-002
   3.4943280457806445        3.3886362927851556E-002
   3.5014050845432143        3.2621620857836132E-002
   3.5084821233057832        3.1194114150341512E-002
   3.5155591620683531        2.9621739152308500E-002
   3.5226362008309220        2.7925955004359126E-002
   3.5297132395934918        2.6131045057775758E-002
   3.5367902783560607        2.4263309824064456E-002
   3.5438673171186306        2.2350226860022044E-002
   3.5509443558811995        2.0419611368446569E-002
   3.5580213946437693        1.8498808494697892E-002
   3.5650984334063383        1.6613944546493297E-002
   3.5721754721689081        1.4789259898815127E-002
   3.5792525109314770        1.3046541412169250E-002
   3.5863295496940468        1.1404667029095093E-002
   3.5934065884566158        9.8792700439918075E-003
   3.6004836272191856        8.4825255655811890E-003
   3.6075606659817545        7.2230570819519320E-003
   3.6146377047443243        6.1059569352064974E-003
   3.6217147435068933        5.1329110220936260E-003
   3.6287917822694631        4.3024152296543845E-003
   3.6358688210320320        3.6100690280523309E-003
   3.6429458597946018        3.0489302820120440E-003
   3.6500228985571708        2.6099146848974834E-003
   3.6570999373197406        2.2822232183229907E-003
   3.6641769760823095        2.0537816283317145E-003
   3.6712540148448793        1.9116770045739190E-003
   3.6783310536074483        1.8425780592843334E-003
   3.6854080923700181        1.8331275303458551E-003
   3.6924851311325870        1.8702971782743585E-003
   3.6995621698951568        1.9416980141879077E-003
   3.7066392086577258        2.0358405943985592E-003
   3.7137162474202956        2.1423423656111123E-003
   3.7207932861828645        2.2520810720913385E-003
   3.7278703249454344        2.3572950841039783E-003
   3.7349473637080033        2.4516331299630763E-003
   3.7420244024705731        2.5301572799881740E-003
   3.7491014412331420        2.5893041201998828E-003
   3.7561784799957119        2.6268098595359666E-003
   3.7632555187582808        2.6416056405136491E-003
   3.7703325575208506        2.6336895829386212E-003
   3.7774095962834195        2.6039821047520008E-003
   3.7844866350459894        2.5541708609119187E-003
   3.7915636738085583        2.4865512523080903E-003
   3.7986407125711281        2.4038679168795476E-003
   3.8057177513336971        2.3091619602924711E-003
   3.8127947900962669        2.2056279494477053E-003
   3.8198718288588358        2.0964839129065781E-003
   3.8269488676214056        1.9848567996843367E-003
   3.8340259063839746        1.8736850700193158E-003
   3.8411029451465444        1.7656393529630187E-003
   3.8481799839091133        1.6630614258988084E-003
   3.8552570226716831        1.5679211658115701E-003
   3.8623340614342521        1.4817906022457578E-003
   3.8694111001968219        1.4058337740396058E-003
   3.8764881389593908        1.3408107587519671E-003
   3.8835651777219606        1.2870940042844642E-003
   3.8906422164845296        1.2446949425360451E-003
   3.8977192552470994        1.2132987984769072E-003
   3.9047962940096683        1.1923055162809605E-003
   3.9118733327722381        1.1808747971826608E-003
   3.9189503715348071        1.1779733707235525E-003
   3.9260274102973769        1.1824227908262129E-003
   3.9331044490599458        1.1929462495470246E-003
   3.9401814878225156        1.2082131237044838E-003
   3.9472585265850846        1.2268802028982660E-003
   3.9543355653476544        1.2476287827523271E-003
   3.9614126041102233        1.2691970367162831E-003
   3.9684896428727932        1.2904072968957887E-003
   3.9755666816353621        1.3101880739193315E-003
   3.9826437203979319        1.3275908238562701E-003
   3.9897207591605008        1.3418016240123853E-003
   3.9967977979230707        1.3521480475357610E-003
   4.0038748366856396        1.3581016287229318E-003
   4.0109518754482094        1.3592763871808043E-003
   4.0180289142107783        1.3554239308102205E-003
   4.0251059529733482        1.3464256867734049E-003
   4.0321829917359171        1.3322828184968317E-003
   4.0392600304984869        1.3131043779675956E-003
   4.0463370692610559        1.2890942189069448E-003
   4.0534141080236257        1.2605371607178227E-003
   4.0604911467861946        1.2277848482268768E-003
   4.0675681855487644        1.1912417008682090E-003
   4.0746452243113334        1.1513512895863724E-003
   4.0817222630739032        1.1085834226099609E-003
   4.0887993018364721        1.0634221643324073E-003
   4.0958763405990419        1.0163549564851540E-003
   4.1029533793616109        9.6786295894846425E-004
   4.1100304181241807        9.1841267995701036E-004
   4.1171074568867496        8.6844892286761096E-004
   4.1241844956493194        8.1838903954753732E-004
   4.1312615344118884        7.6861844904862336E-004
   4.1383385731744582        7.1948735458395041E-004
   4.1454156119370271        6.7130857176872483E-004
   4.1524926506995969        6.2435636633063885E-004
   4.1595696894621659        5.7886618963099541E-004
   4.1666467282247357        5.3503519488029084E-004
   4.1737237669873046        4.9302341534007710E-004
   4.1808008057498744        4.5295548751420349E-004
   4.1878778445124434        4.1492280677296470E-004
   4.1949548832750132        3.7898600947022462E-004
   4.2020319220375821        3.4517768387460100E-004
   4.2091089608001520        3.1350522165551643E-004
   4.2161859995627209        2.8395373180064583E-004
   4.2232630383252907        2.5648894930686985E-004
   4.2303400770878596        2.3106008144968085E-004
   4.2374171158504295        2.0760254462068629E-004
   4.2444941546129984        1.8604055440805663E-004
   4.2515711933755682        1.6628954061146086E-004
   4.2586482321381371        1.4825836710858451E-004
   4.2657252709007070        1.3185134384701257E-004
   4.2728023096632759        1.1697002468074517E-004
   4.2798793484258457        1.0351479029654988E-004
   4.2869563871884147        9.1386220098815904E-005
   4.2940334259509845        8.0486260681887888E-005
   4.3011104647135534        7.0719201471026384E-005
   4.3081875034761232        6.1992470324576403E-005
   4.3152645422386922        5.4217263435508745E-005
   4.3223415810012620        4.7309024829371317E-005
   4.3294186197638309        4.1187791208154546E-005
   4.3364956585264007        3.5778417914832659E-005
   4.3435726972889697        3.1010701467071850E-005
   4.3506497360515395        2.6819413501816191E-005
   4.3577267748141084        2.3144260150489229E-005
   4.3648038135766782        1.9929779885810159E-005
   4.3718808523392472        1.7125191797628452E-005
   4.3789578911018170        1.4684205111262383E-005
   4.3860349298643859        1.2564799595532215E-005
   4.3931119686269557        1.0728985350095799E-005
   4.4001890073895247        9.1425493379733864E-006
   4.4072660461520945        7.7747949586590850E-006
   4.4143430849146634        6.5982799543344466E-006
   4.4214201236772332        5.5885570163522582E-006
   4.4284971624398022        4.7239206174159943E-006
   4.4355742012023720        3.9851628396203212E-006
   4.4426512399649409        3.3553402999011720E-006
   4.4497282787275108        2.8195536905453097E-006
   4.4568053174900797        2.3647409496182805E-006
   4.4638823562526495        1.9794846496470832E-006
   4.4709593950152184        1.6538338369672302E-006
   4.4780364337777883        1.3791402625803482E-006
   4.4851134725403572        1.1479087116895060E-006
   4.4921905113029270        9.5366095675117540E-007
   4.4992675500654959        7.9081272150195479E-007
   4.5063445888280658        6.5456294484815918E-007
   4.5134216275906347        5.4079456797140180E-007
   4.5204986663532045        4.4598603015897113E-007
   4.5275757051157735        3.6713264384711382E-007
   4.5346527438783433        3.0167702279008542E-007
   4.5417297826409122        2.4744775526279787E-007
   4.5488068214034820        2.0260554337795247E-007
   4.5558838601660510        1.6559606702443539E-007
   4.5629608989286208        1.3510887412352122E-007
   4.5700379376911897        1.1004164576637901E-007
   4.5771149764537595        8.9469233620247860E-008
   4.5841920152163285        7.2616916377091439E-008
   4.5912690539788983        5.8837370863880431E-008
   4.5983460927414672        4.7590900884383984E-008
   4.6054231315040370        3.8428512282744100E-008
   4.6125001702666060        3.0977465656018646E-008
   4.6195772090291758        2.4928978296847991E-008
   4.6266542477917447        2.0027784145025662E-008
   4.6337312865543145        1.6063294696194035E-008
   4.6408083253168835        1.2862134965915477E-008
   4.6478853640794533        1.0281856808899998E-008
   4.6549624028420222        8.2056572632236864E-009
   4.6620394416045920        6.5379522782348011E-009
   4.6691164803671610        5.2006763646913943E-009
   4.6761935191297308        4.1301965618005630E-009
   4.6832705578922997        3.2747448393395942E-009
   4.6903475966548696        2.5922868351771242E-009
   4.6974246354174385        2.0487568563666579E-009
   4.7045016741800083        1.6165995252275899E-009
   4.7115787129425772        1.2735675004650093E-009
   4.7186557517051471        1.0017325062526026E-009
   4.7257327904677160        7.8667360610181871E-010
   4.7328098292302858        6.1681239763746423E-010
   4.7398868679928547        4.8286970106122694E-010
   4.7469639067554246        3.7742247796104509E-010
   4.7540409455179935        2.9454324648269331E-010
   4.7611179842805633        2.2950724104961406E-010
   4.7681950230431323        1.7855507696355346E-010
   4.7752720618057021        1.3870079013982966E-010
   4.7823491005682710        1.0757688919639352E-010
   4.7894261393308408        8.3309532682696376E-011
   4.7965031780934098        6.4418173047630153E-011
   4.8035802168559796        4.9735029495714866E-011
   4.8106572556185485        3.8340597213045830E-011
   4.8177342943811183        2.9512098818050522E-011
   4.8248113331436873        2.2682359379540419E-011
   4.8318883719062571        1.7407059377395044E-011
   4.8389654106688260        1.3338707839185193E-011
   4.8460424494313958        1.0205995132857457E-011
   4.8531194881939648        7.7974437657066970E-012
   4.8601965269565346        5.9484862773640835E-012
   4.8672735657191035        4.5312704705765558E-012
   4.8743506044816733        3.4466309142138964E-012
   4.8814276432442423        2.6177777824750621E-012
   4.8885046820068121        1.9853445474451076E-012
   4.8955817207693810        1.5035088487171922E-012
   4.9026587595319508        1.1369593390433959E-012
   4.9097357982945198        8.5852816900080610E-013
   4.9168128370570896        6.4734625228404572E-013
   4.9238898758196585        4.8740836312043585E-013
   4.9309669145822284        3.6645893734641141E-013
   4.9380439533447973        2.7512837981763846E-013
   4.9451209921073671        2.0626469584814009E-013
   4.9521980308699360        1.5441714938199650E-013
   4.9592750696325059        1.1543803930077678E-013
   4.9663521083950748        8.6176087319987627E-014
   4.9734291471576446        6.4240755272051238E-014
   4.9805061859202135        4.7821383593028825E-014
   4.9875832246827834        3.5548628021019216E-014
   4.9946602634453523        2.6388476281743797E-014
   5.0017373022079221        1.9561316609474816E-014
   5.0088143409704911        1.4480236835318843E-014
   5.0158913797330609        1.0704060595555165E-014
   5.0229684184956298        7.9016582424894220E-015
   5.0300454572581996        5.8248691478082491E-015
   5.0371224960207686        4.2879903144514463E-015
   5.0441995347833384        3.1522636357127873E-015
   5.0512765735459073        2.3141621658689722E-015
   5.0583536123084771        1.6965589563014192E-015
   5.0654306510710461        1.2420795347321767E-015
   5.0725076898336159        9.0810589526180107E-016
   5.0795847285961848        6.6302753236732927E-016
   5.0866617673587546        4.8343260060889775E-016
   5.0937388061213236        3.5200668941849797E-016
   5.1008158448838934        2.5596336113791771E-016
   5.1078928836464623        1.8587367048449483E-016
   5.1149699224090321        1.3479456834086255E-016
   5.1220469611716011        9.7620854479828869E-017
   5.1291239999341709        7.0604071646735428E-017
   5.1362010386967398        5.0995874013559051E-017
   5.1432780774593096        3.6784062260611455E-017
   5.1503551162218786        2.6497499251523383E-017
   5.1574321549844484        1.9062147156330599E-017
   5.1645091937470173        1.3694987608721318E-017
   5.1715862325095872        9.8259719374297144E-018
   5.1786632712721561        7.0406796819097623E-018
   5.1857403100347259        5.0382530085234482E-018
   5.1928173487972948        3.6005827391399471E-018
   5.1998943875598647        2.5697694236899327E-018
   5.2069714263224336        1.8316612244346452E-018
   5.2140484650850034        1.3038476799686208E-018
   5.2211255038475723        9.2691593218376725E-019
   5.2282025426101422        6.5809209597496191E-019
   5.2352795813727111        4.6662380217226251E-019
   5.2423566201352809        3.3043194186070401E-019
   5.2494336588978499        2.3368621960015449E-019
   5.2565106976604197        1.6505213372426588E-019
   5.2635877364229886        1.1642524125090869E-019
   5.2706647751855584        8.2018553648882365E-020
   5.2777418139481274        5.7705473097299136E-020
   5.2848188527106972        4.0547381931844441E-020
   5.2918958914732661        2.8454470306582944E-020
   5.2989729302358359        1.9942565262728214E-020
   5.3060499689984049        1.3959032272890255E-020
   5.3131270077609747        9.7583031988179582E-021
   5.3202040465235436        6.8130085932915801E-021
   5.3272810852861134        4.7506180415480600E-021
   5.3343581240486824        3.3083294113124444E-021
   5.3414351628112522        2.3009952972107891E-021
   5.3485122015738211        1.5983502693070559E-021
   5.3555892403363909        1.1088640635628841E-021
   5.3626662790989599        7.6830852891158709E-022
   5.3697433178615297        5.3167330868729836E-022
   5.3768203566240986        3.6745721244325546E-022
   5.3838973953866684        2.5364263439990142E-022
   5.3909744341492374        1.7486066863133327E-022
   5.3980514729118072        1.2039743808950086E-022
   5.4051285116743761        8.2793913595645484E-023
   5.4122055504369460        5.6863874612037647E-023
   5.4192825891995158        3.9006067132688570E-023
   5.4263596279620856        2.6723070568886830E-023
   5.4334366667246554        1.8285204659330871E-023
   5.4405137054872252        1.2496067166536129E-023
   5.4475907442497951        8.5291885065836081E-024
   5.4546677830123649        5.8143836379374841E-024
   5.4617448217749347        3.9587860098484172E-024
   5.4688218605375045        2.6920523472952947E-024
   5.4758988993000743        1.8283900760050651E-024
   5.4829759380626442        1.2402774147740075E-024
   5.4900529768252140        8.4029964048341912E-025
   5.4971300155877838        5.6861146645978569E-025
   5.5042070543503536        3.8429423225432711E-025
   5.5112840931129234        2.5940578359019478E-025
   5.5183611318754933        1.7488948138930266E-025
   5.5254381706380631        1.1776511956195029E-025
   5.5325152094006329        7.9202577679718867E-026
   5.5395922481632027        5.3202531717886701E-026
   5.5466692869257725        3.5694089971320577E-026
   5.5537463256883424        2.3918395417781585E-026
   5.5608233644509122        1.6008113565423679E-026
   5.5679004032134820        1.0700925225557041E-026
   5.5749774419760518        7.1445721009171107E-027
   5.5820544807386216        4.7643701694084841E-027
   5.5891315195011915        3.1732902856890005E-027
   5.5962085582637613        2.1110075511900652E-027
   5.6032855970263311        1.4026395878069817E-027
   5.6103626357889009        9.3084925313971931E-028
   5.6174396745514708        6.1700716198141173E-028
   5.6245167133140406        4.0848796862572856E-028
   5.6315937520766104        2.7011404614903754E-028
   5.6386707908391802        1.7839986327613443E-028
   5.6457478296017500        1.1768522074689558E-028
   5.6528248683643199        7.7540750684810270E-029
   5.6599019071268897        5.1029268440943914E-029
   5.6669789458894595        3.3542122856793246E-029
   5.6740559846520293        2.2021363261686068E-029
   5.6811330234145991        1.4440455598446169E-029
   5.6882100621771690        9.4580413859086403E-030
   5.6952871009397388        6.1873647866881110E-030
   5.7023641397023086        4.0429186387865125E-030
   5.7094411784648784        2.6385760621565858E-030
   5.7165182172274482        1.7200066821251831E-030
   5.7235952559900181        1.1198944908943503E-030
   5.7306722947525879        7.2830131586627501E-031
   5.7377493335151577        4.7307788136449400E-031
   5.7448263722777275        3.0693209204152334E-031
   5.7519034110402973        1.9890266633955280E-031
   5.7589804498028672        1.2874432562288471E-031
   5.7660574885654370        8.3234870404920921E-032
   5.7731345273280068        5.3749294331672121E-032
   5.7802115660905766        3.4668176501634372E-032
   5.7872886048531464        2.2334720650248424E-032
   5.7943656436157163        1.4372153983643066E-032
   5.8014426823782861        9.2375227693496020E-033
   5.8085197211408559        5.9303730682814153E-033
   5.8155967599034257        3.8027856437710628E-033
   5.8226737986659955        2.4356535612897604E-033
   5.8297508374285654        1.5582011586932794E-033
   5.8368278761911352        9.9569507953946297E-034
   5.8439049149537050        6.3551311891102802E-034
   5.8509819537162748        4.0515246642781676E-034
   5.8580589924788447        2.5799348844665343E-034
   5.8651360312414145        1.6409516045294335E-034
   5.8722130700039843        1.0425095622250815E-034
   5.8792901087665541        6.6154903471627423E-035
   5.8863671475291239        4.1931675931918105E-035
   5.8934441862916938        2.6547342603661105E-035
   5.9005212250542636        1.6788001679302401E-035
   5.9075982638168334        1.0604166246057157E-035
   5.9146753025794032        6.6904307742117581E-036
   5.9217523413419730        4.2163059504678055E-036
   5.9288293801045429        2.6540621257282749E-036
   5.9359064188671127        1.6687505768470876E-036
   5.9429834576296825        1.0480297065047331E-036
   5.9500604963922523        6.5744286483047406E-037
   5.9571375351548221        4.1195059603276541E-037
   5.9642145739173920        2.5783114889006282E-037
   5.9712916126799618        1.6118669535107904E-037
   5.9783686514425316        1.0065306073680325E-037
   5.9854456902051014        6.2781139070078995E-038
   5.9925227289676712        3.9114360002538061E-038
   5.9995997677302411        2.4341566112973195E-038
   6.0066768064928109        1.5130959588109281E-038
   6.0137538452553807        9.3948641523416008E-039
   6.0208308840179505        5.8266781119365687E-039
   6.0279079227805203        3.6095947331634708E-039
   6.0349849615430902        2.2335884837086264E-039
   6.0420620003056600        1.3805609358630373E-039
   6.0491390390682298        8.5234633731289509E-040
   6.0562160778307996        5.2563601486751986E-040
   6.0632931165933694        3.2378969159083123E-040
   6.0703701553559393        1.9922792064941859E-040
   6.0774471941185091        1.2244669132931760E-040
   6.0845242328810789        7.5171628725429463E-041
   6.0916012716436487        4.6096855627136929E-041
   6.0986783104062186        2.8235758643908049E-041
   6.1057553491687884        1.7275825719783778E-041
   6.1128323879313582        1.0558196421306093E-041
   6.1199094266939280        6.4454404876837129E-042
   6.1269864654564978        3.9303188234250247E-042
   6.1340635042190677        2.3939531153935188E-042
   6.1411405429816375        1.4565203148758263E-042
   6.1482175817442073        8.8517850938820215E-043
   6.1552946205067771        5.3735209541749617E-043
   6.1623716592693469        3.2583757179154806E-043
   6.1694486980319168        1.9735941954443991E-043
   6.1765257367944866        1.1940689248215027E-043
   6.1836027755570564        7.2163256453803513E-044
   6.1906798143196262        4.3563061081730132E-044
   6.1977568530821960        2.6268576643759399E-044
   6.2048338918447659        1.5822347714592689E-044
   6.2119109306073357        9.5196697203049815E-045
   6.2189879693699055        5.7212345358468617E-045
   6.2260650081324753        3.4345897873899267E-045
   6.2331420468950451        2.0595748747962091E-045
   6.2402190856576150        1.2336677684861241E-045
   6.2472961244201848        7.3813722106484408E-046
   6.2543731631827546        4.4115842400158584E-046
   6.2614502019453244        2.6337282329287756E-046
   6.2685272407078942        1.5706035666004990E-046
   6.2756042794704641        9.3558179030766547E-047
   6.2826813182330339        5.5669436326729794E-047
   6.2897583569956037        3.3088119824035900E-047
   6.2968353957581735        1.9644811939311531E-047
   6.3039124345207433        1.1650498201046121E-047
   6.3109894732833132        6.9017983780620698E-048
   6.3180665120458830        4.0841482715986686E-048
   6.3251435508084528        2.4141402891105294E-048
   6.3322205895710226        1.4254289891702962E-048
   6.3392976283335924        8.4071937331674196E-049
   6.3463746670961623        4.9531241488337422E-049
   6.3534517058587321        2.9149449965213760E-049
   6.3605287446213019        1.7135816701561281E-049
   6.3676057833838717        1.0062429335788938E-049
   6.3746828221464416        5.9023474059411567E-050
   6.3817598609090114        3.4583653937852493E-050
   6.3888368996715812        2.0241442692104339E-050
   6.3959139384341510        1.1834143174315382E-050
   6.4029909771967208        6.9112600549255729E-051
   6.4100680159592907        4.0318372984350962E-051
   6.4171450547218605        2.3494943016970428E-051
   6.4242220934844303        1.3676397448621322E-051
   6.4312991322470001        7.9523453697828734E-052
   6.4383761710095699        4.6189710179999185E-052
   6.4454532097721398        2.6799210837435295E-052
   6.4525302485347096        1.5531944000716568E-052
   6.4596072872972794        8.9920134070465980E-053
   6.4666843260598492        5.2001475862705256E-053
   6.4737613648224190        3.0040161352979375E-053
   6.4808384035849889        1.7334726421682437E-053
   6.4879154423475587        9.9921773274260106E-054
   6.4949924811101285        5.7534978080362742E-054
   6.5020695198726983        3.3092739223713940E-054
   6.5091465586352681        1.9013527338376894E-054
   6.5162235973978380        1.0912446953025814E-054
   6.5233006361604078        6.2562102558249490E-055
   6.5303776749229776        3.5828656685561624E-055
   6.5374547136855474        2.0496512624028330E-055
   6.5445317524481172        1.1712778769928917E-055
   6.5516087912106871        6.6860663265624599E-056
   6.5586858299732569        3.8125228031728600E-056
   6.5657628687358267        2.1716283494630311E-056
   6.5728399074983965        1.2356346849477456E-056
   6.5799169462609663        7.0230614030014592E-057
   6.5869939850235362        3.9874465680761004E-057
   6.5940710237861060        2.2614946884662313E-057
   6.6011480625486758        1.2812350146102279E-057
   6.6082251013112456        7.2509481990386637E-058
   6.6153021400738155        4.0991501542316254E-058
   6.6223791788363853        2.3148673809548778E-058
   6.6294562175989551        1.3058458361927930E-058
   6.6365332563615249        7.3585364784411859E-059
   6.6436102951240947        4.1421418710730310E-059
   6.6506873338866646        2.3291245534040889E-059
   6.6577643726492344        1.3082625675139598E-059
   6.6648414114118042        7.3406042296142034E-060
   6.6719184501743740        4.1143727034810062E-060
   6.6789954889369438        2.3036187723292725E-060
   6.6860725276995137        1.2884067087277503E-060
   6.6931495664620835        7.1983169555367072E-061
   6.7002266052246533        4.0173974691872357E-061
   6.7073036439872231        2.2397250800984907E-061
   6.7143806827497929        1.2473287319621081E-061
   6.7214577215123628        6.9391083062443775E-062
   6.7285347602749326        3.8562320165484577E-062
   6.7356117990375024        2.1407187794141192E-062
   6.7426888378000722        1.1871163212786456E-062
   6.7497658765626420        6.5760385052000578E-063
   6.7568429153252119        3.6389245624489507E-063
   6.7639199540877817        2.0114980166703309E-063
   6.7709969928503515        1.1107190818362732E-063
   6.7780740316129213        6.1267074163047028E-064
   6.7851510703754911        3.3758920190504408E-064
   6.7922281091380610        1.8581837775504182E-064
   6.7993051479006308        1.0217101438874862E-064
   6.8063821866632006        5.6118477610065685E-065
   6.8134592254257704        3.0790972178811893E-065
   6.8205362641883402        1.6876425840836024E-065
   6.8276133029509101        9.2401136058562271E-066
   6.8346903417134799        5.0537541916159623E-066
   6.8417673804760497        2.7611569411229848E-066
   6.8488444192386195        1.5069833302116701E-066
   6.8559214580011894        8.2161126761995975E-067
   6.8629984967637592        4.4747122147592329E-067
   6.8700755355263290        2.4344721941100680E-067
   6.8771525742888988        1.3230788105843685E-067
   6.8842296130514686        7.1830352198556315E-068
   6.8913066518140385        3.8955776191084522E-068
   6.8983836905766083        2.1104618702244196E-068
   6.9054607293391781        1.1421552400116060E-068
   6.9125377681017479        6.1746868436747695E-069
   6.9196148068643177        3.3346257933948407E-069
   6.9266918456268876        1.7989613598230442E-069
   6.9337688843894574        9.6948103843409073E-070
   6.9408459231520272        5.2191496448424605E-070
   6.9479229619145970        2.8067473118103465E-070
   6.9550000006771668        1.5078224573499325E-070
   6.9620770394397367        8.0917156688547515E-071
   6.9691540782023065        4.3378519213835048E-071
   6.9762311169648763        2.3230187787225175E-071
   6.9833081557274461        1.2427243080573209E-071
   6.9903851944900159        6.6411169166461126E-072
   6.9974622332525858        3.5452911183677934E-072
   7.0045392720151556        1.8906333151125930E-072
   7.0116163107777254        1.0071809883791081E-072
   7.0186933495402952        5.3598510774999862E-073
   7.0257703883028650        2.8493322774190727E-073
   7.0328474270654349        1.5131389938806015E-073
   7.0399244658280047        8.0271259633281691E-074
   7.0470015045905745        4.2538976854830951E-074
   7.0540785433531443        2.2519559245269122E-074
   7.0611555821157141        1.1909095903184155E-074
   7.0682326208782840        6.2913512752519166E-075
   7.0753096596408538        3.3201330386818007E-075
   7.0823866984034236        1.7503045495884295E-075
   7.0894637371659934        9.2176139078195268E-076
   7.0965407759285632        4.8492026381742253E-076
   7.1036178146911331        2.5484097122131831E-076
   7.1106948534537029        1.3378746960362089E-076
   7.1177718922162727        7.0163148102109337E-077
   7.1248489309788425        3.6757866951547033E-077
   7.1319259697414124        1.9237087102700354E-077
   7.1390030085039822        1.0057180942381781E-077
   7.1460800472665520        5.2524427171363917E-078
   7.1531570860291218        2.7402782253946673E-078
   7.1602341247916916        1.4281585807577141E-078
   7.1673111635542615        7.4354423388322029E-079
   7.1743882023168313        3.8671048940667300E-079
   7.1814652410794011        2.0091576845616086E-079
   7.1885422798419709        1.0427763742918716E-079
   7.1956193186045407        5.4065172604209732E-080
   7.2026963573671106        2.8002281385079385E-080
   7.2097733961296804        1.4488345934549312E-080
   7.2168504348922502        7.4884843628200933E-081
   7.2239274736548200        3.8665081868509528E-081
   7.2310045124173898        1.9943160508623053E-081
   7.2380815511799597        1.0275884997835772E-081
   7.2451585899425295        5.2892590968846110E-082
   7.2522356287050993        2.7196997345087876E-082
   7.2593126674676691        1.3970042943323037E-082
   7.2663897062302389        7.1684513466059414E-083
   7.2734667449928088        3.6745479101703567E-083
   7.2805437837553786        1.8816273201020450E-083
   7.2876208225179484        9.6253067964718113E-084
   7.2946978612805182        4.9186619779022704E-084
   7.3017749000430880        2.5109088678415316E-084
   7.3088519388056579        1.2804618641792399E-084
   7.3159289775682277        6.5231027648861211E-085
   7.3230060163307975        3.3196615976541444E-085
   7.3300830550933673        1.6876624127956525E-085
   7.3371600938559371        8.5709637373606997E-086
   7.3442371326185070        4.3483670835558516E-086
   7.3513141713810768        2.2038160876005997E-086
   7.3583912101436466        1.1157766044312520E-086
   7.3654682489062164        5.6432858502278587E-087
   7.3725452876687863        2.8512801290930529E-087
   7.3796223264313561        1.4391329221795959E-087
   7.3866993651939259        7.2563004113894798E-088
   7.3937764039564957        3.6549636875351004E-088
   7.4008534427190655        1.8390963659157907E-088
   7.4079304814816354        9.2444196821745472E-089
   7.4150075202442052        4.6420381806588146E-089
   7.4220845590067750        2.3285833576228136E-089
   7.4291615977693448        1.1668876276357196E-089
   7.4362386365319146        5.8414489229477611E-090
   7.4433156752944845        2.9212355155250381E-090
   7.4503927140570543        1.4593757886748892E-090
   7.4574697528196241        7.2832029912266933E-091
   7.4645467915821939        3.6310525968790473E-091
   7.4716238303447637        1.8084131155163189E-091
   7.4787008691073336        8.9974175051622582E-092
   7.4857779078699034        4.4719130372490963E-092
   7.4928549466324732        2.2203641642387272E-092
   7.4999319853950430        1.1013125433568597E-092
   7.5070090241576128        5.4569831172813434E-093
   7.5140860629201827        2.7011606500120278E-093
   7.5211631016827525        1.3356852468368165E-093
   7.5282401404453223        6.5980239011359662E-094
   7.5353171792078921        3.2559656178708523E-094
   7.5423942179704619        1.6050997810605076E-094
