  0.47243249416351318       0.61273698611501470     
  0.47950953292608256       0.70552764718527416     
  0.48658657168865194       0.77921584439515590     
  0.49366361045122131       0.83081883644059396     
  0.50074064921379069       0.85797990156982085     
  0.50781768797636007       0.85907854986596599     
  0.51489472673892944       0.83332270791690910     
  0.52197176550149882       0.78081702679760012     
  0.52904880426406820       0.70260160260089488     
  0.53612584302663757       0.60065605161467062     
  0.54320288178920695       0.47786509380643144     
  0.55027992055177632       0.33794355222192157     
  0.55735695931434570       0.18532089069927696     
  0.56443399807691508        2.4987943988122343E-002
  0.57151103683948445      -0.13768885298440786     
  0.57858807560205383      -0.29717788690099023     
  0.58566511436462321      -0.44800739822132896     
  0.59274215312719258      -0.58499347347176034     
  0.59981919188976196      -0.70345850908545449     
  0.60689623065233134      -0.79942771921481937     
  0.61397326941490071      -0.86979226908796081     
  0.62105030817747009      -0.91242953300075613     
  0.62812734694003947      -0.92627367327356536     
  0.63520438570260884      -0.91133300535009520     
  0.64228142446517822      -0.86865418548407580     
  0.64935846322774760      -0.80023682647907568     
  0.65643550199031697      -0.70890540379901767     
  0.66351254075288635      -0.59814797549890408     
  0.67058957951545572      -0.47193307716324934     
  0.67766661827802510      -0.33451701965176928     
  0.68474365704059448      -0.19025366093545357     
  0.69182069580316385       -4.3417592963117271E-002
  0.69889773456573323       0.10195027452013136     
  0.70597477332830261       0.24216831401895872     
  0.71305181209087198       0.37400743167377976     
  0.72012885085344136       0.49475134453938663     
  0.72720588961601074       0.60222589240356539     
  0.73428292837858011       0.69480150318802136     
  0.74135996714114949       0.77137433719256565     
  0.74843700590371887       0.83133224650070636     
  0.75551404466628824       0.87451150887087903     
  0.76259108342885762       0.90114943244852086     
  0.76966812219142700       0.91183656103428679     
  0.77674516095399637       0.90747057773508577     
  0.78382219971656575       0.88921237051794666     
  0.79089923847913512       0.85844333957794050     
  0.79797627724170450       0.81672210349941754     
  0.80505331600427388       0.76573843779736761     
  0.81213035476684325       0.70726260423153342     
  0.81920739352941263       0.64308915315255344     
  0.82628443229198201       0.57497566224164309     
  0.83336147105455138       0.50457849629588314     
  0.84043850981712076       0.43338926983040155     
  0.84751554857969014       0.36267699062798064     
  0.85459258734225951       0.29344160713150713     
  0.86166962610482889       0.22638468676964296     
  0.86874666486739827       0.16190211834495760     
  0.87582370362996764       0.10010207221636859     
  0.88290074239253702        4.0849095647884276E-002
  0.88997778115510640       -1.6167597691743314E-002
  0.89705481991767577       -7.1346547634566840E-002
  0.90413185868024515      -0.12507482170110093     
  0.91120889744281464      -0.17762693915441938     
  0.91828593620538412      -0.22907297366955795     
  0.92536297496795350      -0.27920693839544419     
  0.93244001373052288      -0.32750535555412469     
  0.93951705249309236      -0.37312346079319442     
  0.94659409125566185      -0.41493296804280305     
  0.95367113001823123      -0.45160104140778751     
  0.96074816878080060      -0.48170551569925540     
  0.96782520754337009      -0.50387697340227366     
  0.97490224630593958      -0.51695453401762537     
  0.98197928506850896      -0.52013960848693297     
  0.98905632383107833      -0.51313078342558827     
  0.99613336259364782      -0.49622364662826535     
   1.0032104013562173      -0.47036178673524104     
   1.0102874401187867      -0.43712924309373319     
   1.0173644788813561      -0.39868000869964026     
   1.0244415176439254      -0.35760630559203876     
   1.0315185564064950      -0.31675365566120495     
   1.0385955951690644      -0.27899661092940470     
   1.0456726339316338      -0.24699375806712354     
   1.0527496726942034      -0.22294373458177782     
   1.0598267114567728      -0.20836510215367116     
   1.0669037502193421      -0.20392182637092107     
   1.0739807889819115      -0.20931284469521999     
   1.0810578277444809      -0.22323902378918609     
   1.0881348665070505      -0.24345417403894892     
   1.0952119052696199      -0.26689932233637187     
   1.1022889440321892      -0.28991185944596465     
   1.1093659827947588      -0.30849421421705864     
   1.1164430215573282      -0.31862104877114755     
   1.1235200603198976      -0.31656017696823008     
   1.1305970990824670      -0.29918085977105391     
   1.1376741378450363      -0.26422397954013110     
   1.1447511766076059      -0.21051175617001899     
   1.1518282153701753      -0.13807982771963781     
   1.1589052541327447       -4.8221168105677101E-002
   1.1659822928953143        5.6561194940515563E-002
   1.1730593316578837       0.17268808861023521     
   1.1801363704204531       0.29571314640242818     
   1.1872134091830224       0.42058944657584896     
   1.1942904479455918       0.54197244889254370     
   1.2013674867081614       0.65453585530096947     
   1.2084445254707308       0.75327717560793817     
   1.2155215642333002       0.83379195063980482     
   1.2225986029958698       0.89249945103700001     
   1.2296756417584391       0.92680775300145779     
   1.2367526805210085       0.93521181922511165     
   1.2438297192835779       0.91732397922766384     
   1.2509067580461473       0.87384144011954157     
   1.2579837968087169       0.80645969481134216     
   1.2650608355712862       0.71774360198155651     
   1.2721378743338556       0.61096933483266425     
   1.2792149130964252       0.48995035730821423     
   1.2862919518589946       0.35885927584157057     
   1.2933689906215640       0.22205515309186413     
   1.3004460293841333        8.3923063842456541E-002
   1.3075230681467027       -5.1270241710487996E-002
   1.3146001069092723      -0.17950331668088720     
   1.3216771456718417      -0.29711037085875858     
   1.3287541844344111      -0.40087686904560105     
   1.3358312231969807      -0.48812246233344148     
   1.3429082619595500      -0.55677270695224801     
   1.3499853007221194      -0.60541973872526400     
   1.3570623394846888      -0.63337042649123443     
   1.3641393782472582      -0.64067887406450896     
   1.3712164170098278      -0.62815883025951025     
   1.3782934557723971      -0.59737090693553974     
   1.3853704945349665      -0.55057971292232710     
   1.3924475332975359      -0.49067718260280452     
   1.3995245720601055      -0.42107047003845161     
   1.4066016108226749      -0.34553561556018408     
   1.4136786495852443      -0.26804147845552401     
   1.4207556883478136      -0.19255179206167516     
   1.4278327271103830      -0.12281622545887691     
   1.4349097658729526       -6.2163632813803840E-002
   1.4419868046355220       -1.3311905151393093E-002
   1.4490638433980914        2.1791215474813903E-002
   1.4561408821606607        4.2083431208038376E-002
   1.4632179209232303        4.7449110584898119E-002
   1.4702949596857997        3.8720104109200112E-002
   1.4773719984483691        1.7614433153410533E-002
   1.4844490372109385       -1.3383919731534820E-002
   1.4915260759735081       -5.1196083911213768E-002
   1.4986031147360774       -9.2358005338411056E-002
   1.5056801534986468      -0.13325337705497509     
   1.5127571922612162      -0.17035254915518136     
   1.5198342310237858      -0.20043984035359094     
   1.5269112697863552      -0.22081287418937340     
   1.5339883085489245      -0.22944016584476493     
   1.5410653473114939      -0.22506692251259491     
   1.5481423860740633      -0.20726351597736947     
   1.5552194248366329      -0.17641589965161986     
   1.5622964635992023      -0.13366191472005262     
   1.5693735023617716       -8.0781532406588114E-002
   1.5764505411243412       -2.0052256406315184E-002
   1.5835275798869106        4.5917086459378649E-002
   1.5906046186494800       0.11436022725374190     
   1.5976816574120494       0.18252163130882218     
   1.6047586961746187       0.24780729082472636     
   1.6118357349371883       0.30790903787837537     
   1.6189127736997577       0.36089643216258660     
   1.6259898124623271       0.40527364127700632     
   1.6330668512248967       0.44000196085918830     
   1.6401438899874661       0.46449141276411093     
   1.6472209287500355       0.47856698008082699     
   1.6542979675126048       0.48241634867131405     
   1.6613750062751742       0.47652648717483825     
   1.6684520450377438       0.46161606841104447     
   1.6755290838003132       0.43856975366021467     
   1.6826061225628826       0.40837892442379103     
   1.6896831613254522       0.37209178084728256     
   1.6967602000880215       0.33077405901858098     
   1.7038372388505909       0.28548015052704734     
   1.7109142776131603       0.23723328742228569     
   1.7179913163757297       0.18701277112448353     
   1.7250683551382993       0.13574599358923792     
   1.7321453939008686        8.4303177484774547E-002
   1.7392224326634380        3.3493251469540589E-002
   1.7462994714260076       -1.5940055054950053E-002
   1.7533765101885770       -6.3322110707239934E-002
   1.7604535489511464      -0.10805088600244570     
   1.7675305877137157      -0.14959928119066096     
   1.7746076264762851      -0.18751537782439237     
   1.7816846652388547      -0.22141988346642366     
   1.7887617040014241      -0.25100046217497213     
   1.7958387427639935      -0.27600324171391255     
   1.8029157815265631      -0.29622245275565617     
   1.8099928202891324      -0.31148976280619362     
   1.8170698590517018      -0.32166529997767268     
   1.8241468978142712      -0.32663252311494145     
   1.8312239365768406      -0.32629892588358195     
   1.8383009753394102      -0.32060405005612769     
   1.8453780141019795      -0.30953546345668864     
   1.8524550528645489      -0.29315231279915088     
   1.8595320916271185      -0.27161490939606636     
   1.8666091303896879      -0.24521768704946445     
   1.8736861691522573      -0.21442193195526549     
   1.8807632079148267      -0.17988405665849883     
   1.8878402466773960      -0.14247497673178428     
   1.8949172854399656      -0.10328640967146474     
   1.9019943242025350       -6.3620659043887584E-002
   1.9090713629651044       -2.4961628163555016E-002
   1.9161484017276738        1.1073668152740688E-002
   1.9232254404902431        4.2802092849782404E-002
   1.9303024792528125        6.8557096724619390E-002
   1.9373795180153819        8.6782713601559175E-002
   1.9444565567779513        9.6133035486121621E-002
   1.9515335955405206        9.5570417058714704E-002
   1.9586106343030900        8.4455236234630554E-002
   1.9656876730656594        6.2620188790425121E-002
   1.9727647118282288        3.0422818824964972E-002
   1.9798417505907981       -1.1228769696640538E-002
   1.9869187893533675       -6.0880409904918747E-002
   1.9939958281159369      -0.11656801318137877     
   2.0010728668785065      -0.17588470216313787     
   2.0081499056410754      -0.23607622269751360     
   2.0152269444036452      -0.29416004288222564     
   2.0223039831662142      -0.34706198369087832     
   2.0293810219287840      -0.39176308064452792     
   2.0364580606913529      -0.42544871580923843     
   2.0435350994539228      -0.44565191068724536     
   2.0506121382164917      -0.45038302142051562     
   2.0576891769790615      -0.43823888212227230     
   2.0647662157416304      -0.40848562683130485     
   2.0718432545042003      -0.36111089338720648     
   2.0789202932667692      -0.29684277121112829     
   2.0859973320293390      -0.21713459556264214     
   2.0930743707919079      -0.12411641472175194     
   2.1001514095544778       -2.0515575894862088E-002
   2.1072284483170467        9.0449683074623352E-002
   2.1143054870796165       0.20519854350057620     
   2.1213825258421855       0.31993179608737587     
   2.1284595646047553       0.43078526590773686     
   2.1355366033673242       0.53398551859140253     
   2.1426136421298940       0.62600090439692047     
   2.1496906808924630       0.70368131596789985     
   2.1567677196550328       0.76438064503621128     
   2.1638447584176017       0.80605679544086573     
   2.1709217971801715       0.82734520777157416     
   2.1779988359427405       0.82760312864004748     
   2.1850758747053103       0.80692325977309953     
   2.1921529134678792       0.76611688508662024     
   2.1992299522304490       0.70666802708232157     
   2.2063069909930180       0.63066155266009527     
   2.2133840297555878       0.54068935786850691     
   2.2204610685181567       0.43973974087550183     
   2.2275381072807265       0.33107576205811007     
   2.2346151460432955       0.21810874435460606     
   2.2416921848058653       0.10427306070192002     
   2.2487692235684342       -7.0920130653634068E-003
   2.2558462623310040      -0.11284830812418395     
   2.2629233010935730      -0.21014855936834650     
   2.2700003398561428      -0.29650712596980050     
   2.2770773786187117      -0.36985011384151040     
   2.2841544173812816      -0.42854474659247510     
   2.2912314561438505      -0.47140912457919887     
   2.2983084949064203      -0.49770463212909860     
   2.3053855336689892      -0.50711411859964117     
   2.3124625724315591      -0.49970952948168346     
   2.3195396111941280      -0.47591286690673068     
   2.3266166499566978      -0.43645421327442968     
   2.3336936887192667      -0.38233008709017391     
   2.3407707274818366      -0.31476467481485770     
   2.3478477662444055      -0.23517557795473126     
   2.3549248050069753      -0.14514472747310006     
   2.3620018437695443       -4.6394150701558522E-002
   2.3690788825321141        5.9234571683565079E-002
   2.3761559212946830       0.16979896361171445     
   2.3832329600572528       0.28327460476100552     
   2.3903099988198218       0.39757662059745313     
   2.3973870375823916       0.51058571320193513     
   2.4044640763449605       0.62018020585008282     
   2.4115411151075303       0.72427481531953730     
   2.4186181538700993       0.82086595537029172     
   2.4256951926326691       0.90808240710241739     
   2.4327722313952380       0.98423926789735428     
   2.4398492701578078        1.0478923082300748     
   2.4469263089203768        1.0978893101138780     
   2.4540033476829466        1.1334146969528109     
   2.4610803864455155        1.1540238299663357     
   2.4681574252080853        1.1596637485704311     
   2.4752344639706543        1.1506778475067481     
   2.4823115027332241        1.1277929595340408     
   2.4893885414957930        1.0920884724283051     
   2.4964655802583628        1.0449483589717421     
   2.5035426190209318       0.98799823582274748     
   2.5106196577835016       0.92303068915754760     
   2.5176966965460705       0.85192301837632911     
   2.5247737353086404       0.77655217761037554     
   2.5318507740712093       0.69871198519012356     
   2.5389278128337791       0.62003759801122649     
   2.5460048515963480       0.54194181438151279     
   2.5530818903589179       0.46556700731094719     
   2.5601589291214868       0.39175545740408368     
   2.5672359678840566       0.32103962772822064     
   2.5743130066466255       0.25365259299473192     
   2.5813900454091954       0.18955749894674123     
   2.5884670841717643       0.12849368031029779     
   2.5955441229343341        7.0035993634129462E-002
   2.6026211616969031        1.3663096487974993E-002
   2.6096982004594729       -4.1170121202392843E-002
   2.6167752392220418       -9.4960945165468685E-002
   2.6238522779846116      -0.14809293906290807     
   2.6309293167471806      -0.20078014340362202     
   2.6380063555097504      -0.25302504359495975     
   2.6450833942723193      -0.30459302831061635     
   2.6521604330348891      -0.35500495488326272     
   2.6592374717974581      -0.40354825630218905     
   2.6663145105600279      -0.44930584187661271     
   2.6733915493225968      -0.49120093459363817     
   2.6804685880851666      -0.52805501859481341     
   2.6875456268477356      -0.55865529432131145     
   2.6946226656103054      -0.58182749674229661     
   2.7016997043728743      -0.59650964784320115     
   2.7087767431354441      -0.60182229607192150     
   2.7158537818980131      -0.59713103484965491     
   2.7229308206605829      -0.58209756738848351     
   2.7300078594231518      -0.55671626160396182     
   2.7370848981857216      -0.52133397303037821     
   2.7441619369482906      -0.47665185490566503     
   2.7512389757108604      -0.42370886899455201     
   2.7583160144734293      -0.36384770367489699     
   2.7653930532359992      -0.29866474492015915     
   2.7724700919985681      -0.22994658332901499     
   2.7795471307611379      -0.15959623529529129     
   2.7866241695237068       -8.9552776218156591E-002
   2.7937012082862767       -2.1708405401862377E-002
   2.8007782470488456        4.2172926552952197E-002
   2.8078552858114154       0.10053129838855659     
   2.8149323245739843       0.15207728258375453     
   2.8220093633365542       0.19584585984496108     
   2.8290864020991231       0.23123519878443100     
   2.8361634408616929       0.25802848803193684     
   2.8432404796242619       0.27639786317828619     
   2.8503175183868317       0.28689036497559622     
   2.8573945571494006       0.29039675247028579     
   2.8644715959119704       0.28810483031020978     
   2.8715486346745394       0.28143969143672876     
   2.8786256734371092       0.27199388797165602     
   2.8857027121996781       0.26145099459915411     
   2.8927797509622479       0.25150629897411902     
   2.8998567897248169       0.24378843121098237     
   2.9069338284873867       0.23978562816033833     
   2.9140108672499556       0.24078002712124572     
   2.9210879060125254       0.24779291677961454     
   2.9281649447750944       0.26154326806698475     
   2.9352419835376642       0.28242115888635294     
   2.9423190223002331       0.31047693384590080     
   2.9493960610628029       0.34542614556781398     
   2.9564730998253719       0.38666955033777134     
   2.9635501385879417       0.43332671818059676     
   2.9706271773505106       0.48428120177894435     
   2.9777042161130804       0.53823471946035017     
   2.9847812548756494       0.59376746627483989     
   2.9918582936382192       0.64940148651420293     
   2.9989353324007881       0.70366402402857875     
   3.0060123711633580       0.75514790727136016     
   3.0130894099259269       0.80256630951744878     
   3.0201664486884967       0.84479962920719809     
   3.0272434874510656       0.88093273323147503     
   3.0343205262136355       0.91028136576178020     
   3.0413975649762044       0.93240711376484553     
   3.0484746037387742       0.94712090474847066     
   3.0555516425013431       0.95447556191165639     
   3.0626286812639130       0.95474842995810771     
   3.0697057200264819       0.94841548983999613     
   3.0767827587890517       0.93611868722566716     
   3.0838597975516207       0.91862839873313984     
   3.0909368363141905       0.89680304977087533     
   3.0980138750767594       0.87154788224139268     
   3.1050909138393292       0.84377475893181308     
   3.1121679526018982       0.81436469812128176     
   3.1192449913644680       0.78413457397247588     
   3.1263220301270369       0.75380911473556056     
   3.1333990688896067       0.72399900134822603     
   3.1404761076521757       0.69518553269867289     
   3.1475531464147455       0.66771199796681513     
   3.1546301851773144       0.64178159588730066     
   3.1617072239398842       0.61746147719764721     
   3.1687842627024532       0.59469226825197186     
   3.1758613014650230       0.57330226564317577     
   3.1829383402275919       0.55302537526474638     
   3.1900153789901617       0.53352180324170195     
   3.1970924177527307       0.51440048687830808     
   3.2041694565153005       0.49524227574145180     
   3.2112464952778694       0.47562292961114655     
   3.2183235340404392       0.45513508413269432     
   3.2254005728030082       0.43340843944823443     
   3.2324776115655780       0.41012754516096273     
   3.2395546503281469       0.38504668074653009     
   3.2466316890907168       0.35800145898432073     
   3.2537087278532857       0.32891690717280958     
   3.2607857666158555       0.29781190384371592     
   3.2678628053784244       0.26479996528712685     
   3.2749398441409943       0.23008648501160925     
   3.2820168829035632       0.19396262932201722     
   3.2890939216661330       0.15679618278686580     
   3.2961709604287019       0.11901971783186310     
   3.3032479991912718        8.1116532298979527E-002
   3.3103250379538407        4.3604856645553122E-002
   3.3174020767164105        7.0208774308405976E-003
   3.3244791154789795       -2.8098845392263948E-002
   3.3315561542415493       -6.1234974382194593E-002
   3.3386331930041182       -9.1902411814734269E-002
   3.3457102317666880      -0.11966616491285739     
   3.3527872705292570      -0.14415552245732577     
   3.3598643092918268      -0.16507606069514547     
   3.3669413480543957      -0.18221906814200275     
   3.3740183868169655      -0.19546806606890388     
   3.3810954255795345      -0.20480220174984892     
   3.3881724643421043      -0.21029640172269196     
   3.3952495031046732      -0.21211828849835368     
   3.4023265418672430      -0.21052198194189276     
   3.4094035806298120      -0.20583902122624423     
   3.4164806193923818      -0.19846675003261402     
   3.4235576581549507      -0.18885460192615722     
   3.4306346969175205      -0.17748880039158627     
   3.4377117356800895      -0.16487604536048225     
   3.4447887744426593      -0.15152679256391402     
   3.4518658132052282      -0.13793874209290613     
   3.4589428519677980      -0.12458113766438778     
   3.4660198907303670      -0.11188043895271006     
   3.4730969294929368      -0.10020786776806614     
   3.4801739682555057       -8.9869247693038057E-002
   3.4872510070180756       -8.1097459764221475E-002
   3.4943280457806445       -7.4047728336998825E-002
   3.5014050845432143       -6.8795836289234163E-002
   3.5084821233057832       -6.5339252306299153E-002
   3.5155591620683531       -6.3601040203820944E-002
   3.5226362008309220       -6.3436315853219377E-002
   3.5297132395934918       -6.4640925531241691E-002
   3.5367902783560607       -6.6961943966394086E-002
   3.5438673171186306       -7.0109533698677839E-002
   3.5509443558811995       -7.3769671351317748E-002
   3.5580213946437693       -7.7617231785674534E-002
   3.5650984334063383       -8.1328927635692688E-002
   3.5721754721689081       -8.4595628224818753E-002
   3.5792525109314770       -8.7133626349991791E-002
   3.5863295496940468       -8.8694481168037159E-002
   3.5934065884566158       -8.9073137195166699E-002
   3.6004836272191856       -8.8114099626908596E-002
   3.6075606659817545       -8.5715531027088995E-002
   3.6146377047443243       -8.1831220153040216E-002
   3.6217147435068933       -7.6470456693844363E-002
   3.6287917822694631       -6.9695922744101121E-002
   3.6358688210320320       -6.1619780120048505E-002
   3.6429458597946018       -5.2398189903004801E-002
   3.6500228985571708       -4.2224545237074973E-002
   3.6570999373197406       -3.1321729429007725E-002
   3.6641769760823095       -1.9933728454740025E-002
   3.6712540148448793       -8.3169303366982215E-003
   3.6783310536074483        3.2685656622072727E-003
   3.6854080923700181        1.4567328183651923E-002
   3.6924851311325870        2.5336390423942822E-002
   3.6995621698951568        3.5352232419928520E-002
   3.7066392086577258        4.4416761896147787E-002
   3.7137162474202956        5.2362155030490735E-002
   3.7207932861828645        5.9054468404765054E-002
   3.7278703249454344        6.4395982753744793E-002
   3.7349473637080033        6.8326286067501740E-002
   3.7420244024705731        7.0822146549326795E-002
   3.7491014412331420        7.1896263595174717E-002
   3.7561784799957119        7.1595016374898499E-002
   3.7632555187582808        6.9995354128621290E-002
   3.7703325575208506        6.7200989638962025E-002
   3.7774095962834195        6.3338067505781179E-002
   3.7844866350459894        5.8550482116544372E-002
   3.7915636738085583        5.2995017093119060E-002
   3.7986407125711281        4.6836469219496642E-002
   3.8057177513336971        4.0242906274127271E-002
   3.8127947900962669        3.3381190761188860E-002
   3.8198718288588358        2.6412881260627501E-002
   3.8269488676214056        1.9490601004157275E-002
   3.8340259063839746        1.2754940303784231E-002
   3.8411029451465444        6.3319365105007136E-003
   3.8481799839091133        3.3115306559100815E-004
   3.8552570226716831       -5.1556413902987029E-003
   3.8623340614342521       -1.0055211411105104E-002
   3.8694111001968219       -1.4313044241211397E-002
   3.8764881389593908       -1.7893037282971803E-002
   3.8835651777219606       -2.0776740761315346E-002
   3.8906422164845296       -2.2962220224918877E-002
   3.8977192552470994       -2.4462608077569149E-002
   3.9047962940096683       -2.5304415200994110E-002
   3.9118733327722381       -2.5525673159246337E-002
   3.9189503715348071       -2.5173974768328077E-002
   3.9260274102973769       -2.4304476314238661E-002
   3.9331044490599458       -2.2977918769874726E-002
   3.9401814878225156       -2.1258718362463992E-002
   3.9472585265850846       -1.9213169135661200E-002
   3.9543355653476544       -1.6907792070263786E-002
   3.9614126041102233       -1.4407857180620393E-002
   3.9684896428727932       -1.1776097058917797E-002
   3.9755666816353621       -9.0716228235025904E-003
   3.9826437203979319       -6.3490465228685997E-003
   3.9897207591605008       -3.6578078918999869E-003
   3.9967977979230707       -1.0416980459904551E-003
   4.0038748366856396        1.4614317143382335E-003
   4.0109518754482094        3.8197913136991677E-003
   4.0180289142107783        6.0076214506685245E-003
   4.0251059529733482        8.0050309499167943E-003
   4.0321829917359171        9.7977225304731325E-003
   4.0392600304984869        1.1376627838897467E-002
   4.0463370692610559        1.2737472212032358E-002
   4.0534141080236257        1.3880288728589775E-002
   4.0604911467861946        1.4808899783063205E-002
   4.0675681855487644        1.5530382768844300E-002
   4.0746452243113334        1.6054534584994395E-002
   4.0817222630739032        1.6393347670744157E-002
   4.0887993018364721        1.6560508202645874E-002
   4.0958763405990419        1.6570925030306029E-002
   4.1029533793616109        1.6440295935998266E-002
   4.1100304181241807        1.6184715928383529E-002
   4.1171074568867496        1.5820330557358563E-002
   4.1241844956493194        1.5363035691840287E-002
   4.1312615344118884        1.4828223851612300E-002
   4.1383385731744582        1.4230576036329618E-002
   4.1454156119370271        1.3583897050104619E-002
   4.1524926506995969        1.2900991573287016E-002
   4.1595696894621659        1.2193577673602456E-002
   4.1666467282247357        1.1472234062385601E-002
   4.1737237669873046        1.0746377171076023E-002
   4.1808008057498744        1.0024264029617213E-002
   4.1878778445124434        9.3130169520651979E-003
   4.1949548832750132        8.6186661557667264E-003
   4.2020319220375821        7.9462066394658196E-003
   4.2091089608001520        7.2996659043519608E-003
   4.2161859995627209        6.6821794033880937E-003
   4.2232630383252907        6.0960709330176947E-003
   4.2303400770878596        5.5429355241204811E-003
   4.2374171158504295        5.0237227343865277E-003
   4.2444941546129984        4.5388185825564215E-003
   4.2515711933755682        4.0881246885636907E-003
   4.2586482321381371        3.6711334865899550E-003
   4.2657252709007070        3.2869986561494357E-003
   4.2728023096632759        2.9346001667093884E-003
   4.2798793484258457        2.6126035524973094E-003
   4.2869563871884147        2.3195132255713893E-003
   4.2940334259509845        2.0537197973860121E-003
   4.3011104647135534        1.8135415131191957E-003
   4.3081875034761232        1.5972600106600838E-003
   4.3152645422386922        1.4031506994897918E-003
   4.3223415810012620        1.2295081161000684E-003
   4.3294186197638309        1.0746666545971232E-003
   4.3364956585264007        9.3701709629851414E-004
   4.3435726972889697        8.1501937297202625E-004
   4.3506497360515395        7.0721199731169191E-004
   4.3577267748141084        6.1221858357592357E-004
   4.3648038135766782        5.2875186311077908E-004
   4.3718808523392472        4.5561557563556431E-004
   4.3789578911018170        3.9170458933769257E-004
   4.3860349298643859        3.3600357245442048E-004
   4.3931119686269557        2.8758450733133256E-004
   4.4001890073895247        2.4560330595966066E-004
   4.4072660461520945        2.0929575452704078E-004
   4.4143430849146634        1.7797298421363153E-004
   4.4214201236772332        1.5101663681297065E-004
   4.4284971624398022        1.2787386709941655E-004
   4.4355742012023720        1.0805229942692857E-004
   4.4426512399649409        9.1115033949567425E-005
   4.4497282787275108        7.6675778142057497E-005
   4.4568053174900797        6.4394161940286248E-005
   4.4638823562526495        5.3971279735257326E-005
   4.4709593950152184        4.5145489519384252E-005
   4.4780364337777883        3.7688488552073704E-005
   4.4851134725403572        3.1401675815703854E-005
   4.4921905113029270        2.6112804096633658E-005
   4.4992675500654959        2.1672918568989029E-005
   4.5063445888280658        1.7953574104174010E-005
   4.5134216275906347        1.4844320005191974E-005
   4.5204986663532045        1.2250438310203621E-005
   4.5275757051157735        1.0090920074227601E-005
   4.5346527438783433        8.2966629841844212E-006
   4.5417297826409122        6.8088731670148442E-006
   4.5488068214034820        5.5776540034446797E-006
   4.5558838601660510        4.5607650647398146E-006
   4.5629608989286208        3.7225348630616156E-006
   4.5700379376911897        3.0329118765133453E-006
   4.5771149764537595        2.4666392176385740E-006
   4.5841920152163285        2.0025393091403496E-006
   4.5912690539788983        1.6228959722761003E-006
   4.5983460927414672        1.3129223891268423E-006
   4.6054231315040370        1.0603044442063727E-006
   4.6125001702666060        8.5480996417481510E-007
   4.6195772090291758        6.8795534242355334E-007
   4.6266542477917447        5.5272194799325181E-007
   4.6337312865543145        4.4331556921602527E-007
   4.6408083253168835        3.5496292807167490E-007
   4.6478853640794533        2.8374002025395079E-007
   4.6549624028420222        2.2642768887941894E-007
   4.6620394416045920        1.8039042852467471E-007
   4.6691164803671610        1.4347494371968579E-007
   4.6761935191297308        1.1392545571670459E-007
   4.6832705578922997        9.0313167293348295E-008
   4.6903475966548696        7.1477661770021414E-008
   4.6974246354174385        5.6478333641376578E-008
   4.7045016741800083        4.4554228512345649E-008
   4.7115787129425772        3.5090913532398656E-008
   4.7186557517051471        2.7593210180628970E-008
   4.7257327904677160        2.1662802770221220E-008
   4.7328098292302858        1.6979891845829862E-008
   4.7398868679928547        1.3288194890340771E-008
   4.7469639067554246        1.0382710300687870E-008
   4.7540409455179935        8.0997570165067812E-009
   4.7611179842805633        6.3088837994417505E-009
   4.7681950230431323        4.9063110172265343E-009
   4.7752720618057021        3.8096256977246996E-009
   4.7823491005682710        2.9534991755926955E-009
   4.7894261393308408        2.2862372481774739E-009
   4.7965031780934098        1.7670065955840825E-009
   4.8035802168559796        1.3636093471593991E-009
   4.8106572556185485        1.0507009922453267E-009
   4.8177342943811183        8.0836610785990355E-010
   4.8248113331436873        6.2098226808547986E-010
   4.8318883719062571        4.7631556901395478E-010
   4.8389654106688260        3.6480192322074770E-010
   4.8460424494313958        2.7897704908771645E-010
   4.8531194881939648        2.1302523948295285E-010
   4.8601965269565346        1.6242282350645955E-010
   4.8672735657191035        1.2365697000240351E-010
   4.8743506044816733        9.4004318699397386E-011
   4.8814276432442423        7.1357027228742862E-011
   4.8885046820068121        5.4086324875773113E-011
   4.8955817207693810        4.0935678161454607E-011
   4.9026587595319508        3.0937290937074282E-011
   4.9097357982945198        2.3346957873118188E-011
   4.9168128370570896        1.7593326643503721E-011
   4.9238898758196585        1.3238451042080815E-011
   4.9309669145822284        9.9471756684345051E-012
   4.9380439533447973        7.4634159392024175E-012
   4.9451209921073671        5.5918119572584890E-012
   4.9521980308699360        4.1835629712975780E-012
   4.9592750696325059        3.1255083284266538E-012
   4.9663521083950748        2.3317250717002992E-012
   4.9734291471576446        1.7370729822788536E-012
   4.9805061859202135        1.2922439716386777E-012
   4.9875832246827834        9.5997152751141230E-013
   4.9946602634453523        7.1213317200024832E-013
   5.0017373022079221        5.2753918378236137E-013
   5.0088143409704911        3.9024780312904878E-013
   5.0158913797330609        2.8828365545232445E-013
   5.0229684184956298        2.1266446830304020E-013
   5.0300454572581996        1.5666310886894612E-013
   5.0371224960207686        1.1524894235159931E-013
   5.0441995347833384        8.4665611423966208E-014
   5.0512765735459073        6.2112428974291097E-014
   5.0583536123084771        4.5504337178432275E-014
   5.0654306510710461        3.3291343447745352E-014
   5.0725076898336159        2.4322908898067440E-014
   5.0795847285961848        1.7746256959449465E-014
   5.0866617673587546        1.2930236187047590E-014
   5.0937388061213236        9.4084038673730361E-015
   5.1008158448838934        6.8365436684761248E-015
   5.1078928836464623        4.9610054883092026E-015
   5.1149699224090321        3.5951466426659443E-015
   5.1220469611716011        2.6018280666967529E-015
   5.1291239999341709        1.8804290062772718E-015
   5.1362010386967398        1.3572283310863227E-015
   5.1432780774593096        9.7829034747603451E-016
   5.1503551162218786        7.0421088205744518E-016
   5.1574321549844484        5.0624299490320526E-016
   5.1645091937470173        3.6344429717892869E-016
   5.1715862325095872        2.6057960368577002E-016
   5.1786632712721561        1.8658120171344846E-016
   5.1857403100347259        1.3342014943197240E-016
   5.1928173487972948        9.5280094736658299E-017
   5.1998943875598647        6.7953416398892566E-017
   5.2069714263224336        4.8400505163723443E-017
   5.2140484650850034        3.4428578154307523E-017
   5.2211255038475723        2.4457945569288367E-017
   5.2282025426101422        1.7352163923317951E-017
   5.2352795813727111        1.2294791413465580E-017
   5.2423566201352809        8.7000872382169689E-018
   5.2494336588978499        6.1483986711423152E-018
   5.2565106976604197        4.3394775194055970E-018
   5.2635877364229886        3.0587987535204741E-018
   5.2706647751855584        2.1532944578056401E-018
   5.2777418139481274        1.5138958680289552E-018
   5.2848188527106972        1.0629911369541936E-018
   5.2918958914732661        7.4542735721127712E-019
   5.2989729302358359        5.2206434080492332E-019
   5.3060499689984049        3.6516295788382729E-019
   5.3131270077609747        2.5509053252547079E-019
   5.3202040465235436        1.7797042890282286E-019
   5.3272810852861134        1.2400756248459941E-019
   5.3343581240486824        8.6297107116809154E-020
   5.3414351628112522        5.9978135617468395E-020
   5.3485122015738211        4.1633148041917791E-020
   5.3555892403363909        2.8862636599650192E-020
   5.3626662790989599        1.9984077330186538E-020
   5.3697433178615297        1.3819248634784329E-020
   5.3768203566240986        9.5441632473934788E-021
   5.3838973953866684        6.5833242873594633E-021
   5.3909744341492374        4.5353149561167340E-021
   5.3980514729118072        3.1205081043560956E-021
   5.4051285116743761        2.1443697549602302E-021
   5.4122055504369460        1.4717408872447427E-021
   5.4192825891995158        1.0088374182236562E-021
   5.4263596279620856        6.9066900294921917E-022
   5.4334366667246554        4.7225711551778540E-022
   5.4405137054872252        3.2251328826469115E-022
   5.4475907442497951        2.1997739964244513E-022
   5.4546677830123649        1.4985479507680457E-022
   5.4617448217749347        1.0195913169766067E-022
   5.4688218605375045        6.9285967155340950E-023
   5.4758988993000743        4.7025007139080707E-023
   5.4829759380626442        3.1877014564621557E-023
   5.4900529768252140        2.1582032477067149E-023
   5.4971300155877838        1.4593978828213612E-023
   5.5042070543503536        9.8564944932452806E-024
   5.5112840931129234        6.6487404965232746E-024
   5.5183611318754933        4.4794544810294947E-024
   5.5254381706380631        3.0142580660367170E-024
   5.5325152094006329        2.0258440050056387E-024
   5.5395922481632027        1.3598860978108131E-024
   5.5466692869257725        9.1173940554750525E-025
   5.5537463256883424        6.1053597944129471E-025
   5.5608233644509122        4.0834272810093854E-025
   5.5679004032134820        2.7277972756407005E-025
   5.5749774419760518        1.8200098053363097E-025
   5.5820544807386216        1.2128592332154642E-025
   5.5891315195011915        8.0727733943243249E-026
   5.5962085582637613        5.3667512859721886E-026
   5.6032855970263311        3.5635033101420009E-026
   5.6103626357889009        2.3633089253104234E-026
   5.6174396745514708        1.5654604139278650E-026
   5.6245167133140406        1.0357205206531932E-026
   5.6315937520766104        6.8441984326301937E-027
   5.6386707908391802        4.5173396303611427E-027
   5.6457478296017500        2.9779928346618351E-027
   5.6528248683643199        1.9608569672823331E-027
   5.6599019071268897        1.2895855225452240E-027
   5.6669789458894595        8.4710441818179994E-028
   5.6740559846520293        5.5578510456756332E-028
   5.6811330234145991        3.6421733028672367E-028
   5.6882100621771690        2.3839582269136617E-028
   5.6952871009397388        1.5585530373418791E-028
   5.7023641397023086        1.0177239973393416E-028
   5.7094411784648784        6.6378051311244865E-029
   5.7165182172274482        4.3241982954566789E-029
   5.7235952559900181        2.8136746891607174E-029
   5.7306722947525879        1.8286471027498432E-029
   5.7377493335151577        1.1870642012757775E-029
   5.7448263722777275        7.6967494310020434E-030
   5.7519034110402973        4.9845948651875571E-030
   5.7589804498028672        3.2243508988023164E-030
   5.7660574885654370        2.0832681880626455E-030
   5.7731345273280068        1.3444326323718727E-030
   5.7802115660905766        8.6661143256872970E-031
   5.7872886048531464        5.5795838739257934E-031
   5.7943656436157163        3.5881595988066000E-031
   5.8014426823782861        2.3048079974341473E-031
   5.8085197211408559        1.4787382985836419E-031
   5.8155967599034257        9.4763690153611148E-032
   5.8226737986659955        6.0657873797130295E-032
   5.8297508374285654        3.8781756607956700E-032
   5.8368278761911352        2.4766425953294544E-032
   5.8439049149537050        1.5797750784790571E-032
   5.8509819537162748        1.0065230485891590E-032
   5.8580589924788447        6.4054437085505543E-033
   5.8651360312414145        4.0716667138658522E-033
   5.8722130700039843        2.5851944105356429E-033
   5.8792901087665541        1.6395046439054037E-033
   5.8863671475291239        1.0385586304287038E-033
   5.8934441862916938        6.5712619128066389E-034
   5.9005212250542636        4.1530426182148538E-034
   5.9075982638168334        2.6217079378402219E-034
   5.9146753025794032        1.6531147310812678E-034
   5.9217523413419730        1.0411730074612100E-034
   5.9288293801045429        6.5500478245997626E-035
   5.9359064188671127        4.1159316363157897E-035
   5.9429834576296825        2.5834162540965987E-035
   5.9500604963922523        1.6196590972927076E-035
   5.9571375351548221        1.0142762805000686E-035
   5.9642145739173920        6.3444325436109571E-036
   5.9712916126799618        3.9639994773435625E-036
   5.9783686514425316        2.4738827302769432E-036
   5.9854456902051014        1.5421611863616821E-036
   5.9925227289676712        9.6025369641452471E-037
   5.9995997677302411        5.9723903314973572E-037
   6.0066768064928109        3.7103661670290829E-037
   6.0137538452553807        2.3024603577957588E-037
   6.0208308840179505        1.4271668959234343E-037
   6.0279079227805203        8.8361887150958690E-038
   6.0349849615430902        5.4646609532940562E-038
   6.0420620003056600        3.3757469334915650E-038
   6.0491390390682298        2.0829812445199900E-038
   6.0562160778307996        1.2838374785545497E-038
   6.0632931165933694        7.9039529144762204E-039
   6.0703701553559393        4.8605860133249704E-039
   6.0774471941185091        2.9856802936457503E-039
   6.0845242328810789        1.8319294097637437E-039
   6.0916012716436487        1.1227558170222291E-039
   6.0986783104062186        6.8734284689248883E-040
   6.1057553491687884        4.2031357980387607E-040
   6.1128323879313582        2.5673536755389869E-040
   6.1199094266939280        1.5664286774568696E-040
   6.1269864654564978        9.5465964504388107E-041
   6.1340635042190677        5.8116557968842311E-041
   6.1411405429816375        3.5339870151472415E-041
   6.1482175817442073        2.1465653778916399E-041
   6.1552946205067771        1.3023801139482802E-041
   6.1623716592693469        7.8930747231551766E-042
   6.1694486980319168        4.7782607814044216E-042
   6.1765257367944866        2.8894089306961225E-042
   6.1836027755570564        1.7452757372276404E-042
   6.1906798143196262        1.0530168411742773E-042
   6.1977568530821960        6.3463373430155921E-043
   6.2048338918447659        3.8205677347494942E-043
   6.2119109306073357        2.2974703125247754E-043
   6.2189879693699055        1.3800331084984743E-043
   6.2260650081324753        8.2803183182038297E-044
   6.2331420468950451        4.9627548565110914E-044
   6.2402190856576150        2.9710995884754564E-044
   6.2472961244201848        1.7767671702610305E-044
   6.2543731631827546        1.0613609051942295E-044
   6.2614502019453244        6.3330837523780655E-045
   6.2685272407078942        3.7747420536380981E-045
   6.2756042794704641        2.2473957362794420E-045
   6.2826813182330339        1.3365720354142551E-045
   6.2897583569956037        7.9401014314710013E-046
   6.2968353957581735        4.7117355636323789E-046
   6.3039124345207433        2.7929120426784224E-046
   6.3109894732833132        1.6536949966686027E-046
   6.3180665120458830        9.7808293074694984E-047
   6.3251435508084528        5.7785432573373772E-047
   6.3322205895710226        3.4102309003052401E-047
   6.3392976283335924        2.0103525894490636E-047
   6.3463746670961623        1.1838154842808135E-047
   6.3534517058587321        6.9633693808443872E-048
   6.3605287446213019        4.0914644694454249E-048
   6.3676057833838717        2.4013881590944240E-048
   6.3746828221464416        1.4078956622252748E-048
   6.3817598609090114        8.2452417821426890E-049
   6.3888368996715812        4.8234905257689007E-049
   6.3959139384341510        2.8186740944311928E-049
   6.4029909771967208        1.6453336730492448E-049
   6.4100680159592907        9.5937651270440159E-050
   6.4171450547218605        5.5879233018345116E-050
   6.4242220934844303        3.2511599211449010E-050
   6.4312991322470001        1.8895267787761337E-050
   6.4383761710095699        1.0969703068802982E-050
   6.4454532097721398        6.3615665254253001E-051
   6.4525302485347096        3.6851988798471383E-051
   6.4596072872972794        2.1324836929244376E-051
   6.4666843260598492        1.2326469660947306E-051
   6.4737613648224190        7.1173804133875766E-052
   6.4808384035849889        4.1051628664203232E-052
   6.4879154423475587        2.3652095195009414E-052
   6.4949924811101285        1.3612507278462044E-052
   6.5020695198726983        7.8259339297624872E-053
   6.5091465586352681        4.4943204842061781E-053
   6.5162235973978380        2.5782318576460285E-053
   6.5233006361604078        1.4774412979708488E-053
   6.5303776749229776        8.4572484529773540E-054
   6.5374547136855474        4.8359164909551412E-054
   6.5445317524481172        2.7622284921792711E-054
   6.5516087912106871        1.5760564478593454E-054
   6.5586858299732569        8.9828789663326771E-055
   6.5657628687358267        5.1143587970587014E-055
   6.5728399074983965        2.9087001411665882E-055
   6.5799169462609663        1.6524908948984454E-055
   6.5869939850235362        9.3780341509434641E-056
   6.5940710237861060        5.3163969757519866E-056
   6.6011480625486758        3.0106210726702687E-056
   6.6082251013112456        1.7030528990137994E-056
   6.6153021400738155        9.6235158683243272E-057
   6.6223791788363853        5.4321683948559100E-057
   6.6294562175989551        3.0629982615528178E-057
   6.6365332563615249        1.7252601159811988E-057
   6.6436102951240947        9.7072666150806677E-058
   6.6506873338866646        5.4559968621504951E-058
   6.6577643726492344        3.0632770601841642E-058
   6.6648414114118042        1.7180416619253156E-058
   6.6719184501743740        9.6253511194275592E-059
   6.6789954889369438        5.3868536705151893E-059
   6.6860725276995137        3.0115474672517191E-059
   6.6931495664620835        1.6818234817929280E-059
   6.7002266052246533        9.3822608284483146E-060
   6.7073036439872231        5.2284289341910251E-060
   6.7143806827497929        2.9105278379003595E-060
   6.7214577215123628        1.6184875742627661E-060
   6.7285347602749326        8.9905087341794809E-061
   6.7356117990375024        4.9888066383498447E-061
   6.7426888378000722        2.7653289565919528E-061
   6.7497658765626420        1.5312104177820909E-061
   6.7568429153252119        8.4695650954655187E-062
   6.7639199540877817        4.6797830749009070E-062
   6.7709969928503515        2.5830268845391008E-062
   6.7780740316129213        1.4241998508126869E-062
   6.7851510703754911        7.8442597024085396E-063
   6.7922281091380610        4.3159084193862520E-063
   6.7993051479006308        2.3720941234193698E-063
   6.8063821866632006        1.3023606432239874E-063
   6.8134592254257704        7.1428325103321151E-064
   6.8205362641883402        3.9133593897405582E-064
   6.8276133029509101        2.1417524443742840E-064
   6.8346903417134799        1.1709255527696411E-064
   6.8417673804760497        6.3948442986149580E-065
   6.8488444192386195        3.4887636404833367E-065
   6.8559214580011894        1.9013155651942662E-065
   6.8629984967637592        1.0350900732745582E-065
   6.8700755355263290        5.6291596675139479E-066
   6.8771525742888988        3.0580928916864061E-066
   6.8842296130514686        1.6595856047373222E-066
   6.8913066518140385        8.9968550057682189E-067
   6.8983836905766083        4.8721882018201129E-067
   6.9054607293391781        2.6357235491549554E-067
   6.9125377681017479        1.4243552419074075E-067
   6.9196148068643177        7.6891730040167543E-068
   6.9266918456268876        4.1465221667953449E-068
   6.9337688843894574        2.2337346732409609E-068
   6.9408459231520272        1.2020501994913646E-068
   6.9479229619145970        6.4618554380344015E-069
   6.9550000006771668        3.4700495212491053E-069
   6.9620770394397367        1.8614788063854870E-069
   6.9691540782023065        9.9752707875550539E-070
   6.9762311169648763        5.3399310729072912E-070
   6.9833081557274461        2.8555590961918511E-070
   6.9903851944900159        1.5254268289467744E-070
   6.9974622332525858        8.1402270335460869E-071
   7.0045392720151556        4.3393706330047146E-071
   7.0116163107777254        2.3107993916652454E-071
   7.0186933495402952        1.2292584271883018E-071
   7.0257703883028650        6.5323549266513091E-072
   7.0328474270654349        3.4677051232070861E-072
   7.0399244658280047        1.8389102392110788E-072
   7.0470015045905745        9.7414826727388961E-073
   7.0540785433531443        5.1550861742951919E-073
   7.0611555821157141        2.7251681640897392E-073
   7.0682326208782840        1.4391211897007708E-073
   7.0753096596408538        7.5918616526622322E-074
   7.0823866984034236        4.0007943769481104E-074
   7.0894637371659934        2.1061600776124608E-074
   7.0965407759285632        1.1076024083587655E-074
   7.1036178146911331        5.8186729228825514E-075
   7.1106948534537029        3.0535969086628136E-075
   7.1177718922162727        1.6008378517157770E-075
   7.1248489309788425        8.3836091791989058E-076
   7.1319259697414124        4.3859422917969108E-076
   7.1390030085039822        2.2921507450547154E-076
   7.1460800472665520        1.1966633152747186E-076
   7.1531570860291218        6.2409324489937073E-077
   7.1602341247916916        3.2514408061617662E-077
   7.1673111635542615        1.6921982828062270E-077
   7.1743882023168313        8.7978355068829429E-078
   7.1814652410794011        4.5693010833790996E-078
   7.1885422798419709        2.3706815748599013E-078
   7.1956193186045407        1.2287013701815018E-078
   7.2026963573671106        6.3616429290264666E-079
   7.2097733961296804        3.2903509435875116E-079
   7.2168504348922502        1.7000641026597196E-079
   7.2239274736548200        8.7748292099448074E-080
   7.2310045124173898        4.5244157170577781E-080
   7.2380815511799597        2.3304347222417597E-080
   7.2451585899425295        1.1991186193959987E-080
   7.2522356287050993        6.1636542397772020E-081
   7.2593126674676691        3.1649398475822574E-081
   7.2663897062302389        1.6234685306427644E-081
   7.2734667449928088        8.3190486249020370E-082
   7.2805437837553786        4.2584835624034193E-082
   7.2876208225179484        2.1776494104460512E-082
   7.2946978612805182        1.1124302050804603E-082
   7.3017749000430880        5.6768779227347374E-083
   7.3088519388056579        2.8939995413648952E-083
   7.3159289775682277        1.4738036515290607E-083
   7.3230060163307975        7.4977889648400106E-084
   7.3300830550933673        3.8104771061074007E-084
   7.3371600938559371        1.9345421921588734E-084
   7.3442371326185070        9.8113756808240818E-085
   7.3513141713810768        4.9708950993694001E-085
   7.3583912101436466        2.5158945159381392E-085
   7.3654682489062164        1.2720481139452549E-085
   7.3725452876687863        6.4249251142328363E-086
   7.3796223264313561        3.2417996054573262E-086
   7.3866993651939259        1.6340222429435220E-086
   7.3937764039564957        8.2277977403397976E-087
   7.4008534427190655        4.1386932038287562E-087
   7.4079304814816354        2.0796822407855537E-087
   7.4150075202442052        1.0439627276421614E-087
   7.4220845590067750        5.2351291745615557E-088
   7.4291615977693448        2.6225534395758011E-088
   7.4362386365319146        1.3124294376263704E-088
   7.4433156752944845        6.5611865719395934E-089
   7.4503927140570543        3.2767533721327049E-089
   7.4574697528196241        1.6347833301997757E-089
   7.4645467915821939        8.1476404971077993E-090
   7.4716238303447637        4.0565689412003480E-090
   7.4787008691073336        2.0176291447733714E-090
   7.4857779078699034        1.0024885822381890E-090
   7.4928549466324732        4.9759186295490273E-091
   7.4999319853950430        2.4673057927116852E-091
   7.5070090241576128        1.2221617608874140E-091
   7.5140860629201827        6.0477041666214588E-092
   7.5211631016827525        2.9895694728591479E-092
   7.5282401404453223        1.4763290125481668E-092
   7.5353171792078921        7.2830649025012059E-093
   7.5423942179704619        3.5892346767730247E-093
