  0.47243249416351318       0.75033487333602966     
  0.47950953292608256       0.83725779704382985     
  0.48658657168865194       0.90375016955012710     
  0.49366361045122131       0.94850212187741689     
  0.50074064921379069       0.97097782706690638     
  0.50781768797636007       0.97143413752821395     
  0.51489472673892944       0.95090794082799246     
  0.52197176550149882       0.91117141934317847     
  0.52904880426406820       0.85465578592418656     
  0.53612584302663757       0.78434559394823067     
  0.54320288178920695       0.70364731099694555     
  0.55027992055177632       0.61623740525201454     
  0.55735695931434570       0.52589661212066263     
  0.56443399807691508       0.43633820876678214     
  0.57151103683948445       0.35103891333618020     
  0.57858807560205383       0.27308134628153408     
  0.58566511436462321       0.20501677236814145     
  0.59274215312719258       0.14875604893759706     
  0.59981919188976196       0.10549534739913986     
  0.60689623065233134        7.5681346103757013E-002
  0.61397326941490071        5.9018315191161151E-002
  0.62105030817747009        5.4516969917049393E-002
  0.62812734694003947        6.0582331771941417E-002
  0.63520438570260884        7.5135297724861258E-002
  0.64228142446517822        9.5760370643966836E-002
  0.64935846322774760       0.11987022710160071     
  0.65643550199031697       0.14487663999426564     
  0.66351254075288635       0.16835683501570892     
  0.67058957951545572       0.18820468847134475     
  0.67766661827802510       0.20275725411170309     
  0.68474365704059448       0.21088886179638183     
  0.69182069580316385       0.21206732801151498     
  0.69889773456573323       0.20636947958184557     
  0.70597477332830261       0.19445600961788123     
  0.71305181209087198       0.17750843963746882     
  0.72012885085344136       0.15713344273798793     
  0.72720588961601074       0.13524180526721041     
  0.73428292837858011       0.11391072713457702     
  0.74135996714114949        9.5238897005361714E-002
  0.74843700590371887        8.1203802707257910E-002
  0.75551404466628824        7.3530085581370655E-002
  0.76259108342885762        7.3576512726520965E-002
  0.76966812219142700        8.2247460814964216E-002
  0.77674516095399637        9.9932847148966816E-002
  0.78382219971656575       0.12647838801722966     
  0.79089923847913512       0.16118608545281907     
  0.79797627724170450       0.20284309266045109     
  0.80505331600427388       0.24977570061137955     
  0.81213035476684325       0.29992419284717298     
  0.81920739352941263       0.35093375225581935     
  0.82628443229198201       0.40025644501452584     
  0.83336147105455138       0.44525948560509965     
  0.84043850981712076       0.48333540711673645     
  0.84751554857969014       0.51201031354258264     
  0.85459258734225951       0.52904696782734606     
  0.86166962610482889       0.53253997980689138     
  0.86874666486739827       0.52100073895779941     
  0.87582370362996764       0.49342996111751725     
  0.88290074239253702       0.44937579774554953     
  0.88997778115510640       0.38897543840656468     
  0.89705481991767577       0.31297809747887712     
  0.90413185868024515       0.22274730619748673     
  0.91120889744281464       0.12024062418177810     
  0.91828593620538412        7.9653201112203330E-003
  0.92536297496795350      -0.11109069883201773     
  0.93244001373052288      -0.23355239120397608     
  0.93951705249309236      -0.35577388696437257     
  0.94659409125566185      -0.47397444749496770     
  0.95367113001823123      -0.58438933503858670     
  0.96074816878080060      -0.68342931260399653     
  0.96782520754337009      -0.76784118697848724     
  0.97490224630593958      -0.83486088368750488     
  0.98197928506850896      -0.88235014125542333     
  0.98905632383107833      -0.90890813230731660     
  0.99613336259364782      -0.91395020819862305     
   1.0032104013562173      -0.89774750857327990     
   1.0102874401187867      -0.86142330104918063     
   1.0173644788813561      -0.80690448380792679     
   1.0244415176439254      -0.73682951173533162     
   1.0315185564064950      -0.65441687924267489     
   1.0385955951690644      -0.56330098185646482     
   1.0456726339316338      -0.46734446489258225     
   1.0527496726942034      -0.37043786157878122     
   1.0598267114567728      -0.27629828319550009     
   1.0669037502193421      -0.18827906965185565     
   1.0739807889819115      -0.10920162832761626     
   1.0810578277444809       -4.1219238887909383E-002
   1.0881348665070505        1.4279498235896816E-002
   1.0952119052696199        5.6722471703416509E-002
   1.1022889440321892        8.6358884868154642E-002
   1.1093659827947588       0.10421776739406442     
   1.1164430215573282       0.11202360106597541     
   1.1235200603198976       0.11207490298088968     
   1.1305970990824670       0.10709353311288972     
   1.1376741378450363       0.10005382760064606     
   1.1447511766076059        9.4001360524915131E-002
   1.1518282153701753        9.1871215566374981E-002
   1.1589052541327447        9.6315162062549114E-002
   1.1659822928953143       0.10954617134694210     
   1.1730593316578837       0.13320739555130143     
   1.1801363704204531       0.16827118751057543     
   1.1872134091830224       0.21497208715141647     
   1.1942904479455918       0.27277604052381943     
   1.2013674867081614       0.34038653213828995     
   1.2084445254707308       0.41578685163980122     
   1.2155215642333002       0.49631640751131889     
   1.2225986029958698       0.57877784680810496     
   1.2296756417584391       0.65957072963767416     
   1.2367526805210085       0.73484662336620510     
   1.2438297192835779       0.80067971089465839     
   1.2509067580461473       0.85324634733983784     
   1.2579837968087169       0.88900646356651580     
   1.2650608355712862       0.90487933422634292     
   1.2721378743338556       0.89840604852654682     
   1.2792149130964252       0.86789109968923972     
   1.2862919518589946       0.81251590083420788     
   1.2933689906215640       0.73241778860997608     
   1.3004460293841333       0.62872921967131989     
   1.3075230681467027       0.50357339891889374     
   1.3146001069092723       0.36001446720879077     
   1.3216771456718417       0.20196254728626245     
   1.3287541844344111        3.4036291258111952E-002
   1.3358312231969807      -0.13861204767965549     
   1.3429082619595500      -0.31050174079769449     
   1.3499853007221194      -0.47604966127394649     
   1.3570623394846888      -0.62980654688099924     
   1.3641393782472582      -0.76669173931289736     
   1.3712164170098278      -0.88221442552048424     
   1.3782934557723971      -0.97266986553361257     
   1.3853704945349665       -1.0353002707752677     
   1.3924475332975359       -1.0684118367093758     
   1.3995245720601055       -1.0714418219676942     
   1.4066016108226749       -1.0449723477679660     
   1.4136786495852443      -0.99069058056073978     
   1.4207556883478136      -0.91129795592845264     
   1.4278327271103830      -0.81037390217227512     
   1.4349097658729526      -0.69220194409713576     
   1.4419868046355220      -0.56156795880767862     
   1.4490638433980914      -0.42354160577662436     
   1.4561408821606607      -0.28325250241142647     
   1.4632179209232303      -0.14567255524726305     
   1.4702949596857997       -1.5415027326340669E-002
   1.4773719984483691       0.10344048987318140     
   1.4844490372109385       0.20748990547563009     
   1.4915260759735081       0.29410815555615033     
   1.4986031147360774       0.36151167467243162     
   1.5056801534986468       0.40877941705815818     
   1.5127571922612162       0.43583424951304578     
   1.5198342310237858       0.44338849282072629     
   1.5269112697863552       0.43285898365951542     
   1.5339883085489245       0.40625819805478625     
   1.5410653473114939       0.36606868569032081     
   1.5481423860740633       0.31510830754323110     
   1.5552194248366329       0.25639357053449424     
   1.5622964635992023       0.19300775871930326     
   1.5693735023617716       0.12797963594774600     
   1.5764505411243412        6.4177318210328183E-002
   1.5835275798869106        4.2205716755837359E-003
   1.5906046186494800       -4.9586625018825499E-002
   1.5976816574120494       -9.5302818807063192E-002
   1.6047586961746187      -0.13137598917276871     
   1.6118357349371883      -0.15665262115843342     
   1.6189127736997577      -0.17037182999592346     
   1.6259898124623271      -0.17214802220440667     
   1.6330668512248967      -0.16194585699283001     
   1.6401438899874661      -0.14005122020201888     
   1.6472209287500355      -0.10704155290510727     
   1.6542979675126048       -6.3758223223230590E-002
   1.6613750062751742       -1.1282750098383523E-002
   1.6684520450377438        4.9082341566270615E-002
   1.6755290838003132       0.11582834196879251     
   1.6826061225628826       0.18725220505444717     
   1.6896831613254522       0.26146767465346427     
   1.6967602000880215       0.33641859646690414     
   1.7038372388505909       0.40989766400542871     
   1.7109142776131603       0.47957381344258793     
   1.7179913163757297       0.54303105329932755     
   1.7250683551382993       0.59782070251764385     
   1.7321453939008686       0.64152786439675524     
   1.7392224326634380       0.67185156861671003     
   1.7462994714260076       0.68669648315973875     
   1.7533765101885770       0.68427256702929162     
   1.7604535489511464       0.66319764726928399     
   1.7675305877137157       0.62259680031436826     
   1.7746076264762851       0.56219172164188880     
   1.7816846652388547       0.48237307319144851     
   1.7887617040014241       0.38424915965886303     
   1.7958387427639935       0.26966521070120469     
   1.8029157815265631       0.14118899525215262     
   1.8099928202891324        2.0603780935621531E-003
   1.8170698590517018      -0.14389538194450635     
   1.8241468978142712      -0.29238845847061373     
   1.8312239365768406      -0.43881497303039052     
   1.8383009753394102      -0.57843067356699418     
   1.8453780141019795      -0.70653953649824064     
   1.8524550528645489      -0.81868785388931953     
   1.8595320916271185      -0.91085377871819151     
   1.8666091303896879      -0.97962237120995377     
   1.8736861691522573       -1.0223369127727862     
   1.8807632079148267       -1.0372185746533591     
   1.8878402466773960       -1.0234483434926862     
   1.8949172854399656      -0.98120727667105156     
   1.9019943242025350      -0.91167352432763105     
   1.9090713629651044      -0.81697694085337136     
   1.9161484017276738      -0.70011435089750262     
   1.9232254404902431      -0.56483048737145691     
   1.9303024792528125      -0.41547116618448982     
   1.9373795180153819      -0.25681632772834417     
   1.9444565567779513       -9.3901124191338906E-002
   1.9515335955405206        6.8166727362823823E-002
   1.9586106343030900       0.22438552744388704     
   1.9656876730656594       0.37002711987629577     
   1.9727647118282288       0.50078746246332717     
   1.9798417505907981       0.61291561746193768     
   1.9869187893533675       0.70331788209503932     
   1.9939958281159369       0.76963509983311651     
   2.0010728668785065       0.81029240997952634     
   2.0081499056410754       0.82452175033175812     
   2.0152269444036452       0.81235829448310304     
   2.0223039831662142       0.77461267481140805     
   2.0293810219287840       0.71282132800427045     
   2.0364580606913529       0.62917763076975408     
   2.0435350994539228       0.52644670634147372     
   2.0506121382164917       0.40786691636205452     
   2.0576891769790615       0.27704114208413189     
   2.0647662157416304       0.13782102857737200     
   2.0718432545042003       -5.8125715949307443E-003
   2.0789202932667692      -0.14986966366842322     
   2.0859973320293390      -0.29046835888886546     
   2.0930743707919079      -0.42394598796853356     
   2.1001514095544778      -0.54696084072900830     
   2.1072284483170467      -0.65658146928542216     
   2.1143054870796165      -0.75036078913751891     
   2.1213825258421855      -0.82639264382199629     
   2.1284595646047553      -0.88334906571401750     
   2.1355366033673242      -0.92049715551683065     
   2.1426136421298940      -0.93769528936351954     
   2.1496906808924630      -0.93536920644758881     
   2.1567677196550328      -0.91446938379932452     
   2.1638447584176017      -0.87641191549822106     
   2.1709217971801715      -0.82300582849966353     
   2.1779988359427405      -0.75637033842194568     
   2.1850758747053103      -0.67884593733511445     
   2.1921529134678792      -0.59290338567579037     
   2.1992299522304490      -0.50105464053238213     
   2.2063069909930180      -0.40576949690337294     
   2.2133840297555878      -0.30940126621231895     
   2.2204610685181567      -0.21412419938689392     
   2.2275381072807265      -0.12188462217107560     
   2.2346151460432955       -3.4366936388026612E-002
   2.2416921848058653        4.7025196579321860E-002
   2.2487692235684342       0.12117298526437745     
   2.2558462623310040       0.18723318627704255     
   2.2629233010935730       0.24461719891096209     
   2.2700003398561428       0.29296093887587915     
   2.2770773786187117       0.33208819293579905     
   2.2841544173812816       0.36197033080293983     
   2.2912314561438505       0.38268526128987684     
   2.2983084949064203       0.39437837528011105     
   2.3053855336689892       0.39722793414168511     
   2.3124625724315591       0.39141695964042367     
   2.3195396111941280       0.37711318487375450     
   2.3266166499566978       0.35445806242793904     
   2.3336936887192667       0.32356522449718883     
   2.3407707274818366       0.28452817931062230     
   2.3478477662444055       0.23743643796080441     
   2.3549248050069753       0.18239872385214750     
   2.3620018437695443       0.11957145016462663     
   2.3690788825321141        4.9190283224670076E-002
   2.3761559212946830       -2.8397637660445552E-002
   2.3832329600572528      -0.11270336424012836     
   2.3903099988198218      -0.20307019154460504     
   2.3973870375823916      -0.29865441621318323     
   2.4044640763449605      -0.39841478661646645     
   2.4115411151075303      -0.50111216560523153     
   2.4186181538700993      -0.60532035121121885     
   2.4256951926326691      -0.70944834470046314     
   2.4327722313952380      -0.81177365628046438     
   2.4398492701578078      -0.91048553878424532     
   2.4469263089203768       -1.0037363835576014     
   2.4540033476829466       -1.0896989447348659     
   2.4610803864455155       -1.1666266184109528     
   2.4681574252080853       -1.2329137251111797     
   2.4752344639706543       -1.2871526506570836     
   2.4823115027332241       -1.3281848030392589     
   2.4893885414957930       -1.3551426386783858     
   2.4964655802583628       -1.3674804840528207     
   2.5035426190209318       -1.3649924986320638     
   2.5106196577835016       -1.3478168518254927     
   2.5176966965460705       -1.3164259715114346     
   2.5247737353086404       -1.2716035114161022     
   2.5318507740712093       -1.2144094255129962     
   2.5389278128337791       -1.1461351798174970     
   2.5460048515963480       -1.0682516332098206     
   2.5530818903589179      -0.98235244788533849     
   2.5601589291214868      -0.89009602859178327     
   2.5672359678840566      -0.79314893430241795     
   2.5743130066466255      -0.69313346716341329     
   2.5813900454091954      -0.59158174543109798     
   2.5884670841717643      -0.48989804459196862     
   2.5955441229343341      -0.38933058661441072     
   2.6026211616969031      -0.29095331805492841     
   2.6096982004594729      -0.19565759040956202     
   2.6167752392220418      -0.10415308389798938     
   2.6238522779846116       -1.6976835084153083E-002
   2.6309293167471806        6.5491133833265117E-002
   2.6380063555097504       0.14300731488778848     
   2.6450833942723193       0.21544116489871093     
   2.6521604330348891       0.28275028808097041     
   2.6592374717974581       0.34495597785235349     
   2.6663145105600279       0.40212050095126783     
   2.6733915493225968       0.45432720216657180     
   2.6804685880851666       0.50166417318230316     
   2.6875456268477356       0.54421189393604164     
   2.6946226656103054       0.58203494548312018     
   2.7016997043728743       0.61517762997300218     
   2.7087767431354441       0.64366312933922898     
   2.7158537818980131       0.66749569558654331     
   2.7229308206605829       0.68666529088067096     
   2.7300078594231518       0.70115407760448112     
   2.7370848981857216       0.71094418513077884     
   2.7441619369482906       0.71602623656325493     
   2.7512389757108604       0.71640818971781384     
   2.7583160144734293       0.71212411800635145     
   2.7653930532359992       0.70324261735819082     
   2.7724700919985681       0.68987456761274546     
   2.7795471307611379       0.67217999830076858     
   2.7866241695237068       0.65037381137603201     
   2.7937012082862767       0.62473010327156164     
   2.8007782470488456       0.59558481461299784     
   2.8078552858114154       0.56333642857132649     
   2.8149323245739843       0.52844444871202667     
   2.8220093633365542       0.49142542326227179     
   2.8290864020991231       0.45284635099612441     
   2.8361634408616929       0.41331540649424531     
   2.8432404796242619       0.37347005691249424     
   2.8503175183868317       0.33396280157542102     
   2.8573945571494006       0.29544493860811849     
   2.8644715959119704       0.25854893524068212     
   2.8715486346745394       0.22387013441197262     
   2.8786256734371092       0.19194865373809017     
   2.8857027121996781       0.16325240915923267     
   2.8927797509622479       0.13816221306100518     
   2.8998567897248169       0.11695984818963361     
   2.9069338284873867        9.9819902370314878E-002
   2.9140108672499556        8.6805968792630514E-002
   2.9210879060125254        7.7871582041632345E-002
   2.9281649447750944        7.2865985812789649E-002
   2.9352419835376642        7.1544533042234473E-002
   2.9423190223002331        7.3583224234565703E-002
   2.9493960610628029        7.8596617115253106E-002
   2.9564730998253719        8.6158111401030288E-002
   2.9635501385879417        9.5821444726544108E-002
   2.9706271773505106       0.10714214352999836     
   2.9777042161130804       0.11969766441212848     
   2.9847812548756494       0.13310503930986115     
   2.9918582936382192       0.14703499744306767     
   2.9989353324007881       0.16122176787643100     
   3.0060123711633580       0.17546805276182700     
   3.0130894099259269       0.18964498278556380     
   3.0201664486884967       0.20368720030675674     
   3.0272434874510656       0.21758353852180112     
   3.0343205262136355       0.23136405401996327     
   3.0413975649762044       0.24508440521323127     
   3.0484746037387742       0.25880873432291235     
   3.0555516425013431       0.27259229510097566     
   3.0626286812639130       0.28646506740826405     
   3.0697057200264819       0.30041751450482679     
   3.0767827587890517       0.31438947673581130     
   3.0838597975516207       0.32826296882697309     
   3.0909368363141905       0.34185937410361317     
   3.0980138750767594       0.35494122741236744     
   3.1050909138393292       0.36721847057779899     
   3.1121679526018982       0.37835877094918802     
   3.1192449913644680       0.38800123443267315     
   3.1263220301270369       0.39577263584167199     
   3.1333990688896067       0.40130514388639260     
   3.1404761076521757       0.40425444335528621     
   3.1475531464147455       0.40431715559196230     
   3.1546301851773144       0.40124652772092900     
   3.1617072239398842       0.39486549399483756     
   3.1687842627024532       0.38507639789203713     
   3.1758613014650230       0.37186688690329395     
   3.1829383402275919       0.35531173710737235     
   3.1900153789901617       0.33557061472630362     
   3.1970924177527307       0.31288202043361857     
   3.2041694565153005       0.28755387440422164     
   3.2112464952778694       0.25995137359737042     
   3.2183235340404392       0.23048287842786558     
   3.2254005728030082       0.19958465834048386     
   3.2324776115655780       0.16770534322162794     
   3.2395546503281469       0.13529089213931852     
   3.2466316890907168       0.10277080803643290     
   3.2537087278532857        7.0546204940328983E-002
   3.2607857666158555        3.8980183288887346E-002
   3.2678628053784244        8.3908006478493821E-003
   3.2749398441409943       -2.0953248660629864E-002
   3.2820168829035632       -4.8834299182790315E-002
   3.2890939216661330       -7.5084930661904664E-002
   3.2961709604287019       -9.9585066864389754E-002
   3.3032479991912718      -0.12225738378622929     
   3.3103250379538407      -0.14306151414722840     
   3.3174020767164105      -0.16198755881003571     
   3.3244791154789795      -0.17904940444546805     
   3.3315561542415493      -0.19427830387677006     
   3.3386331930041182      -0.20771710637486501     
   3.3457102317666880      -0.21941543639352579     
   3.3527872705292570      -0.22942601828158465     
   3.3598643092918268      -0.23780223909671630     
   3.3669413480543957      -0.24459693920112766     
   3.3740183868169655      -0.24986232752305265     
   3.3810954255795345      -0.25365084076221950     
   3.3881724643421043      -0.25601670752387468     
   3.3952495031046732      -0.25701794191957444     
   3.4023265418672430      -0.25671847746912591     
   3.4094035806298120      -0.25519016049607113     
   3.4164806193923818      -0.25251435053082871     
   3.4235576581549507      -0.24878292024624432     
   3.4306346969175205      -0.24409850499869254     
   3.4377117356800895      -0.23857391743819956     
   3.4447887744426593      -0.23233071098785976     
   3.4518658132052282      -0.22549694251076283     
   3.4589428519677980      -0.21820424484289649     
   3.4660198907303670      -0.21058437040982836     
   3.4730969294929368      -0.20276540505890830     
   3.4801739682555057      -0.19486787470186673     
   3.4872510070180756      -0.18700097557282047     
   3.4943280457806445      -0.17925915206618687     
   3.5014050845432143      -0.17171922535281384     
   3.5084821233057832      -0.16443824319501257     
   3.5155591620683531      -0.15745217912680418     
   3.5226362008309220      -0.15077556039210904     
   3.5297132395934918      -0.14440205191616748     
   3.5367902783560607      -0.13830597131310235     
   3.5438673171186306      -0.13244466051821038     
   3.5509443558811995      -0.12676159575117513     
   3.5580213946437693      -0.12119008136798119     
   3.5650984334063383      -0.11565734638192464     
   3.5721754721689081      -0.11008884604549936     
   3.5792525109314770      -0.10441256526927131     
   3.5863295496940468       -9.8563125585056283E-002
   3.5934065884566158       -9.2485512057658190E-002
   3.6004836272191856       -8.6138259758687261E-002
   3.6075606659817545       -7.9495969513702261E-002
   3.6146377047443243       -7.2551057739580885E-002
   3.6217147435068933       -6.5314683285270347E-002
   3.6287917822694631       -5.7816833237112730E-002
   3.6358688210320320       -5.0105587698534092E-002
   3.6429458597946018       -4.2245618833274545E-002
   3.6500228985571708       -3.4316010459832416E-002
   3.6570999373197406       -2.6407510005990710E-002
   3.6641769760823095       -1.8619343829784016E-002
   3.6712540148448793       -1.1055739305501203E-002
   3.6783310536074483       -3.8223025374061860E-003
   3.6854080923700181        2.9776006874932962E-003
   3.6924851311325870        9.2463205532172903E-003
   3.6995621698951568        1.4895128225581984E-002
   3.7066392086577258        1.9847040375316264E-002
   3.7137162474202956        2.4039174196845921E-002
   3.7207932861828645        2.7424567012917993E-002
   3.7278703249454344        2.9973418789094902E-002
   3.7349473637080033        3.1673740136800993E-002
   3.7420244024705731        3.2531411645744655E-002
   3.7491014412331420        3.2569681772487674E-002
   3.7561784799957119        3.1828149295974384E-002
   3.7632555187582808        3.0361291982391965E-002
   3.7703325575208506        2.8236615213027016E-002
   3.7774095962834195        2.5532502733476528E-002
   3.7844866350459894        2.2335856365812437E-002
   3.7915636738085583        1.8739612627455014E-002
   3.7986407125711281        1.4840221995488007E-002
   3.8057177513336971        1.0735171424883987E-002
   3.8127947900962669        6.5206231364861294E-003
   3.8198718288588358        2.2892331511987106E-003
   3.8269488676214056       -1.8717978979233914E-003
   3.8340259063839746       -5.8824009523279208E-003
   3.8411029451465444       -9.6710131419445317E-003
   3.8481799839091133       -1.3175634271527549E-002
   3.8552570226716831       -1.6344560081935119E-002
   3.8623340614342521       -1.9136797730786269E-002
   3.8694111001968219       -2.1522178279692057E-002
   3.8764881389593908       -2.3481188911686754E-002
   3.8835651777219606       -2.5004554001103147E-002
   3.8906422164845296       -2.6092598959217408E-002
   3.8977192552470994       -2.6754433988748095E-002
   3.9047962940096683       -2.7006996562504423E-002
   3.9118733327722381       -2.6873991708121915E-002
   3.9189503715348071       -2.6384768182128808E-002
   3.9260274102973769       -2.5573166530139316E-002
   3.9331044490599458       -2.4476372051200103E-002
   3.9401814878225156       -2.3133802016306840E-002
   3.9472585265850846       -2.1586052336493584E-002
   3.9543355653476544       -1.9873924429159858E-002
   3.9614126041102233       -1.8037548472707964E-002
   3.9684896428727932       -1.6115614730457022E-002
   3.9755666816353621       -1.4144720304154501E-002
   3.9826437203979319       -1.2158834659796898E-002
   3.9897207591605008       -1.0188883643263716E-002
   3.9967977979230707       -8.2624485347419958E-003
   4.0038748366856396       -6.4035740195464066E-003
   4.0109518754482094       -4.6326767971145094E-003
   4.0180289142107783       -2.9665449085260259E-003
   4.0251059529733482       -1.4184167178808481E-003
   4.0321829917359171        1.8721974678519507E-006
   4.0392600304984869        1.2876862509633704E-003
   4.0463370692610559        2.4353430343980412E-003
   4.0534141080236257        3.4438339472503019E-003
   4.0604911467861946        4.3145230354204242E-003
   4.0675681855487644        5.0508339138544602E-003
   4.0746452243113334        5.6579336073266963E-003
   4.0817222630739032        6.1424210081417758E-003
   4.0887993018364721        6.5120264658729407E-003
   4.0958763405990419        6.7753278340220453E-003
   4.1029533793616109        6.9414871371759890E-003
   4.1100304181241807        7.0200109190500541E-003
   4.1171074568867496        7.0205363096617649E-003
   4.1241844956493194        6.9526439256949596E-003
   4.1312615344118884        6.8256979031556192E-003
   4.1383385731744582        6.6487126618981693E-003
   4.1454156119370271        6.4302454192486508E-003
   4.1524926506995969        6.1783130027076322E-003
   4.1595696894621659        5.9003311544167936E-003
   4.1666467282247357        5.6030742651274664E-003
   4.1737237669873046        5.2926533134109470E-003
   4.1808008057498744        4.9745097062495755E-003
   4.1878778445124434        4.6534227086601357E-003
   4.1949548832750132        4.3335282012208686E-003
   4.2020319220375821        4.0183466040068904E-003
   4.2091089608001520        3.7108179427614704E-003
   4.2161859995627209        3.4133421981124533E-003
   4.2232630383252907        3.1278232622132694E-003
   4.2303400770878596        2.8557150212928538E-003
   4.2374171158504295        2.5980682802927806E-003
   4.2444941546129984        2.3555774412187293E-003
   4.2515711933755682        2.1286260352982285E-003
   4.2586482321381371        1.9173303868015720E-003
   4.2657252709007070        1.7215808507160832E-003
   4.2728023096632759        1.5410802154732467E-003
   4.2798793484258457        1.3753789945085736E-003
   4.2869563871884147        1.2239074461205066E-003
   4.2940334259509845        1.0860042599819724E-003
   4.3011104647135534        9.6094193127512590E-004
   4.3081875034761232        8.4794891064745648E-004
   4.3152645422386922        7.4622867115740530E-004
   4.3223415810012620        6.5497587339585729E-004
   4.3294186197638309        5.7338983844437154E-004
   4.3364956585264007        5.0068555671521240E-004
   4.3435726972889697        4.3610247045505757E-004
   4.3506497360515395        3.7891127018137635E-004
   4.3577267748141084        3.2841894188034382E-004
   4.3648038135766782        2.8397229364600807E-004
   4.3718808523392472        2.4496017869195681E-004
   4.3789578911018170        2.1081461730086616E-004
   4.3860349298643859        1.8101100415470888E-004
   4.3931119686269557        1.5506757034137412E-004
   4.4001890073895247        1.3254425177782034E-004
   4.4072660461520945        1.1304109832681553E-004
   4.4143430849146634        9.6196340912466997E-005
   4.4214201236772332        8.1684217764428234E-005
   4.4284971624398022        6.9212645764453766E-005
   4.4355742012023720        5.8520808883489224E-005
   4.4426512399649409        4.9376722972863369E-005
   4.4497282787275108        4.1574824749689874E-005
   4.4568053174900797        3.4933622693139543E-005
   4.4638823562526495        2.9293438711270246E-005
   4.4709593950152184        2.4514261789750864E-005
   4.4780364337777883        2.0473728317996850E-005
   4.4851134725403572        1.7065238317132301E-005
   4.4921905113029270        1.4196212272737769E-005
   4.4992675500654959        1.1786489605412394E-005
   4.5063445888280658        9.7668668958633497E-006
   4.5134216275906347        8.0777717232960414E-006
   4.5204986663532045        6.6680662856736200E-006
   4.5275757051157735        5.4939737633067962E-006
   4.5346527438783433        4.5181195853415095E-006
   4.5417297826409122        3.7086792915680517E-006
   4.5488068214034820        3.0386244865857492E-006
   4.5558838601660510        2.4850584042090660E-006
   4.5629608989286208        2.0286327887859156E-006
   4.5700379376911897        1.6530381153207061E-006
   4.5771149764537595        1.3445595767995984E-006
   4.5841920152163285        1.0916917355118843E-006
   4.5912690539788983        8.8480524128850560E-007
   4.5983460927414672        7.1585954387202877E-007
   4.6054231315040370        5.7815605359654642E-007
   4.6125001702666060        4.6612672218232641E-007
   4.6195772090291758        3.7515351472396706E-007
   4.6266542477917447        3.0141471837339675E-007
   4.6337312865543145        2.4175447837622212E-007
   4.6408083253168835        1.9357236530560134E-007
   4.6478853640794533        1.5473015721736543E-007
   4.6549624028420222        1.2347336676414623E-007
   4.6620394416045920        9.8365356626642758E-008
   4.6691164803671610        7.8232168132738463E-008
   4.6761935191297308        6.2116439266447663E-008
   4.6832705578922997        4.9239011339004908E-008
   4.6903475966548696        3.8967020500350006E-008
   4.6974246354174385        3.0787443190715995E-008
   4.7045016741800083        2.4285215758793278E-008
   4.7115787129425772        1.9125179949919573E-008
   4.7186557517051471        1.5037219854645363E-008
   4.7257327904677160        1.1804054150875232E-008
   4.7328098292302858        9.2512318858371963E-009
   4.7398868679928547        7.2389522994759621E-009
   4.7469639067554246        5.6553908140689531E-009
   4.7540409455179935        4.4112656857745962E-009
   4.7611179842805633        3.4354241704064764E-009
   4.7681950230431323        2.6712645009299449E-009
   4.7752720618057021        2.0738414840306157E-009
   4.7823491005682710        1.6075299562446595E-009
   4.7894261393308408        1.2441424476236703E-009
   4.7965031780934098        9.6141583626532632E-010
   4.8035802168559796        7.4179710614383310E-010
   4.8106572556185485        5.7147103120034715E-010
   4.8177342943811183        4.3958311904530700E-010
   4.8248113331436873        3.3761981540451921E-010
   4.8318883719062571        2.5891509985663607E-010
   4.8389654106688260        1.9825845237725907E-010
   4.8460424494313958        1.5158395655093764E-010
   4.8531194881939648        1.1572421235768599E-010
   4.8601965269565346        8.8215912928071249E-011
   4.8672735657191035        6.7146524104391801E-011
   4.8743506044816733        5.1033600120723283E-011
   4.8814276432442423        3.8729962156116610E-011
   4.8885046820068121        2.9349332566567302E-011
   4.8955817207693810        2.2208117061157555E-011
   4.9026587595319508        1.6779910006663126E-011
   4.9097357982945198        1.2660005508362521E-011
   4.9168128370570896        9.5377625559685922E-012
   4.9238898758196585        7.1751238010091935E-012
   4.9309669145822284        5.3899468033633845E-012
   4.9380439533447973        4.0430920075953213E-012
   4.9451209921073671        3.0284379929623591E-012
   4.9521980308699360        2.2651735698078779E-012
   4.9592750696325059        1.6918576496576115E-012
   4.9663521083950748        1.2618492002266377E-012
   4.9734291471576446        9.3979718942841538E-013
   4.9805061859202135        6.9894917009435912E-013
   4.9875832246827834        5.1909100849029544E-013
   4.9946602634453523        3.8497236088643667E-013
   5.0017373022079221        2.8510535407194775E-013
   5.0088143409704911        2.1084951113071910E-013
   5.0158913797330609        1.5571585256541373E-013
   5.0229684184956298        1.1483853441184347E-013
   5.0300454572581996        8.4574335988858218E-014
   5.0371224960207686        6.2199548360056648E-014
   5.0441995347833384        4.5680943071247432E-014
   5.0512765735459073        3.3502991175738880E-014
   5.0583536123084771        2.4537723751130520E-014
   5.0654306510710461        1.7946864662708486E-014
   5.0725076898336159        1.3108348104032346E-014
   5.0795847285961848        9.5612313449021946E-015
   5.0866617673587546        6.9644619626313702E-015
   5.0937388061213236        5.0660629471629134E-015
   5.1008158448838934        3.6801390218697582E-015
   5.1078928836464623        2.6697454131105914E-015
   5.1149699224090321        1.9341439127592213E-015
   5.1220469611716011        1.3993371002108078E-015
   5.1291239999341709        1.0110481473604518E-015
   5.1362010386967398        7.2952223846646048E-016
   5.1432780774593096        5.2568272849313417E-016
   5.1503551162218786        3.7829326429718147E-016
   5.1574321549844484        2.7186573395584576E-016
   5.1645091937470173        1.9512032998254161E-016
   5.1715862325095872        1.3985370101366597E-016
   5.1786632712721561        1.0010827810131723E-016
   5.1857403100347259        7.1563534737310480E-017
   5.1928173487972948        5.1090541445702416E-017
   5.1998943875598647        3.6426488563153184E-017
   5.2069714263224336        2.5937214317503705E-017
   5.2140484650850034        1.8444194685136841E-017
   5.2211255038475723        1.3098679680794739E-017
   5.2282025426101422        9.2902607372291548E-018
   5.2352795813727111        6.5805459820699632E-018
   5.2423566201352809        4.6551177701119258E-018
   5.2494336588978499        3.2887828554114565E-018
   5.2565106976604197        2.3204732203274720E-018
   5.2635877364229886        1.6351432106067500E-018
   5.2706647751855584        1.1507313161593628E-018
   5.2777418139481274        8.0878295176901739E-019
   5.2848188527106972        5.6771578502049072E-019
   5.2918958914732661        3.9798973598043248E-019
   5.2989729302358359        2.7864783910762811E-019
   5.3060499689984049        1.9484235340644376E-019
   5.3131270077609747        1.3606796729269309E-019
   5.3202040465235436        9.4901750726916411E-020
   5.3272810852861134        6.6105758416223291E-020
   5.3343581240486824        4.5988795428680583E-020
   5.3414351628112522        3.1953127695641248E-020
   5.3485122015738211        2.2172988337011347E-020
   5.3555892403363909        1.5366872934180570E-020
   5.3626662790989599        1.0636483868075047E-020
   5.3697433178615297        7.3529713199323914E-021
   5.3768203566240986        5.0766910761525111E-021
   5.3838973953866684        3.5006810929369945E-021
   5.3909744341492374        2.4108998437451225E-021
   5.3980514729118072        1.6582936892406223E-021
   5.4051285116743761        1.1392006648028340E-021
   5.4122055504369460        7.8162123349955886E-022
   5.4192825891995158        5.3561241153606614E-022
   5.4263596279620856        3.6657589046497391E-022
   5.4334366667246554        2.5057454913394010E-022
   5.4405137054872252        1.7106872287307992E-022
   5.4475907442497951        1.1664487441996841E-022
   5.4546677830123649        7.9437009321010806E-023
   5.4617448217749347        5.4031007931736100E-023
   5.4688218605375045        3.6705148398614846E-023
   5.4758988993000743        2.4904360570987271E-023
   5.4829759380626442        1.6876759479806800E-023
   5.4900529768252140        1.1422698971031157E-023
   5.4971300155877838        7.7217395929472511E-024
   5.5042070543503536        5.2134961499351427E-024
   5.5112840931129234        3.5156949007400103E-024
   5.5183611318754933        2.3678939102545907E-024
   5.5254381706380631        1.5928796305095650E-024
   5.5325152094006329        1.0702224166324999E-024
   5.5395922481632027        7.1818478252063155E-025
   5.5466692869257725        4.8136013702094294E-025
   5.5537463256883424        3.2223781552688535E-025
   5.5608233644509122        2.1545472943294333E-025
   5.5679004032134820        1.4388296600420214E-025
   5.5749774419760518        9.5970382977985611E-026
   5.5820544807386216        6.3935230749795963E-026
   5.5891315195011915        4.2542114284500574E-026
   5.5962085582637613        2.8273162034517262E-026
   5.6032855970263311        1.8767517222222810E-026
   5.6103626357889009        1.2442768944372222E-026
   5.6174396745514708        8.2395911214616922E-027
   5.6245167133140406        5.4497092040651713E-027
   5.6315937520766104        3.6001505969985237E-027
   5.6386707908391802        2.3754631626603604E-027
   5.6457478296017500        1.5655135887616705E-027
   5.6528248683643199        1.0304974096557393E-027
   5.6599019071268897        6.7751528044446323E-028
   5.6669789458894595        4.4491189115630617E-028
   5.6740559846520293        2.9181812096683840E-028
   5.6811330234145991        1.9117646016970232E-028
   5.6882100621771690        1.2509532428272763E-028
   5.6952871009397388        8.1758482509814202E-029
   5.7023641397023086        5.3371600547414779E-029
   5.7094411784648784        3.4799568884849347E-029
   5.7165182172274482        2.2663360108615099E-029
   5.7235952559900181        1.4742193150447018E-029
   5.7306722947525879        9.5782862950899571E-030
   5.7377493335151577        6.2158711594286273E-030
   5.7448263722777275        4.0290737405546238E-030
   5.7519034110402973        2.6085429662094544E-030
   5.7589804498028672        1.6868671461339550E-030
   5.7660574885654370        1.0895681709632792E-030
   5.7731345273280068        7.0294138103998145E-031
   5.7802115660905766        4.5297633588334829E-031
   5.7872886048531464        2.9155745033978242E-031
   5.7943656436157163        1.8744139905108151E-031
   5.8014426823782861        1.2036498054093770E-031
   5.8085197211408559        7.7202000332291668E-032
   5.8155967599034257        4.9459672236864694E-032
   5.8226737986659955        3.1649634249552937E-032
   5.8297508374285654        2.0229327117384384E-032
   5.8368278761911352        1.2914867483590855E-032
   5.8439049149537050        8.2355904000039838E-033
   5.8509819537162748        5.2456133771395161E-033
   5.8580589924788447        3.3372985288315323E-033
   5.8651360312414145        2.1207601573168609E-033
   5.8722130700039843        1.3461276695291496E-033
   5.8792901087665541        8.5345301477101025E-034
   5.8863671475291239        5.4047065945265620E-034
   5.8934441862916938        3.4187255211351698E-034
   5.9005212250542636        2.1600132471586416E-034
   5.9075982638168334        1.3631671868783497E-034
   5.9146753025794032        8.5929605245941699E-035
   5.9217523413419730        5.4105067931660006E-035
   5.9288293801045429        3.4027885495270961E-035
   5.9359064188671127        2.1376387368800297E-035
   5.9429834576296825        1.3413324576419165E-035
   5.9500604963922523        8.4070140074081973E-036
   5.9571375351548221        5.2632107307991589E-036
   5.9642145739173920        3.2912724192797265E-036
   5.9712916126799618        2.0558026228062828E-036
   5.9783686514425316        1.2826375261249417E-036
   5.9854456902051014        7.9934052734221008E-037
   5.9925227289676712        4.9758297107378186E-037
   5.9995997677302411        3.0938937034185551E-037
   6.0066768064928109        1.9215508716159134E-037
   6.0137538452553807        1.1920800360089016E-037
   6.0208308840179505        7.3869708025965932E-038
   6.0279079227805203        4.5723050309926556E-038
   6.0349849615430902        2.8269117946191732E-038
   6.0420620003056600        1.7458139905748614E-038
   6.0491390390682298        1.0769430266096588E-038
   6.0562160778307996        6.6358556424168324E-039
   6.0632931165933694        4.0842372840235655E-039
   6.0703701553559393        2.5109335846760347E-039
   6.0774471941185091        1.5419493088944355E-039
   6.0845242328810789        9.4583626816209848E-040
   6.0916012716436487        5.7952637547749148E-040
   6.0986783104062186        3.5468449666027496E-040
   6.1057553491687884        2.1683198100920438E-040
   6.1128323879313582        1.3240883847143009E-040
   6.1199094266939280        8.0765054752765525E-041
   6.1269864654564978        4.9208854389408038E-041
   6.1340635042190677        2.9948607240939766E-041
   6.1411405429816375        1.8206395941442149E-041
   6.1482175817442073        1.1055685473931177E-041
   6.1552946205067771        6.7059770723751890E-042
   6.1623716592693469        4.0630625499348144E-042
   6.1694486980319168        2.4590103758202409E-042
   6.1765257367944866        1.4865618231619773E-042
   6.1836027755570564        8.9768031210046435E-043
   6.1906798143196262        5.4147309707362458E-043
   6.1977568530821960        3.2624876071713519E-043
   6.2048338918447659        1.9635320936240529E-043
   6.2119109306073357        1.1804419230275684E-043
   6.2189879693699055        7.0887403906572291E-044
   6.2260650081324753        4.2521803912007123E-044
   6.2331420468950451        2.5478437199080268E-044
   6.2402190856576150        1.5249398699920019E-044
   6.2472961244201848        9.1169969890407837E-045
   6.2543731631827546        5.4446552966919845E-045
   6.2614502019453244        3.2479458479289595E-045
   6.2685272407078942        1.9353847091699275E-045
   6.2756042794704641        1.1519835790330156E-045
   6.2826813182330339        6.8492977837737593E-046
   6.2897583569956037        4.0678684732582441E-046
   6.2968353957581735        2.4132880730419704E-046
   6.3039124345207433        1.4301222195344528E-046
   6.3109894732833132        8.4656279337918486E-047
   6.3180665120458830        5.0057314328177156E-047
   6.3251435508084528        2.9566408015611607E-047
   6.3322205895710226        1.7444259766111920E-047
   6.3392976283335924        1.0280868097700151E-047
   6.3463746670961623        6.0524414108307895E-048
   6.3534517058587321        3.5592235469836301E-048
   6.3605287446213019        2.0907596084505030E-048
   6.3676057833838717        1.2268102528505232E-048
   6.3746828221464416        7.1907708189609094E-049
   6.3817598609090114        4.2101594667075442E-049
   6.3888368996715812        2.4623341219969915E-049
   6.3959139384341510        1.4385370432557634E-049
   6.4029909771967208        8.3950064181150643E-050
   6.4100680159592907        4.8938112807666638E-050
   6.4171450547218605        2.8497049033962722E-050
   6.4242220934844303        1.6575984462228972E-050
   6.4312991322470001        9.6313202222674930E-051
   6.4383761710095699        5.5901008576963789E-051
   6.4454532097721398        3.2410152290308810E-051
   6.4525302485347096        1.8770264084356186E-051
   6.4596072872972794        1.0858950448948185E-051
   6.4666843260598492        6.2752892666456191E-052
   6.4737613648224190        3.6224996283394609E-052
   6.4808384035849889        2.0888724396387116E-052
   6.4879154423475587        1.2032191317439143E-052
   6.4949924811101285        6.9232026266501271E-053
   6.5020695198726983        3.9792307704650668E-053
   6.5091465586352681        2.2846582366970471E-053
   6.5162235973978380        1.3103087899492316E-053
   6.5233006361604078        7.5068306925231360E-054
   6.5303776749229776        4.2960606251200148E-054
   6.5374547136855474        2.4559258647491471E-054
   6.5445317524481172        1.4024630610721354E-054
   6.5516087912106871        8.0001695465706928E-055
   6.5586858299732569        4.5586766115723228E-055
   6.5657628687358267        2.5948392839421726E-055
   6.5728399074983965        1.4754159672465373E-055
   6.5799169462609663        8.3801362228106822E-056
   6.5869939850235362        4.7546714121935406E-056
   6.5940710237861060        2.6947781461372395E-056
   6.6011480625486758        1.5256638156012890E-056
   6.6082251013112456        8.6283596710031537E-057
   6.6153021400738155        4.8745153328727390E-057
   6.6223791788363853        2.7508612654740064E-057
   6.6294562175989551        1.5507443988097528E-057
   6.6365332563615249        8.7326544946136895E-058
   6.6436102951240947        4.9123250233604787E-058
   6.6506873338866646        2.7603420757951029E-058
   6.6577643726492344        1.5494370813935705E-058
   6.6648414114118042        8.6880126877995166E-059
   6.6719184501743740        4.8663421418585461E-059
   6.6789954889369438        2.7228314342296188E-059
   6.6860725276995137        1.5218611220174828E-059
   6.6931495664620835        8.4970009688608855E-060
   6.7002266052246533        4.7390677522055731E-060
   6.7073036439872231        2.6403226245878612E-060
   6.7143806827497929        1.4694612225814486E-060
   6.7214577215123628        8.1695199720889226E-061
   6.7285347602749326        4.5370382947950157E-061
   6.7356117990375024        2.5170165345975376E-061
   6.7426888378000722        1.3948825089149589E-061
   6.7497658765626420        7.7219563566204950E-062
   6.7568429153252119        4.2702709091504969E-062
   6.7639199540877817        2.3589682703982707E-062
   6.7709969928503515        1.3017499559829774E-062
   6.7780740316129213        7.1758286194059976E-063
   6.7851510703754911        3.9514434419880563E-063
   6.7922281091380610        2.1735964666067986E-063
   6.7993051479006308        1.1943777808223879E-063
   6.8063821866632006        6.5560818555574677E-064
   6.8134592254257704        3.5949022205185142E-064
   6.8205362641883402        1.9691104054024611E-064
   6.8276133029509101        1.0774410732239064E-064
   6.8346903417134799        5.8892184937268777E-065
   6.8417673804760497        3.2156049626538494E-065
   6.8488444192386195        1.7539160352616143E-065
   6.8559214580011894        9.5564412394516151E-066
   6.8629984967637592        5.2014577565720439E-066
   6.8700755355263290        2.8281057433365015E-066
   6.8771525742888988        1.5360597030378245E-066
   6.8842296130514686        8.3341752721118103E-067
   6.8913066518140385        4.5170972506759705E-067
   6.8983836905766083        2.4456748895547489E-067
   6.9054607293391781        1.3227588475336694E-067
   6.9125377681017479        7.1466989073188865E-068
   6.9196148068643177        3.8572105686995568E-068
   6.9266918456268876        2.0796222429562569E-068
   6.9337688843894574        1.1200540820245500E-068
   6.9408459231520272        6.0261113913614052E-069
   6.9479229619145970        3.2387626958601292E-069
   6.9550000006771668        1.7388619329721502E-069
   6.9620770394397367        9.3259966807723487E-070
   6.9691540782023065        4.9965447735203688E-070
   6.9762311169648763        2.6741690940512100E-070
   6.9833081557274461        1.4297255742314661E-070
   6.9903851944900159        7.6359210149594490E-071
   6.9974622332525858        4.0739460397330812E-071
   7.0045392720151556        2.1712728474970073E-071
   7.0116163107777254        1.1560030888981519E-071
   7.0186933495402952        6.1482176162613133E-072
   7.0257703883028650        3.2665197541691006E-072
   7.0328474270654349        1.7336736395270780E-072
   7.0399244658280047        9.1916944290144896E-073
   7.0470015045905745        4.8682196113578356E-073
   7.0540785433531443        2.5756762350382841E-073
   7.0611555821157141        1.3613164109682221E-073
   7.0682326208782840        7.1874322203414304E-074
   7.0753096596408538        3.7908403052890227E-074
   7.0823866984034236        1.9973052036141435E-074
   7.0894637371659934        1.0512373061721249E-074
   7.0965407759285632        5.5271932954354365E-075
   7.1036178146911331        2.9030617056936987E-075
   7.1106948534537029        1.5231959464290368E-075
   7.1177718922162727        7.9836841113609197E-076
   7.1248489309788425        4.1802200374350345E-076
   7.1319259697414124        2.1864690494300573E-076
   7.1390030085039822        1.1424470593634499E-076
   7.1460800472665520        5.9631750325255014E-077
   7.1531570860291218        3.1093378687672381E-077
   7.1602341247916916        1.6195983443915344E-077
   7.1673111635542615        8.4274453089715182E-078
   7.1743882023168313        4.3806033726490839E-078
   7.1814652410794011        2.2746860051942077E-078
   7.1885422798419709        1.1799365924627054E-078
   7.1956193186045407        6.1142857895655599E-079
   7.2026963573671106        3.1650662682187908E-079
   7.2097733961296804        1.6367036328925655E-079
   7.2168504348922502        8.4548831102195457E-080
   7.2239274736548200        4.3631048285842735E-080
   7.2310045124173898        2.2492323475657711E-080
   7.2380815511799597        1.1583072691025063E-080
   7.2451585899425295        5.9588737545912141E-081
   7.2522356287050993        3.0623560394783648E-081
   7.2593126674676691        1.5721660943240111E-081
   7.2663897062302389        8.0629240439864524E-082
   7.2734667449928088        4.1308389236150800E-082
   7.2805437837553786        2.1141492925866568E-082
   7.2876208225179484        1.0808984468387347E-082
   7.2946978612805182        5.5205980964990994E-083
   7.3017749000430880        2.8166930094445629E-083
   7.3088519388056579        1.4356388226819535E-083
   7.3159289775682277        7.3097632722656281E-084
   7.3230060163307975        3.7180396545257596E-084
   7.3300830550933673        1.8891979004035243E-084
   7.3371600938559371        9.5894515187023914E-085
   7.3442371326185070        4.8625390530349032E-085
   7.3513141713810768        2.4631201738980322E-085
   7.3583912101436466        1.2464113856194729E-085
   7.3654682489062164        6.3007270070392314E-086
   7.3725452876687863        3.1818046346881503E-086
   7.3796223264313561        1.6051295461566634E-086
   7.3866993651939259        8.0891062581028811E-087
   7.3937764039564957        4.0723491292806692E-087
   7.4008534427190655        2.0480644455324497E-087
   7.4079304814816354        1.0289553330546966E-087
   7.4150075202442052        5.1642095217794764E-088
   7.4220845590067750        2.5892009069046301E-088
   7.4291615977693448        1.2968279083473105E-088
   7.4362386365319146        6.4886415500101321E-089
   7.4433156752944845        3.2432482400270113E-089
   7.4503927140570543        1.6194282334012539E-089
   7.4574697528196241        8.0778998398985148E-090
   7.4645467915821939        4.0252290359806506E-090
   7.4716238303447637        2.0037255604719576E-090
   7.4787008691073336        9.9641790020730687E-091
   7.4857779078699034        4.9499473135279213E-091
   7.4928549466324732        2.4564930303686830E-091
   7.4999319853950430        1.2178296158706224E-091
   7.5070090241576128        6.0313383369758978E-092
   7.5140860629201827        2.9839885117446075E-092
   7.5211631016827525        1.4748132340341328E-092
   7.5282401404453223        7.2817113247486316E-093
   7.5353171792078921        3.5915884818992102E-093
   7.5423942179704619        1.7696871212172402E-093
