  0.47243249416351318      -0.16426077820639667     
  0.47950953292608256      -0.25374824901946086     
  0.48658657168865194      -0.32655481220916249     
  0.49366361045122131      -0.38141040675193849     
  0.50074064921379069      -0.41774291348496717     
  0.50781768797636007      -0.43567635803971222     
  0.51489472673892944      -0.43599596991532807     
  0.52197176550149882      -0.42008176397610109     
  0.52904880426406820      -0.38981430648395982     
  0.53612584302663757      -0.34745815627346271     
  0.54320288178920695      -0.29552998214150983     
  0.55027992055177632      -0.23665941846138228     
  0.55735695931434570      -0.17345123300125290     
  0.56443399807691508      -0.10835728682941147     
  0.57151103683948445       -4.3566057860397682E-002
  0.57858807560205383        1.9083780020304378E-002
  0.58566511436462321        7.8160989765724484E-002
  0.59274215312719258       0.13266798992697335     
  0.59981919188976196       0.18203532397090344     
  0.60689623065233134       0.22608634035541042     
  0.61397326941490071       0.26497616455751566     
  0.62105030817747009       0.29911082621265128     
  0.62812734694003947       0.32905371236713987     
  0.63520438570260884       0.35542725718135110     
  0.64228142446517822       0.37881790300136958     
  0.64935846322774760       0.39969188231845654     
  0.65643550199031697       0.41832832869961717     
  0.66351254075288635       0.43477472411902257     
  0.67058957951545572       0.44882785999150071     
  0.67766661827802510       0.46004147975989929     
  0.68474365704059448       0.46775973895946177     
  0.69182069580316385       0.47117371428005478     
  0.69889773456573323       0.46939654744574955     
  0.70597477332830261       0.46155152570467600     
  0.71305181209087198       0.44686654714813079     
  0.72012885085344136       0.42476802825072929     
  0.72720588961601074       0.39496738006758236     
  0.73428292837858011       0.35753367480469311     
  0.74135996714114949       0.31294698827676287     
  0.74843700590371887       0.26212806219872398     
  0.75551404466628824       0.20644130134760716     
  0.76259108342885762       0.14766962154167346     
  0.76966812219142700        8.7961217018261595E-002
  0.77674516095399637        2.9749850307633146E-002
  0.78382219971656575       -2.4348276184031594E-002
  0.79089923847913512       -7.1656681307204664E-002
  0.79797627724170450      -0.10957426127104659     
  0.80505331600427388      -0.13571796511919756     
  0.81213035476684325      -0.14806532862044533     
  0.81920739352941263      -0.14508931021328927     
  0.82628443229198201      -0.12587780358608291     
  0.83336147105455138       -9.0230491677795718E-002
  0.84043850981712076       -3.8726381520190957E-002
  0.84751554857969014        2.7243569877079470E-002
  0.85459258734225951       0.10548286956299528     
  0.86166962610482889       0.19303726050165512     
  0.86874666486739827       0.28628406574950893     
  0.87582370362996764       0.38106102139550790     
  0.88290074239253702       0.47283014760593706     
  0.88997778115510640       0.55686992075095221     
  0.89705481991767577       0.62848696817367389     
  0.90413185868024515       0.68323687627499541     
  0.91120889744281464       0.71714263386718180     
  0.91828593620538412       0.72689884788968318     
  0.92536297496795350       0.71005024442885456     
  0.93244001373052288       0.66513412461841281     
  0.93951705249309236       0.59177833847849037     
  0.94659409125566185       0.49074886083213554     
  0.95367113001823123       0.36394403295262079     
  0.96074816878080060       0.21433575448109310     
  0.96782520754337009        4.5861125315877556E-002
  0.97490224630593958      -0.13672900836974594     
  0.98197928506850896      -0.32805569465468415     
  0.98905632383107833      -0.52232103602273261     
  0.99613336259364782      -0.71352927937398869     
   1.0032104013562173      -0.89570821874345319     
   1.0102874401187867       -1.0631201380634512     
   1.0173644788813561       -1.2104531305934596     
   1.0244415176439254       -1.3329858249556754     
   1.0315185564064950       -1.4267210886108250     
   1.0385955951690644       -1.4884869005244563     
   1.0456726339316338       -1.5160050156124840     
   1.0527496726942034       -1.5079300412137140     
   1.0598267114567728       -1.4638629213853327     
   1.0669037502193421       -1.3843434651686564     
   1.0739807889819115       -1.2708264364243520     
   1.0810578277444809       -1.1256449146880538     
   1.0881348665070505      -0.95196329403730962     
   1.0952119052696199      -0.75372063432035563     
   1.1022889440321892      -0.53556338364048217     
   1.1093659827947588      -0.30276503194519794     
   1.1164430215573282       -6.1129290345156274E-002
   1.1235200603198976       0.18312687721152854     
   1.1305970990824670       0.42351349158257784     
   1.1376741378450363       0.65343279252526809     
   1.1447511766076059       0.86636904270608828     
   1.1518282153701753        1.0560997482782128     
   1.1589052541327447        1.2169221144458562     
   1.1659822928953143        1.3438855553028246     
   1.1730593316578837        1.4330184618676669     
   1.1801363704204531        1.4815355407810815     
   1.1872134091830224        1.4880111557170002     
   1.1942904479455918        1.4525044343020121     
   1.2013674867081614        1.3766235326621306     
   1.2084445254707308        1.2635193380343730     
   1.2155215642333002        1.1178028694374715     
   1.2225986029958698       0.94538542364448086     
   1.2296756417584391       0.75324573411213092     
   1.2367526805210085       0.54913363334205589     
   1.2438297192835779       0.34122448850359027     
   1.2509067580461473       0.13774259819630863     
   1.2579837968087169       -5.3425554178642483E-002
   1.2650608355712862      -0.22510604442012724     
   1.2721378743338556      -0.37117842981991872     
   1.2792149130964252      -0.48686291852540242     
   1.2862919518589946      -0.56893715280778034     
   1.2933689906215640      -0.61587041249834285     
   1.3004460293841333      -0.62786826609266944     
   1.3075230681467027      -0.60682628535152661     
   1.3146001069092723      -0.55619696461570300     
   1.3216771456718417      -0.48077904297786578     
   1.3287541844344111      -0.38644267053077203     
   1.3358312231969807      -0.27980703173320798     
   1.3429082619595500      -0.16788898755140308     
   1.3499853007221194       -5.7741982701297594E-002
   1.3570623394846888        4.3896050429220436E-002
   1.3641393782472582       0.13092862020509943     
   1.3712164170098278       0.19818565354296830     
   1.3782934557723971       0.24165570081381227     
   1.3853704945349665       0.25865681769214166     
   1.3924475332975359       0.24794091642573407     
   1.3995245720601055       0.20972959299442190     
   1.4066016108226749       0.14568237805862416     
   1.4136786495852443        5.8800944367018264E-002
   1.4207556883478136       -4.6724997039502246E-002
   1.4278327271103830      -0.16572254931075800     
   1.4349097658729526      -0.29228216490911946     
   1.4419868046355220      -0.42003556953591986     
   1.4490638433980914      -0.54245378842264957     
   1.4561408821606607      -0.65315321563752915     
   1.4632179209232303      -0.74619713219098605     
   1.4702949596857997      -0.81637983541824910     
   1.4773719984483691      -0.85948067265609640     
   1.4844490372109385      -0.87247587430110973     
   1.4915260759735081      -0.85369724955994619     
   1.4986031147360774      -0.80292861318697928     
   1.5056801534986468      -0.72143327951624736     
   1.5127571922612162      -0.61190905647515159     
   1.5198342310237858      -0.47837079137260197     
   1.5269112697863552      -0.32596448391763949     
   1.5339883085489245      -0.16072104741737875     
   1.5410653473114939        1.0738323636705056E-002
   1.5481423860740633       0.18152984470185418     
   1.5552194248366329       0.34484998430378255     
   1.5622964635992023       0.49431404924066635     
   1.5693735023617716       0.62427086021804745     
   1.5764505411243412       0.73007498236586688     
   1.5835275798869106       0.80830043255966155     
   1.5906046186494800       0.85688344923011761     
   1.5976816574120494       0.87518653318762185     
   1.6047586961746187       0.86398120893613140     
   1.6118357349371883       0.82535240901548501     
   1.6189127736997577       0.76253261447390674     
   1.6259898124623271       0.67967846972827206     
   1.6330668512248967       0.58160615875953170     
   1.6401438899874661       0.47350409828460527     
   1.6472209287500355       0.36064230367122485     
   1.6542979675126048       0.24809707751870858     
   1.6613750062751742       0.14050755601885909     
   1.6684520450377438        4.1877345706880981E-002
   1.6755290838003132       -4.4569683911471883E-002
   1.6826061225628826      -0.11647502564751548     
   1.6896831613254522      -0.17237284015623988     
   1.6967602000880215      -0.21166352989111512     
   1.7038372388505909      -0.23454177145844235     
   1.7109142776131603      -0.24188979673541239     
   1.7179913163757297      -0.23514814320124328     
   1.7250683551382993      -0.21617630580502958     
   1.7321453939008686      -0.18711478939103149     
   1.7392224326634380      -0.15025816373314554     
   1.7462994714260076      -0.10794612938086957     
   1.7533765101885770       -6.2476632648130907E-002
   1.7604535489511464       -1.6042061449234042E-002
   1.7675305877137157        2.9313168244059256E-002
   1.7746076264762851        7.1717492051280834E-002
   1.7816846652388547       0.10948481693145158     
   1.7887617040014241       0.14112072312120355     
   1.7958387427639935       0.16532780940985212     
   1.8029157815265631       0.18101470828729796     
   1.8099928202891324       0.18731168492963593     
   1.8170698590517018       0.18359377649705724     
   1.8241468978142712       0.16951038788502665     
   1.8312239365768406       0.14501839768455896     
   1.8383009753394102       0.11041437420774415     
   1.8453780141019795        6.6360631778342616E-002
   1.8524550528645489        1.3899675469643834E-002
   1.8595320916271185       -4.5547889875838389E-002
   1.8666091303896879      -0.11020573229717033     
   1.8736861691522573      -0.17798649540501396     
   1.8807632079148267      -0.24655884923341917     
   1.8878402466773960      -0.31343476472095316     
   1.8949172854399656      -0.37607286123734029     
   1.9019943242025350      -0.43199198008195205     
   1.9090713629651044      -0.47888794468686569     
   1.9161484017276738      -0.51474589961460793     
   1.9232254404902431      -0.53794072841329776     
   1.9303024792528125      -0.54731881854526176     
   1.9373795180153819      -0.54225578811853992     
   1.9444565567779513      -0.52268657757420545     
   1.9515335955405206      -0.48910636468976287     
   1.9586106343030900      -0.44254288866535835     
   1.9656876730656594      -0.38450277492947871     
   1.9727647118282288      -0.31689616296739087     
   1.9798417505907981      -0.24194521753262996     
   1.9869187893533675      -0.16208285955558913     
   1.9939958281159369       -7.9848251498112185E-002
   2.0010728668785065        2.2147681502118145E-003
   2.0081499056410754        8.1650916718825906E-002
   2.0152269444036452       0.15617415338134652     
   2.0223039831662142       0.22373300722068901     
   2.0293810219287840       0.28255921670438539     
   2.0364580606913529       0.33119977002717649     
   2.0435350994539228       0.36853366844783697     
   2.0506121382164917       0.39377568189236650     
   2.0576891769790615       0.40646996493362642     
   2.0647662157416304       0.40647662776171645     
   2.0718432545042003       0.39395422505880423     
   2.0789202932667692       0.36934068382980945     
   2.0859973320293390       0.33333451401164432     
   2.0930743707919079       0.28687732550007494     
   2.1001514095544778       0.23113781206890127     
   2.1072284483170467       0.16749655411544959     
   2.1143054870796165        9.7530324597988854E-002
   2.1213825258421855        2.2994123908374804E-002
   2.1284595646047553       -5.4201035532698873E-002
   2.1355366033673242      -0.13201650642706542     
   2.1426136421298940      -0.20832212321666990     
   2.1496906808924630      -0.28094106645538297     
   2.1567677196550328      -0.34770372825560691     
   2.1638447584176017      -0.40650995658000544     
   2.1709217971801715      -0.45539813408512325     
   2.1779988359427405      -0.49261865597034232     
   2.1850758747053103      -0.51670858580597179     
   2.1921529134678792      -0.52656365617583323     
   2.1992299522304490      -0.52150339810356139     
   2.2063069909930180      -0.50132507061188913     
   2.2133840297555878      -0.46634224305335664     
   2.2204610685181567      -0.41740436301114592     
   2.2275381072807265      -0.35589440740740347     
   2.2346151460432955      -0.28370273107898664     
   2.2416921848058653      -0.20317644522548328     
   2.2487692235684342      -0.11704501237743488     
   2.2558462623310040       -2.8324157344069161E-002
   2.2629233010935730        5.9798420779807848E-002
   2.2700003398561428       0.14409078140717449     
   2.2770773786187117       0.22141210116131763     
   2.2841544173812816       0.28884905967122287     
   2.2912314561438505       0.34384622610937493     
   2.2983084949064203       0.38432339416246469     
   2.3053855336689892       0.40877321481513912     
   2.3124625724315591       0.41633330505436900     
   2.3195396111941280       0.40682823706755356     
   2.3266166499566978       0.38077837863739966     
   2.3336936887192667       0.33937437643660384     
   2.3407707274818366       0.28441804253026703     
   2.3478477662444055       0.21823239717997933     
   2.3549248050069753       0.14354550646757147     
   2.3620018437695443        6.3354400898163063E-002
   2.3690788825321141       -1.9223348530336082E-002
   2.3761559212946830      -0.10110198642628862     
   2.3832329600572528      -0.17937514378682323     
   2.3903099988198218      -0.25145016051541919     
   2.3973870375823916      -0.31516150834073553     
   2.4044640763449605      -0.36885698634579500     
   2.4115411151075303      -0.41145211318772218     
   2.4186181538700993      -0.44245020351653003     
   2.4256951926326691      -0.46192784926190938     
   2.4327722313952380      -0.47048777282755377     
   2.4398492701578078      -0.46918311939038060     
   2.4469263089203768      -0.45941905939447547     
   2.4540033476829466      -0.44283895100600723     
   2.4610803864455155      -0.42120316809919756     
   2.4681574252080853      -0.39626897369111730     
   2.4752344639706543      -0.36967949681116713     
   2.4823115027332241      -0.34286898269417643     
   2.4893885414957930      -0.31699010453361720     
   2.4964655802583628      -0.29286735906011563     
   2.5035426190209318      -0.27097855498704676     
   2.5106196577835016      -0.25146429680499904     
   2.5176966965460705      -0.23416332503835716     
   2.5247737353086404      -0.21866974857722696     
   2.5318507740712093      -0.20440672624125392     
   2.5389278128337791      -0.19071012510336122     
   2.5460048515963480      -0.17691516736094254     
   2.5530818903589179      -0.16243909979798327     
   2.5601589291214868      -0.14685346245131264     
   2.5672359678840566      -0.12994053903904840     
   2.5743130066466255      -0.11172995044222855     
   2.5813900454091954       -9.2512987946767572E-002
   2.5884670841717643       -7.2834043335032517E-002
   2.5955441229343341       -5.3460241742407190E-002
   2.6026211616969031       -3.5331989930015066E-002
   2.6096982004594729       -1.9498502618754555E-002
   2.6167752392220418       -7.0433722389314918E-003
   2.6238522779846116        9.9415760326071684E-004
   2.6309293167471806        3.6963945630812596E-003
   2.6380063555097504        3.3732353585536295E-004
   2.6450833942723193       -9.5592385393029247E-003
   2.6521604330348891       -2.6177372076974285E-002
   2.6592374717974581       -4.9385361989744886E-002
   2.6663145105600279       -7.8731918063423612E-002
   2.6733915493225968      -0.11346225130324193     
   2.6804685880851666      -0.15255262202417258     
   2.6875456268477356      -0.19476080394875761     
   2.6946226656103054      -0.23868896540897186     
   2.7016997043728743      -0.28285480571803318     
   2.7087767431354441      -0.32576643022803436     
   2.7158537818980131      -0.36599640604249573     
   2.7229308206605829      -0.40225069400253838     
   2.7300078594231518      -0.43342866436026234     
   2.7370848981857216      -0.45867112149925460     
   2.7441619369482906      -0.47739412529183217     
   2.7512389757108604      -0.48930733681136201     
   2.7583160144734293      -0.49441656844031212     
   2.7653930532359992      -0.49301112252884166     
   2.7724700919985681      -0.48563730731194776     
   2.7795471307611379      -0.47306018412910905     
   2.7866241695237068      -0.45621609961159693     
   2.7937012082862767      -0.43615887735427300     
   2.8007782470488456      -0.41400268528509310     
   2.8078552858114154      -0.39086456813054626     
   2.8149323245739843      -0.36780945846215318     
   2.8220093633365542      -0.34580018037850269     
   2.8290864020991231      -0.32565456599476239     
   2.8361634408616929      -0.30801134661701507     
   2.8432404796242619      -0.29330598663637142     
   2.8503175183868317      -0.28175712482499793     
   2.8573945571494006      -0.27336379698061525     
   2.8644715959119704      -0.26791315345076594     
   2.8715486346745394      -0.26499796825166078     
   2.8786256734371092      -0.26404287254530018     
   2.8857027121996781      -0.26433794009919259     
   2.8927797509622479      -0.26507800948064997     
   2.8998567897248169      -0.26540594892076780     
   2.9069338284873867      -0.26445795584339948     
   2.9140108672499556      -0.26140893433310042     
   2.9210879060125254      -0.25551601039717464     
   2.9281649447750944      -0.24615832653748324     
   2.9352419835376642      -0.23287140306481674     
   2.9423190223002331      -0.21537456187029982     
   2.9493960610628029      -0.19359017548988822     
   2.9564730998253719      -0.16765382455157868     
   2.9635501385879417      -0.13791481174295028     
   2.9706271773505106      -0.10492687906749870     
   2.9777042161130804       -6.9429393301659856E-002
   2.9847812548756494       -3.2319685612508892E-002
   2.9918582936382192        5.3823632720069519E-003
   2.9989353324007881        4.2576030662505072E-002
   3.0060123711633580        7.8125974877648482E-002
   3.0130894099259269       0.11091095308053267     
   3.0201664486884967       0.13987285840169733     
   3.0272434874510656       0.16406384527792980     
   3.0343205262136355       0.18268936272969577     
   3.0413975649762044       0.19514507347864615     
   3.0484746037387742       0.20104589749404286     
   3.0555516425013431       0.20024577091773266     
   3.0626286812639130       0.19284713898648406     
   3.0697057200264819       0.17919968347529602     
   3.0767827587890517       0.15988829670748231     
   3.0838597975516207       0.13571082857977151     
   3.0909368363141905       0.10764662306904556     
   3.0980138750767594        7.6817300176877254E-002
   3.1050909138393292        4.4441604790974441E-002
   3.1121679526018982        1.1786416187409684E-002
   3.1192449913644680       -1.9883823166963216E-002
   3.1263220301270369       -4.9356951162201922E-002
   3.1333990688896067       -7.5519960565950076E-002
   3.1404761076521757       -9.7400841664033080E-002
   3.1475531464147455      -0.11420360899923315     
   3.1546301851773144      -0.12533509071559953     
   3.1617072239398842      -0.13042248434838433     
   3.1687842627024532      -0.12932114717373436     
   3.1758613014650230      -0.12211256707582097     
   3.1829383402275919      -0.10909292592838900     
   3.1900153789901617       -9.0753097802016153E-002
   3.1970924177527307       -6.7751297747581291E-002
   3.2041694565153005       -4.0879896191368385E-002
   3.2112464952778694       -1.1028126525818954E-002
   3.2183235340404392        2.0857468080075801E-002
   3.2254005728030082        5.3812980274799770E-002
   3.2324776115655780        8.6895678610920943E-002
   3.2395546503281469       0.11921949940957761     
   3.2466316890907168       0.14998607542065265     
   3.2537087278532857       0.17851017114812559     
   3.2607857666158555       0.20423871907686375     
   3.2678628053784244       0.22676299622254639     
   3.2749398441409943       0.24582382773277869     
   3.2820168829035632       0.26131003601915992     
   3.2890939216661330       0.27325065434229368     
   3.2961709604287019       0.28180167980147569     
   3.3032479991912718       0.28722834237841371     
   3.3103250379538407       0.28988400763026678     
   3.3174020767164105       0.29018690799881497     
   3.3244791154789795       0.28859591216608566     
   3.3315561542415493       0.28558649730230190     
   3.3386331930041182       0.28162799202445887     
   3.3457102317666880       0.27716301720184583     
   3.3527872705292570       0.27258987773809051     
   3.3598643092918268       0.26824846233311267     
   3.3669413480543957       0.26441000139821413     
   3.3740183868169655       0.26127082677401248     
   3.3810954255795345       0.25895008074907688     
   3.3881724643421043       0.25749114477188023     
   3.3952495031046732       0.25686640714985498     
   3.4023265418672430       0.25698486897298578     
   3.4094035806298120       0.25770200151586670     
   3.4164806193923818       0.25883121751585325     
   3.4235576581549507       0.26015630220666885     
   3.4306346969175205       0.26144416539246712     
   3.4377117356800895       0.26245731941767642     
   3.4447887744426593       0.26296555484410150     
   3.4518658132052282       0.26275637053450718     
   3.4589428519677980       0.26164381187516739     
   3.4660198907303670       0.25947547425856382     
   3.4730969294929368       0.25613753318608351     
   3.4801739682555057       0.25155776246736911     
   3.4872510070180756       0.24570659373790432     
   3.4943280457806445       0.23859635049672076     
   3.5014050845432143       0.23027885562052977     
   3.5084821233057832       0.22084166132625815     
   3.5155591620683531       0.21040318423713769     
   3.5226362008309220       0.19910704580589106     
   3.5297132395934918       0.18711592084425829     
   3.5367902783560607       0.17460518588378976     
   3.5438673171186306       0.16175663658356018     
   3.5509443558811995       0.14875251174235071     
   3.5580213946437693       0.13577002315262240     
   3.5650984334063383       0.12297654805112994     
   3.5721754721689081       0.11052559666705293     
   3.5792525109314770        9.8553623523538733E-002
   3.5863295496940468        8.7177709604962572E-002
   3.5934065884566158        7.6494104810210684E-002
   3.6004836272191856        6.6577587450249567E-002
   3.6075606659817545        5.7481570714495882E-002
   3.6146377047443243        4.9238865455083485E-002
   3.6217147435068933        4.1862994411367385E-002
   3.6287917822694631        3.5349944909764598E-002
   3.6358688210320320        2.9680244668198113E-002
   3.6429458597946018        2.4821247957755220E-002
   3.6500228985571708        2.0729526237244767E-002
   3.6570999373197406        1.7353267608317530E-002
   3.6641769760823095        1.4634602138924212E-002
   3.6712540148448793        1.2511784386569667E-002
   3.6783310536074483        1.0921179490008320E-002
   3.6854080923700181        9.7990142437052556E-003
   3.6924851311325870        9.0828689854973114E-003
   3.6995621698951568        8.7128993969422825E-003
   3.7066392086577258        8.6327890469533996E-003
   3.7137162474202956        8.7904434371891219E-003
   3.7207932861828645        9.1384442859464062E-003
   3.7278703249454344        9.6342887773048138E-003
   3.7349473637080033        1.0240442558265932E-002
   3.7420244024705731        1.0924237519283495E-002
   3.7491014412331420        1.1657646032034636E-002
   3.7561784799957119        1.2416962572636065E-002
   3.7632555187582808        1.3182421782933888E-002
   3.7703325575208506        1.3937779279908528E-002
   3.7774095962834195        1.4669878172173972E-002
   3.7844866350459894        1.5368220526118116E-002
   3.7915636738085583        1.6024559161713893E-002
   3.7986407125711281        1.6632521338984851E-002
   3.8057177513336971        1.7187272276560715E-002
   3.8127947900962669        1.7685223144984431E-002
   3.8198718288588358        1.8123785286062195E-002
   3.8269488676214056        1.8501169979650210E-002
   3.8340259063839746        1.8816231135381445E-002
   3.8411029451465444        1.9068346827769568E-002
   3.8481799839091133        1.9257334596612968E-002
   3.8552570226716831        1.9383394861678848E-002
   3.8623340614342521        1.9447076600451075E-002
   3.8694111001968219        1.9449259551755114E-002
   3.8764881389593908        1.9391147574133488E-002
   3.8835651777219606        1.9274268343602588E-002
   3.8906422164845296        1.9100475260973523E-002
   3.8977192552470994        1.8871948199346084E-002
   3.9047962940096683        1.8591190509097206E-002
   3.9118733327722381        1.8261020469557226E-002
   3.9189503715348071        1.7884556100561940E-002
   3.9260274102973769        1.7465192897993725E-002
   3.9331044490599458        1.7006574618041947E-002
   3.9401814878225156        1.6512557694908458E-002
   3.9472585265850846        1.5987170232173872E-002
   3.9543355653476544        1.5434566760455674E-002
   3.9614126041102233        1.4858980109082112E-002
   3.9684896428727932        1.4264671806371271E-002
   3.9755666816353621        1.3655882413131459E-002
   3.9826437203979319        1.3036783119978105E-002
   3.9897207591605008        1.2411429814428710E-002
   3.9967977979230707        1.1783720661753122E-002
   4.0038748366856396        1.1157358056936784E-002
   4.0109518754482094        1.0535815605395703E-002
   4.0180289142107783        9.9223105875057456E-003
   4.0251059529733482        9.3197821651836016E-003
   4.0321829917359171        8.7308754046633488E-003
   4.0392600304984869        8.1579310235784640E-003
   4.0463370692610559        7.6029806261976888E-003
   4.0534141080236257        7.0677470704547758E-003
   4.0604911467861946        6.5536495152173106E-003
   4.0675681855487644        6.0618126259048494E-003
   4.0746452243113334        5.5930793700504702E-003
   4.0817222630739032        5.1480268098972890E-003
   4.0887993018364721        4.7269842943679155E-003
   4.0958763405990419        4.3300534650750995E-003
   4.1029533793616109        3.9571295176467113E-003
   4.1100304181241807        3.6079231976469529E-003
   4.1171074568867496        3.2819830569810419E-003
   4.1241844956493194        2.9787175492415208E-003
   4.1312615344118884        2.6974165985651916E-003
   4.1383385731744582        2.4372723340869255E-003
   4.1454156119370271        2.1973987391558851E-003
   4.1524926506995969        1.9768500195963463E-003
   4.1595696894621659        1.7746375472303061E-003
   4.1666467282247357        1.5897452827166197E-003
   4.1737237669873046        1.4211436248522434E-003
   4.1808008057498744        1.2678016714388588E-003
   4.1878778445124434        1.1286979094546146E-003
   4.1949548832750132        1.0028293796029051E-003
   4.2020319220375821        8.8921938248670671E-004
   4.2091089608001520        7.8692381096237356E-004
   4.2161859995627209        6.9503620602138268E-004
   4.2232630383252907        6.1269164226351565E-004
   4.2303400770878596        5.3906955412317647E-004
   4.2374171158504295        4.7339561597450333E-004
   4.2444941546129984        4.1494278855064705E-004
   4.2515711933755682        3.6303164123488527E-004
   4.2586482321381371        3.1703005515430749E-004
   4.2657252709007070        2.7635240603976496E-004
   4.2728023096632759        2.4045831887401837E-004
   4.2798793484258457        2.0885107876084650E-004
   4.2869563871884147        1.8107577449299540E-004
   4.2940334259509845        1.5671724321695250E-004
   4.3011104647135534        1.3539787658565437E-004
   4.3081875034761232        1.1677534101712654E-004
   4.3152645422386922        1.0054025726216956E-004
   4.3223415810012620        8.6413877520343364E-005
   4.3294186197638309        7.4145791895217792E-005
   4.3364956585264007        6.3511690087692619E-005
   4.3435726972889697        5.4311198909671695E-005
   4.3506497360515395        4.6365811462188087E-005
   4.3577267748141084        3.9516919651444508E-005
   4.3648038135766782        3.3623958091062378E-005
   4.3718808523392472        2.8562664329692374E-005
   4.3789578911018170        2.4223457714302280E-005
   4.3860349298643859        2.0509937012035443E-005
   4.3931119686269557        1.7337495126205945E-005
   4.4001890073895247        1.4632047813228377E-005
   4.4072660461520945        1.2328872195811391E-005
   4.4143430849146634        1.0371550033816399E-005
   4.4214201236772332        8.7110101200554065E-006
   4.4284971624398022        7.3046637787069805E-006
   4.4355742012023720        6.1156272265442778E-006
   4.4426512399649409        5.1120244822540786E-006
   4.4497282787275108        4.2663645503353055E-006
   4.4568053174900797        3.5549867398855519E-006
   4.4638823562526495        2.9575681843946725E-006
   4.4709593950152184        2.4566878886098025E-006
   4.4780364337777883        2.0374419272860196E-006
   4.4851134725403572        1.6871047452423777E-006
   4.4921905113029270        1.3948318477842811E-006
   4.4992675500654959        1.1513995163347017E-006
   4.5063445888280658        9.4897752885164541E-007
   4.5134216275906347        7.8093120260680330E-007
   4.5204986663532045        6.4164940376797140E-007
   4.5275757051157735        5.2639548069546918E-007
   4.5346527438783433        4.3117837359787270E-007
   4.5417297826409122        3.5264143066436623E-007
   4.5488068214034820        2.8796671911947729E-007
   4.5558838601660510        2.3479285848634164E-007
   4.5629608989286208        1.9114462277878151E-007
   4.5700379376911897        1.5537275878549462E-007
   4.5771149764537595        1.2610264973208330E-007
   4.5841920152163285        1.0219061826355087E-007
   4.5912690539788983        8.2686810868374766E-008
   4.5983460927414672        6.6803738632876651E-008
   4.6054231315040370        5.3889667685049541E-008
   4.6125001702666060        4.3406157986028220E-008
   4.6195772090291758        3.4909142370398188E-008
   4.6266542477917447        2.8033020009216767E-008
   4.6337312865543145        2.2477310813619466E-008
   4.6408083253168835        1.7995480700295280E-008
   4.6478853640794533        1.4385603030680397E-008
   4.6549624028420222        1.1482569776446789E-008
   4.6620394416045920        9.1516078517772899E-009
   4.6691164803671610        7.2828923184827918E-009
   4.6761935191297308        5.7870794786664045E-009
   4.6832705578922997        4.5916098239238438E-009
   4.6903475966548696        3.6376539526247803E-009
   4.6974246354174385        2.8775943839261957E-009
   4.7045016741800083        2.2729531224794866E-009
   4.7115787129425772        1.7926892463385298E-009
   4.7186557517051471        1.4118030427827323E-009
   4.7257327904677160        1.1101936023907738E-009
   4.7328098292302858        8.7172556368811082E-010
   4.7398868679928547        6.8346810885935058E-010
   4.7469639067554246        5.3507554549873209E-010
   4.7540409455179935        4.1828404387786359E-010
   4.7611179842805633        3.2650348399655586E-010
   4.7681950230431323        2.5448703132453187E-010
   4.7752720618057021        1.9806411601443679E-010
   4.7823491005682710        1.5392503292394325E-010
   4.7894261393308408        1.1944749058825572E-010
   4.7965031780934098        9.2557185825843797E-011
   4.8035802168559796        7.1615925981244295E-011
   4.8106572556185485        5.5332012932786531E-011
   4.8177342943811183        4.2688584188840183E-011
   4.8248113331436873        3.2886412284348711E-011
   4.8318883719062571        2.5298324210092044E-011
   4.8389654106688260        1.9432942861076584E-011
   4.8460424494313958        1.4905893467622704E-011
   4.8531194881939648        1.1416977182418196E-011
   4.8601965269565346        8.7321060082524507E-012
   4.8672735657191035        6.6690301583083043E-012
   4.8743506044816733        5.0860807587505689E-012
   4.8814276432442423        3.8733058056525813E-012
   4.8885046820068121        2.9455022945318386E-012
   4.8955817207693810        2.2367480585410165E-012
   4.9026587595319508        1.6961176814553548E-012
   4.9097357982945198        1.2843316600920968E-012
   4.9168128370570896        9.7113985364771398E-013
   4.9238898758196585        7.3328168139803973E-013
   4.9309669145822284        5.5289855364988979E-013
   4.9380439533447973        4.1630029770067107E-013
   4.9451209921073671        3.1300820995948123E-013
   4.9521980308699360        2.3501390920991694E-013
   4.9592750696325059        1.7620625649454281E-013
   4.9663521083950748        1.3192894602014703E-013
   4.9734291471576446        9.8639522222337954E-014
   4.9805061859202135        7.3646992085701122E-014
   4.9875832246827834        5.4910239912382163E-014
   4.9946602634453523        4.0883401962346752E-014
   5.0017373022079221        3.0397450091159119E-014
   5.0088143409704911        2.2569648952461152E-014
   5.0158913797330609        1.6734435078855039E-014
   5.0229684184956298        1.2390732646367488E-014
   5.0300454572581996        9.1618603774897926E-015
   5.0371224960207686        6.7650681385635478E-015
   5.0441995347833384        4.9884264461314517E-015
   5.0512765735459073        3.6733213852441075E-015
   5.0583536123084771        2.7012159121633430E-015
   5.0654306510710461        1.9836532013930069E-015
   5.0725076898336159        1.4547197192176276E-015
   5.0795847285961848        1.0653715250818659E-015
   5.0866617673587546        7.7916972780963111E-016
   5.0937388061213236        5.6908000493260541E-016
   5.1008158448838934        4.1507434345386089E-016
   5.1078928836464623        3.0233664803703512E-016
   5.1149699224090321        2.1992219847052456E-016
   5.1220469611716011        1.5975767729830560E-016
   5.1291239999341709        1.1589636688935508E-016
   5.1362010386967398        8.3964235100383600E-017
   5.1432780774593096        6.0748602281087333E-017
   5.1503551162218786        4.3893143941629584E-017
   5.1574321549844484        3.1672076208513633E-017
   5.1645091937470173        2.2823214843883460E-017
   5.1715862325095872        1.6424741122273627E-017
   5.1786632712721561        1.1804365885720321E-017
   5.1857403100347259        8.4724728356167465E-018
   5.1928173487972948        6.0729831357737368E-018
   5.1998943875598647        4.3472968925542804E-018
   5.2069714263224336        3.1078698599388767E-018
   5.2140484650850034        2.2188789200313666E-018
   5.2211255038475723        1.5820951203796576E-018
   5.2282025426101422        1.1265766124740481E-018
   5.2352795813727111        8.0115945941138903E-019
   5.2423566201352809        5.6899470760914011E-019
   5.2494336588978499        4.0357982375551424E-019
   5.2565106976604197        2.8587985055083758E-019
   5.2635877364229886        2.0224204338905903E-019
   5.2706647751855584        1.4288743911779964E-019
   5.2777418139481274        1.0082129622771464E-019
   5.2848188527106972        7.1047208173650106E-020
   5.2918958914732661        5.0001054953662003E-020
   5.2989729302358359        3.5143872703142922E-020
   5.3060499689984049        2.4669437600667439E-020
   5.3131270077609747        1.7294536982332488E-020
   5.3202040465235436        1.2108756894726302E-020
   5.3272810852861134        8.4670471110841781E-021
   5.3343581240486824        5.9129886793107794E-021
   5.3414351628112522        4.1240661977842371E-021
   5.3485122015738211        2.8726886932615868E-021
   5.3555892403363909        1.9984657128150657E-021
   5.3626662790989599        1.3885159533249206E-021
   5.3697433178615297        9.6350043019442742E-022
   5.3768203566240986        6.6772962293053602E-022
   5.3838973953866684        4.6216588563392611E-022
   5.3909744341492374        3.1948057081286138E-022
   5.3980514729118072        2.2056731216995685E-022
   5.4051285116743761        1.5208584155276135E-022
   5.4122055504369460        1.0473411118136483E-022
   5.4192825891995158        7.2034416179983183E-023
   5.4263596279620856        4.9481771393431811E-023
   5.4334366667246554        3.3947244234818660E-023
   5.4405137054872252        2.3260480105513658E-023
   5.4475907442497951        1.5917998379533446E-023
   5.4546677830123649        1.0879642714619695E-023
   5.4617448217749347        7.4267356279631737E-024
   5.4688218605375045        5.0633646106303016E-024
   5.4758988993000743        3.4477764027729036E-024
   5.4829759380626442        2.3447599077085673E-024
   5.4900529768252140        1.5926406581789907E-024
   5.4971300155877838        1.0804335982650248E-024
   5.5042070543503536        7.3204866511303359E-025
   5.5112840931129234        4.9538646379037164E-025
   5.5183611318754933        3.3481996298980522E-025
   5.5254381706380631        2.2601761569229464E-025
   5.5325152094006329        1.5238340587406252E-025
   5.5395922481632027        1.0261201246758500E-025
   5.5466692869257725        6.9011993335989201E-026
   5.5537463256883424        4.6357228735541160E-026
   5.5608233644509122        3.1101230525592742E-026
   5.5679004032134820        2.0840377038082902E-026
   5.5749774419760518        1.3947685289076407E-026
   5.5820544807386216        9.3232632238629771E-027
   5.5891315195011915        6.2244883191442427E-027
   5.5962085582637613        4.1505909194735034E-027
   5.6032855970263311        2.7643143468756649E-027
   5.6103626357889009        1.8388097419179410E-027
   5.6174396745514708        1.2216834277896081E-027
   5.6245167133140406        8.1068797245049722E-028
   5.6315937520766104        5.3730709382094203E-028
   5.6386707908391802        3.5568524462827626E-028
   5.6457478296017500        2.3517122531773580E-028
   5.6528248683643199        1.5530241043462026E-028
   5.6599019071268897        1.0243503293901527E-028
   5.6669789458894595        6.7483211372455001E-029
   5.6740559846520293        4.4403836689347290E-029
   5.6811330234145991        2.9182559708124100E-029
   5.6882100621771690        1.9156007614301204E-029
   5.6952871009397388        1.2559314863807124E-029
   5.7023641397023086        8.2244491101757444E-030
   5.7094411784648784        5.3793301245236533E-030
   5.7165182172274482        3.5142339628534973E-030
   5.7235952559900181        2.2930568423592461E-030
   5.7306722947525879        1.4944494173773596E-030
   5.7377493335151577        9.7281541106741187E-031
   5.7448263722777275        6.3250367606187292E-031
   5.7519034110402973        4.1075193657985864E-031
   5.7589804498028672        2.6642851174896183E-031
   5.7660574885654370        1.7261035553444524E-031
   5.7731345273280068        1.1169625602942234E-031
   5.7802115660905766        7.2193243430039711E-032
   5.7872886048531464        4.6605932736795078E-032
   5.7943656436157163        3.0051981090411229E-032
   5.8014426823782861        1.9354983197631182E-032
   5.8085197211408559        1.2450901911339503E-032
   5.8155967599034257        8.0001416187741087E-033
   5.8226737986659955        5.1343315903822479E-033
   5.8297508374285654        3.2912437546017417E-033
   5.8368278761911352        2.1073011144428351E-033
   5.8439049149537050        1.3476715918389755E-033
   5.8509819537162748        8.6086091295000692E-034
   5.8580589924788447        5.4925478646607718E-034
   5.8651360312414145        3.5003152491512154E-034
   5.8722130700039843        2.2280935344697512E-034
   5.8792901087665541        1.4166191938406688E-034
   5.8863671475291239        8.9963586986041513E-035
   5.8934441862916938        5.7065658336041643E-035
   5.9005212250542636        3.6155786580601105E-035
   5.9075982638168334        2.2881062788413659E-035
   5.9146753025794032        1.4463401669174356E-035
   5.9217523413419730        9.1318980386285323E-036
   5.9288293801045429        5.7590186510357718E-036
   5.9359064188671127        3.6277154177722348E-036
   5.9429834576296825        2.2825258116991457E-036
   5.9500604963922523        1.4344863109393538E-036
   5.9571375351548221        9.0048359082462101E-037
   5.9642145739173920        5.6461750617826373E-037
   5.9712916126799618        3.5361645886354895E-037
   5.9783686514425316        2.2121300122647030E-037
   5.9854456902051014        1.3822586571974952E-037
   5.9925227289676712        8.6271813559154354E-038
   5.9995997677302411        5.3783605982350507E-038
   6.0066768064928109        3.3491355438036258E-038
   6.0137538452553807        2.0831367784937897E-038
   6.0208308840179505        1.2942123396049766E-038
   6.0279079227805203        8.0314951847524345E-039
   6.0349849615430902        4.9784117714588420E-039
   6.0420620003056600        3.0824014136888737E-039
   6.0491390390682298        1.9063031509391625E-039
   6.0562160778307996        1.1776047400978551E-039
   6.0632931165933694        7.2662836849244605E-040
   6.0703701553559393        4.4784815695235059E-040
   6.0774471941185091        2.7571175429795330E-040
   6.0845242328810789        1.6954548456206650E-040
   6.0916012716436487        1.0414154950351637E-040
   6.0986783104062186        6.3895328291565328E-041
   6.1057553491687884        3.9158120607604905E-041
   6.1128323879313582        2.3970805815793598E-041
   6.1199094266939280        1.4657229319015613E-041
   6.1269864654564978        8.9522041669350900E-042
   6.1340635042190677        5.4615675586526139E-042
   6.1411405429816375        3.3282371596680771E-042
   6.1482175817442073        2.0259150360415934E-042
   6.1552946205067771        1.2317954051411009E-042
   6.1623716592693469        7.4811213725686341E-043
   6.1694486980319168        4.5384334104990725E-043
   6.1765257367944866        2.7501523641049867E-043
   6.1836027755570564        1.6646365870315717E-043
   6.1906798143196262        1.0064550397714538E-043
   6.1977568530821960        6.0782974947538809E-044
   6.2048338918447659        3.6667603033597165E-044
   6.2119109306073357        2.2095124240641811E-044
   6.2189879693699055        1.3299156407116734E-044
   6.2260650081324753        7.9958716906246293E-045
   6.2331420468950451        4.8019979709301656E-045
   6.2402190856576150        2.8806660538307870E-045
   6.2472961244201848        1.7261518415072594E-045
   6.2543731631827546        1.0331908817435927E-045
   6.2614502019453244        6.1772896898379064E-046
   6.2685272407078942        3.6891944970155984E-046
   6.2756042794704641        2.2008054793410934E-046
   6.2826813182330339        1.3114406124293424E-046
   6.2897583569956037        7.8060764606841982E-047
   6.2968353957581735        4.6412451862333029E-047
   6.3039124345207433        2.7564752404473495E-047
   6.3109894732833132        1.6352790972723332E-047
   6.3180665120458830        9.6905451867285265E-048
   6.3251435508084528        5.7361883187024839E-048
   6.3322205895710226        3.3917027307664567E-048
   6.3392976283335924        2.0032339704630488E-048
   6.3463746670961623        1.1818582978195733E-048
   6.3534517058587321        6.9649707805368413E-049
   6.3605287446213019        4.1000925969616734E-049
   6.3676057833838717        2.4109534419732784E-049
   6.3746828221464416        1.4161364126500701E-049
   6.3817598609090114        8.3088855291139081E-050
   6.3888368996715812        4.8696998361035017E-050
   6.3959139384341510        2.8509109301082303E-050
   6.4029909771967208        1.6671990433453090E-050
   6.4100680159592907        9.7389897324971230E-051
   6.4171450547218605        5.6828123964671434E-051
   6.4242220934844303        3.3123482252547477E-051
   6.4312991322470001        1.9285558187226642E-051
   6.4383761710095699        1.1216369148986034E-051
   6.4454532097721398        6.5162318263422608E-052
   6.4525302485347096        3.7815095835418877E-052
   6.4596072872972794        2.1920912224737482E-052
   6.4666843260598492        1.2693373840951181E-052
   6.4737613648224190        7.3421091804703119E-053
   6.4808384035849889        4.2421909498253008E-053
   6.4879154423475587        2.4484175353907821E-053
   6.4949924811101285        1.4115846500427552E-053
   6.5020695198726983        8.1293314947387545E-054
   6.5091465586352681        4.6765919882262992E-054
   6.5162235973978380        2.6873928059608635E-054
   6.5233006361604078        1.5426241217324766E-054
   6.5303776749229776        8.8453833802087705E-055
   6.5374547136855474        5.0664184175556911E-055
   6.5445317524481172        2.8987687408779074E-055
   6.5516087912106871        1.6567404637780687E-055
   6.5586858299732569        9.4585388909457752E-056
   6.5657628687358267        5.3941443114938991E-056
   6.5728399074983965        3.0729130234350678E-056
   6.5799169462609663        1.7486683116036388E-056
   6.5869939850235362        9.9401821115543354E-057
   6.5940710237861060        5.6443148754221615E-057
   6.6011480625486758        3.2015359147004885E-057
   6.6082251013112456        1.8139947861036414E-057
   6.6153021400738155        1.0267021240949894E-057
   6.6223791788363853        5.8047552475815980E-058
   6.6294562175989551        3.2783449349727335E-058
   6.6365332563615249        1.8495109849438175E-058
   6.6436102951240947        1.0422957598405123E-058
   6.6506873338866646        5.8675535933644503E-059
   6.6577643726492344        3.2995555678675122E-059
   6.6648414114118042        1.8534734272727019E-059
   6.6719184501743740        1.0400400506959663E-059
   6.6789954889369438        5.8297078525360070E-060
   6.6860725276995137        3.2642002257696242E-060
   6.6931495664620835        1.8257457742569571E-060
   6.7002266052246533        1.0200878469102876E-060
   6.7073036439872231        5.6933625282762803E-061
   6.7143806827497929        3.1742003723410096E-061
   6.7214577215123628        1.7678048038007267E-061
   6.7285347602749326        9.8348782761341416E-062
   6.7356117990375024        5.4656096486954045E-062
   6.7426888378000722        3.0341944521131639E-062
   6.7497658765626420        1.6826105869278661E-062
   6.7568429153252119        9.3209346707717506E-063
   6.7639199540877817        5.1578793656018359E-063
   6.7709969928503515        2.8511429665800909E-063
   6.7780740316129213        1.5743566930614224E-063
   6.7851510703754911        8.6840802110636629E-064
   6.7922281091380610        4.7849928592867734E-064
   6.7993051479006308        2.6337573584057549E-064
   6.8063821866632006        1.4481296732520732E-064
   6.8134592254257704        7.9538351814905733E-065
   6.8205362641883402        4.3639863775738195E-065
   6.8276133029509101        2.3918176610584471E-065
   6.8346903417134799        1.3095161280369111E-065
   6.8417673804760497        7.1619610134418791E-066
   6.8488444192386195        3.9128354718826623E-066
   6.8559214580011894        2.1354527629374206E-066
   6.8629984967637592        1.1641992425697088E-066
   6.8700755355263290        6.3402127187526082E-067
   6.8771525742888988        3.4492107428909302E-067
   6.8842296130514686        1.8744558925358618E-067
   6.8913066518140385        1.0175845967815203E-067
   6.8983836905766083        5.5183067016808055E-068
   6.9054607293391781        2.9893816367806934E-068
   6.9125377681017479        1.6176974987012802E-068
   6.9196148068643177        8.7448807951419311E-069
   6.9266918456268876        4.7222753373112031E-069
   6.9337688843894574        2.5473566361959193E-069
   6.9408459231520272        1.3726804025737846E-069
   6.9479229619145970        7.3890831141102810E-070
   6.9550000006771668        3.9733178253785253E-070
   6.9620770394397367        2.1343119393171521E-070
   6.9691540782023065        1.1452611104143425E-070
   6.9762311169648763        6.1389396151029576E-071
   6.9833081557274461        3.2871886813127935E-071
   6.9903851944900159        1.7583224539429317E-071
   6.9974622332525858        9.3953988805062409E-072
   7.0045392720151556        5.0150460731941602E-072
   7.0116163107777254        2.6741011274197634E-072
   7.0186933495402952        1.4243742469272750E-072
   7.0257703883028650        7.5790360754067647E-073
   7.0328474270654349        4.0285392546739329E-073
   7.0399244658280047        2.1390708887692001E-073
   7.0470015045905745        1.1346107487119132E-073
   7.0540785433531443        6.0119164211719917E-074
   7.0611555821157141        3.1821707877438615E-074
   7.0682326208782840        1.6825916464423054E-074
   7.0753096596408538        8.8874843489498823E-075
   7.0823866984034236        4.6894728766874418E-075
   7.0894637371659934        2.4718063742287506E-075
   7.0965407759285632        1.3015183273662363E-075
   7.1036178146911331        6.8459185591099794E-076
   7.1106948534537029        3.5971533078963236E-076
   7.1177718922162727        1.8881310025916113E-076
   7.1248489309788425        9.9003701625289611E-077
   7.1319259697414124        5.1858153822108025E-077
   7.1390030085039822        2.7134958105405531E-077
   7.1460800472665520        1.4183647140834878E-077
   7.1531570860291218        7.4061672301840742E-078
   7.1602341247916916        3.8631904186954003E-078
   7.1673111635542615        2.0130098208917744E-078
   7.1743882023168313        1.0478352886913050E-078
   7.1814652410794011        5.4486343701993698E-079
   7.1885422798419709        2.8302838858120110E-079
   7.1956193186045407        1.4686563531646878E-079
   7.2026963573671106        7.6130450926067122E-080
   7.2097733961296804        3.9422558584665795E-080
   7.2168504348922502        2.0392927240916776E-080
   7.2239274736548200        1.0538113093656935E-080
   7.2310045124173898        5.4399489953692496E-081
   7.2380815511799597        2.8052763591297054E-081
   7.2451585899425295        1.4451252527108352E-081
   7.2522356287050993        7.4367726541358541E-082
   7.2593126674676691        3.8230753540538848E-082
   7.2663897062302389        1.9633182799404368E-082
   7.2734667449928088        1.0072058073373297E-082
   7.2805437837553786        5.1617331687534001E-083
   7.2876208225179484        2.6425478266441165E-083
   7.2946978612805182        1.3514509771574600E-083
   7.3017749000430880        6.9044331429822284E-084
   7.3088519388056579        3.5237590842547563E-084
   7.3159289775682277        1.7965321430009699E-084
   7.3230060163307975        9.1498617815026526E-085
   7.3300830550933673        4.6552712147964431E-085
   7.3371600938559371        2.3660641115654440E-085
   7.3442371326185070        1.2013214932566710E-085
   7.3513141713810768        6.0931708688395588E-086
   7.3583912101436466        3.0873011097624278E-086
   7.3654682489062164        1.5626664705230943E-086
   7.3725452876687863        7.9014249841212045E-087
   7.3796223264313561        3.9911359447029144E-087
   7.3866993651939259        2.0139085282847181E-087
   7.3937764039564957        1.0151617126866192E-087
   7.4008534427190655        5.1119092384496738E-088
   7.4079304814816354        2.5714826672145240E-088
   7.4150075202442052        1.2922209469696035E-088
   7.4220845590067750        6.4869836847875621E-089
   7.4291615977693448        3.2531331021175224E-089
   7.4362386365319146        1.6297237785706767E-089
   7.4433156752944845        8.1560420660961014E-090
   7.4503927140570543        4.0775410328268556E-090
   7.4574697528196241        2.0364361288655579E-090
   7.4645467915821939        1.0160076037840510E-090
   7.4716238303447637        5.0638050256169572E-091
   7.4787008691073336        2.5212214028626792E-091
   7.4857779078699034        1.2540045926478738E-091
   7.4928549466324732        6.2307674122644967E-092
   7.4999319853950430        3.0927040411296424E-092
   7.5070090241576128        1.5335210111509267E-092
   7.5140860629201827        7.5961893811408092E-093
   7.5211631016827525        3.7588643828390546E-093
   7.5282401404453223        1.8581145607178281E-093
   7.5353171792078921        9.1757887787781134E-094
   7.5423942179704619        4.5265732776142612E-094
