  -10.000000000000000        1.5093073942654137E-004
  -9.9799999999999933        1.4808514308239340E-004
  -9.9599999999999866        1.4456436266786522E-004
  -9.9399999999999800        1.4038767440402387E-004
  -9.9199999999999733        1.3557710859880492E-004
  -9.8999999999999666        1.3015686109845752E-004
  -9.8799999999999599        1.2415273092538252E-004
  -9.8599999999999532        1.1759160696440786E-004
  -9.8399999999999466        1.1050102440896205E-004
  -9.8199999999999399        1.0290880869718863E-004
  -9.7999999999999332        9.4842820960267118E-005
  -9.7799999999999265        8.6330814700894077E-005
  -9.7599999999999199        7.7400408676862883E-005
  -9.7399999999999132        6.8079175958830375E-005
  -9.7199999999999065        5.8394844049684248E-005
  -9.6999999999998998        4.8375595992112043E-005
  -9.6799999999998931        3.8050457742190780E-005
  -9.6599999999998865        2.7449752936067814E-005
  -9.6399999999998798        1.6605602691401046E-005
  -9.6199999999998731        5.5524454122225854E-006
  -9.5999999999998664       -5.6724501782236792E-006
  -9.5799999999998597       -1.7028506281975250E-005
  -9.5599999999998531       -2.8471418724483911E-005
  -9.5399999999998464       -3.9952826885120020E-005
  -9.5199999999998397       -5.1420094208153857E-005
  -9.4999999999998330       -6.2816219252068950E-005
  -9.4799999999998263       -7.4079892994753833E-005
  -9.4599999999998197       -8.5145713170228953E-005
  -9.4399999999998130       -9.5944560941719725E-005
  -9.4199999999998063       -1.0640413941482344E-004
  -9.3999999999997996       -1.1644966757713361E-004
  -9.3799999999997929       -1.2600471743831981E-004
  -9.3599999999997863       -1.3499217665701542E-004
  -9.3399999999997796       -1.4333531399289367E-004
  -9.3199999999997729       -1.5095892070364690E-004
  -9.2999999999997662       -1.5779049769200877E-004
  -9.2799999999997596       -1.6376145592974492E-004
  -9.2599999999997529       -1.6880829654678818E-004
  -9.2399999999997462       -1.7287373702893144E-004
  -9.2199999999997395       -1.7590775123028213E-004
  -9.1999999999997328       -1.7786849334210794E-004
  -9.1799999999997262       -1.7872307948827264E-004
  -9.1599999999997195       -1.7844820511558022E-004
  -9.1399999999997128       -1.7703058165450977E-004
  -9.1199999999997061       -1.7446718184550790E-004
  -9.0999999999996994       -1.7076528943867626E-004
  -9.0799999999996928       -1.6594235544049361E-004
  -9.0599999999996861       -1.6002566945428755E-004
  -9.0399999999996794       -1.5305186069427472E-004
  -9.0199999999996727       -1.4506624871110158E-004
  -8.9999999999996660       -1.3612206853658032E-004
  -8.9799999999996594       -1.2627959864693121E-004
  -8.9599999999996527       -1.1560522271276661E-004
  -8.9399999999996460       -1.0417045744022214E-004
  -8.9199999999996393       -9.2050978855766978E-005
  -8.8999999999996326       -7.9325678138366794E-005
  -8.8799999999996260       -6.6075775603830259E-005
  -8.8599999999996193       -5.2384017790075658E-005
  -8.8399999999996126       -3.8333977926475618E-005
  -8.8199999999996059       -2.4009474576472921E-005
  -8.7999999999995993       -9.4941171470019506E-006
  -8.7799999999995926        5.1290194946210108E-006
  -8.7599999999995859        1.9777595594553230E-005
  -8.7399999999995792        3.4370092930663800E-005
  -8.7199999999995725        4.8825803629169342E-005
  -8.6999999999995659        6.3064743121759459E-005
  -8.6799999999995592        7.7007513238741833E-005
  -8.6599999999995525        9.0575144549882121E-005
  -8.6399999999995458        1.0368894890087506E-004
  -8.6199999999995391        1.1627041354457796E-004
  -8.5999999999995325        1.2824116729135069E-004
  -8.5799999999995258        1.3952304671370784E-004
  -8.5599999999995191        1.5003828670958415E-004
  -8.5399999999995124        1.5970985478572136E-004
  -8.5199999999995057        1.6846194244575705E-004
  -8.4999999999994991        1.7622062028595836E-004
  -8.4799999999994924        1.8291465607700146E-004
  -8.4599999999994857        1.8847648753182638E-004
  -8.4399999999994790        1.9284333393778451E-004
  -8.4199999999994724        1.9595842366916118E-004
  -8.3999999999994657        1.9777230809970415E-004
  -8.3799999999994590        1.9824422688000858E-004
  -8.3599999999994523        1.9734348517585758E-004
  -8.3399999999994456        1.9505080048654971E-004
  -8.3199999999994390        1.9135957522131104E-004
  -8.2999999999994323        1.8627705140124062E-004
  -8.2799999999994256        1.7982530569594162E-004
  -8.2599999999994189        1.7204204646055038E-004
  -8.2399999999994122        1.6298117940196564E-004
  -8.2199999999994056        1.5271311480853956E-004
  -8.1999999999993989        1.4132479669782264E-004
  -8.1799999999993922        1.2891944250466712E-004
  -8.1599999999993855        1.1561599073623387E-004
  -8.1399999999993788        1.0154826302946926E-004
  -8.1199999999993722        8.6863855914210775E-005
  -8.0999999999993655        7.1722785969929713E-005
  -8.0799999999993588        5.6295919636924056E-005
  -8.0599999999993521        4.0763225411190665E-005
  -8.0399999999993454        2.5311891256910025E-005
  -8.0199999999993388        1.0134353615225941E-005
  -7.9999999999993321       -4.5737137691628279E-006
  -7.9799999999993254       -1.8615402909668218E-005
  -7.9599999999993187       -3.1794519930636909E-005
  -7.9399999999993121       -4.3917435504873829E-005
  -7.9199999999993054       -5.4794799110160772E-005
  -7.8999999999992987       -6.4243085118507377E-005
  -7.8799999999992920       -7.2085946084162576E-005
  -7.8599999999992853       -7.8155356710589506E-005
  -7.8399999999992787       -8.2292540502494478E-005
  -7.8199999999992720       -8.4348679687294497E-005
  -7.7999999999992653       -8.4185417249336435E-005
  -7.7799999999992586       -8.1675167504020006E-005
  -7.7599999999992519       -7.6701258219904914E-005
  -7.7399999999992453       -6.9157932587577707E-005
  -7.7199999999992386       -5.8950243101559719E-005
  -7.6999999999992319       -4.5993871498701884E-005
  -7.6799999999992252       -3.0214909189814780E-005
  -7.6599999999992185       -1.1549631114226466E-005
  -7.6399999999992119        1.0055707297268580E-005
  -7.6199999999992052        3.4645025205584017E-005
  -7.5999999999991985        6.2252504865917193E-005
  -7.5799999999991918        9.2902602246859139E-005
  -7.5599999999991851        1.2660997655433761E-004
  -7.5399999999991785        1.6337934393989353E-004
  -7.5199999999991718        2.0320526916605260E-004
  -7.4999999999991651        2.4607191709485773E-004
  -7.4799999999991584        2.9195279316794300E-004
  -7.4599999999991518        3.4081050819109986E-004
  -7.4399999999991451        3.9259660740430659E-004
  -7.4199999999991384        4.4725150674704517E-004
  -7.3999999999991317        5.0470458022762780E-004
  -7.3799999999991250        5.6487444126357119E-004
  -7.3599999999991184        6.2766945775444337E-004
  -7.3399999999991117        6.9298853554498907E-004
  -7.3199999999991050        7.6072219798781920E-004
  -7.2999999999990983        8.3075398075821265E-004
  -7.2799999999990916        9.0296215122084899E-004
  -7.2599999999990850        9.7722175086946915E-004
  -7.2399999999990783        1.0534069480801031E-003
  -7.2199999999990716        1.1313936770824384E-003
  -7.1999999999990649        1.2110625281278554E-003
  -7.1799999999990582        1.2923018437673670E-003
  -7.1599999999990516        1.3750109673747173E-003
  -7.1399999999990449        1.4591035829418975E-003
  -7.1199999999990382        1.5445110800492194E-003
  -7.0999999999990315        1.6311858750132204E-003
  -7.0799999999990249        1.7191046186950459E-003
  -7.0599999999990182        1.8082712233629440E-003
  -7.0399999999990115        1.8987196453046210E-003
  -7.0199999999990048        1.9905163664374892E-003
  -6.9999999999989981        2.0837625267272515E-003
  -6.9799999999989915        2.1785956694851780E-003
  -6.9599999999989848        2.2751910731747711E-003
  -6.9399999999989781        2.3737626557758231E-003
  -6.9199999999989714        2.4745634505435004E-003
  -6.8999999999989647        2.5778856646621975E-003
  -6.8799999999989581        2.6840603443327119E-003
  -6.8599999999989514        2.7934566807790067E-003
  -6.8399999999989447        2.9064810010936419E-003
  -6.8199999999989380        3.0235754954026708E-003
  -6.7999999999989313        3.1452167372438347E-003
  -6.7799999999989247        3.2719140571339485E-003
  -6.7599999999989180        3.4042078299700010E-003
  -6.7399999999989113        3.5426677351890995E-003
  -6.7199999999989046        3.6878910446316621E-003
  -6.6999999999988979        3.8405009870408511E-003
  -6.6799999999988913        4.0011452304051093E-003
  -6.6599999999988846        4.1704945143060269E-003
  -6.6399999999988779        4.3492414545180554E-003
  -6.6199999999988712        4.5380995318145987E-003
  -6.5999999999988646        4.7378022667671823E-003
  -6.5799999999988579        4.9491025727816827E-003
  -6.5599999999988512        5.1727722711622038E-003
  -6.5399999999988445        5.4096017450470492E-003
  -6.5199999999988378        5.6603997039610891E-003
  -6.4999999999988312        5.9259930277316911E-003
  -6.4799999999988245        6.2072266577699294E-003
  -6.4599999999988178        6.5049635052698250E-003
  -6.4399999999988111        6.8200843496511983E-003
  -6.4199999999988044        7.1534877063857217E-003
  -6.3999999999987978        7.5060896509091431E-003
  -6.3799999999987911        7.8788235942588263E-003
  -6.3599999999987844        8.2726400159199628E-003
  -6.3399999999987777        8.6885061696081612E-003
  -6.3199999999987710        9.1274057878042731E-003
  -6.2999999999987644        9.5903388202381850E-003
  -6.2799999999987577        1.0078321249643788E-002
  -6.2599999999987510        1.0592385034485011E-002
  -6.2399999999987443        1.1133578232540789E-002
  -6.2199999999987376        1.1702965360899958E-002
  -6.1999999999987310        1.2301628046801882E-002
  -6.1799999999987243        1.2930666019754173E-002
  -6.1599999999987176        1.3591198488459398E-002
  -6.1399999999987109        1.4284365936429906E-002
  -6.1199999999987043        1.5011332358014710E-002
  -6.0999999999986976        1.5773287942290656E-002
  -6.0799999999986909        1.6571452196353337E-002
  -6.0599999999986842        1.7407077482553567E-002
  -6.0399999999986775        1.8281452926781253E-002
  -6.0199999999986709        1.9195908637668221E-002
  -5.9999999999986642        2.0151820160226347E-002
  -5.9799999999986575        2.1150613072609736E-002
  -5.9599999999986508        2.2193767621981449E-002
  -5.9399999999986441        2.3282823285402772E-002
  -5.9199999999986375        2.4419383134664088E-002
  -5.8999999999986308        2.5605117880349738E-002
  -5.8799999999986241        2.6841769470341101E-002
  -5.8599999999986174        2.8131154121454394E-002
  -5.8399999999986107        2.9475164669860564E-002
  -5.8199999999986041        3.0875772136106924E-002
  -5.7999999999985974        3.2335026413569154E-002
  -5.7799999999985907        3.3855056004531585E-002
  -5.7599999999985840        3.5438066745229736E-002
  -5.7399999999985774        3.7086339479470834E-002
  -5.7199999999985707        3.8802226659177590E-002
  -5.6999999999985640        4.0588147868708298E-002
  -5.6799999999985573        4.2446584287422165E-002
  -5.6599999999985506        4.4380072121084878E-002
  -5.6399999999985440        4.6391195046816200E-002
  -5.6199999999985373        4.8482575727954953E-002
  -5.5999999999985306        5.0656866464152468E-002
  -5.5799999999985239        5.2916739048053413E-002
  -5.5599999999985172        5.5264873903064518E-002
  -5.5399999999985106        5.7703948577065289E-002
  -5.5199999999985039        6.0236625664760769E-002
  -5.4999999999984972        6.2865540227078728E-002
  -5.4799999999984905        6.5593286770084233E-002
  -5.4599999999984838        6.8422405838875461E-002
  -5.4399999999984772        7.1355370274460053E-002
  -5.4199999999984705        7.4394571174332388E-002
  -5.3999999999984638        7.7542303590999187E-002
  -5.3799999999984571        8.0800751997618922E-002
  -5.3599999999984504        8.4171975546726951E-002
  -5.3399999999984438        8.7657893147117957E-002
  -5.3199999999984371        9.1260268385637985E-002
  -5.2999999999984304        9.4980694325004500E-002
  -5.2799999999984237        9.8820578215846153E-002
  -5.2599999999984171       0.10278112617072811     
  -5.2399999999984104       0.10686332785969953     
  -5.2199999999984037       0.11106794130040065     
  -5.1999999999983970       0.11539547783041500     
  -5.1799999999983903       0.11984618736467124     
  -5.1599999999983837       0.12442004405554631     
  -5.1399999999983770       0.12911673248712616     
  -5.1199999999983703       0.13393563454707275     
  -5.0999999999983636       0.13887581712898908     
  -5.0799999999983569       0.14393602082443069     
  -5.0599999999983503       0.14911464976621208     
  -5.0399999999983436       0.15440976278303323     
  -5.0199999999983369       0.15981906601938994     
  -4.9999999999983302       0.16533990716422931     
  -4.9799999999983235       0.17096927141690499     
  -4.9599999999983169       0.17670377930001008     
  -4.9399999999983102       0.18253968640604534     
  -4.9199999999983035       0.18847288513924357     
  -4.8999999999982968       0.19449890848596174     
  -4.8799999999982901       0.20061293581769152     
  -4.8599999999982835       0.20680980070089444     
  -4.8399999999982768       0.21308400065838440     
  -4.8199999999982701       0.21942970879890208     
  -4.7999999999982634       0.22584078720559930     
  -4.7799999999982568       0.23231080195127060     
  -4.7599999999982501       0.23883303958890928     
  -4.7399999999982434       0.24540052495107462     
  -4.7199999999982367       0.25200604008095895     
  -4.6999999999982300       0.25864214411206221     
  -4.6799999999982234       0.26530119391198381     
  -4.6599999999982167       0.27197536530877903     
  -4.6399999999982100       0.27865667472518951     
  -4.6199999999982033       0.28533700105624604     
  -4.5999999999981966       0.29200810763859125     
  -4.5799999999981900       0.29866166417456153     
  -4.5599999999981833       0.30528926848975513     
  -4.5399999999981766       0.31188246801864183     
  -4.5199999999981699       0.31843278092791238     
  -4.4999999999981632       0.32493171680092942     
  -4.4799999999981566       0.33137079681822340     
  -4.4599999999981499       0.33774157337789806     
  -4.4399999999981432       0.34403564910578238     
  -4.4199999999981365       0.35024469520797041     
  -4.3999999999981299       0.35636046911807551     
  -4.3799999999981232       0.36237483138831977     
  -4.3599999999981165       0.36827976176782151     
  -4.3399999999981098       0.37406737440374727     
  -4.3199999999981031       0.37972993209203870     
  -4.2999999999980965       0.38525985949491248     
  -4.2799999999980898       0.39064975523325779     
  -4.2599999999980831       0.39589240275411391     
  -4.2399999999980764       0.40098077986756309     
  -4.2199999999980697       0.40590806684428421     
  -4.1999999999980631       0.41066765296539465     
  -4.1799999999980564       0.41525314142048286     
  -4.1599999999980497       0.41965835245828831     
  -4.1399999999980430       0.42387732470739892     
  -4.1199999999980363       0.42790431460149647     
  -4.0999999999980297       0.43173379386484712     
  -4.0799999999980230       0.43536044503834775     
  -4.0599999999980163       0.43877915505385812     
  -4.0399999999980096       0.44198500689390618     
  -4.0199999999980029       0.44497326940425097     
  -3.9999999999979963       0.44773938535713614     
  -3.9799999999979896       0.45027895789243044     
  -3.9599999999979829       0.45258773549106313     
  -3.9399999999979762       0.45466159565946257     
  -3.9199999999979696       0.45649652752408759     
  -3.8999999999979629       0.45808861355109354     
  -3.8799999999979562       0.45943401061713268     
  -3.8599999999979495       0.46052893066304118     
  -3.8399999999979428       0.46136962116270558     
  -3.8199999999979362       0.46195234563492904     
  -3.7999999999979295       0.46227336441710570     
  -3.7799999999979228       0.46232891590657749     
  -3.7599999999979161       0.46211519845964166     
  -3.7399999999979094       0.46162835312010292     
  -3.7199999999979028       0.46086444733029747     
  -3.6999999999978961       0.45981945975862676     
  -3.6799999999978894       0.45848926636001047     
  -3.6599999999978827       0.45686962777031787     
  -3.6399999999978760       0.45495617812371486     
  -3.6199999999978694       0.45274441537367877     
  -3.5999999999978627       0.45022969319479561     
  -3.5799999999978560       0.44740721454362925     
  -3.5599999999978493       0.44427202696303131     
  -3.5399999999978427       0.44081901972499848     
  -3.5199999999978360       0.43704292292215891     
  -3.4999999999978293       0.43293830863639948     
  -3.4799999999978226       0.42849959433417634     
  -3.4599999999978159       0.42372104866049587     
  -3.4399999999978093       0.41859679982623677     
  -3.4199999999978026       0.41312084680506783     
  -3.3999999999977959       0.40728707357533711     
  -3.3799999999977892       0.40108926665777983     
  -3.3599999999977825       0.39452113621037266     
  -3.3399999999977759       0.38757634094630294     
  -3.3199999999977692       0.38024851713880242     
  -3.2999999999977625       0.37253131196708006     
  -3.2799999999977558       0.36441842144032943     
  -3.2599999999977491       0.35590363311179324     
  -3.2399999999977425       0.34698087376230241     
  -3.2199999999977358       0.33764426219312915     
  -3.1999999999977291       0.32788816722200714     
  -3.1799999999977224       0.31770727092481876     
  -3.1599999999977157       0.30709663710970847     
  -3.1399999999977091       0.29605178495147300     
  -3.1199999999977024       0.28456876765323441     
  -3.0999999999976957       0.27264425594078395     
  -3.0799999999976890       0.26027562613377142     
  -3.0599999999976824       0.24746105247809658     
  -3.0399999999976757       0.23419960336629822     
  -3.0199999999976690       0.22049134101802464     
  -2.9999999999976623       0.20633742414128528     
  -2.9799999999976556       0.19174021304723884     
  -2.9599999999976490       0.17670337664673594     
  -2.9399999999976423       0.16123200071541149     
  -2.9199999999976356       0.14533269677534857     
  -2.8999999999976289       0.12901371090459177     
  -2.8799999999976222       0.11228503175036701     
  -2.8599999999976156        9.5158496987026164E-002
  -2.8399999999976089        7.7647897424758097E-002
  -2.8199999999976022        5.9769077939374533E-002
  -2.7999999999975955        4.1540034356516729E-002
  -2.7799999999975888        2.2981005385187138E-002
  -2.7599999999975822        4.1145586555764498E-003
  -2.7399999999975755       -1.5034330124973985E-002
  -2.7199999999975688       -3.4438205925750351E-002
  -2.6999999999975621       -5.4067072125458325E-002
  -2.6799999999975554       -7.3888338333123665E-002
  -2.6599999999975488       -9.3866779442943027E-002
  -2.6399999999975421      -0.11396450710083529     
  -2.6199999999975354      -0.13414095478554919     
  -2.5999999999975287      -0.15435287772346110     
  -2.5799999999975221      -0.17455436886145945     
  -2.5599999999975154      -0.19469689211457564     
  -2.5399999999975087      -0.21472933408222430     
  -2.5199999999975020      -0.23459807538736865     
  -2.4999999999974953      -0.25424708273508617     
  -2.4799999999974887      -0.27361802270973157     
  -2.4599999999974820      -0.29265039823240591     
  -2.4399999999974753      -0.31128170848238668     
  -2.4199999999974686      -0.32944763294764906     
  -2.3999999999974619      -0.34708224011115579     
  -2.3799999999974553      -0.36411822110221104     
  -2.3599999999974486      -0.38048714844720094     
  -2.3399999999974419      -0.39611975984327807     
  -2.3199999999974352      -0.41094626665394612     
  -2.2999999999974285      -0.42489668658943630     
  -2.2799999999974219      -0.43790119978952458     
  -2.2599999999974152      -0.44989052727465739     
  -2.2399999999974085      -0.46079633047530433     
  -2.2199999999974018      -0.47055163029186220     
  -2.1999999999973952      -0.47909124388046781     
  -2.1799999999973885      -0.48635223710586134     
  -2.1599999999973818      -0.49227439035292397     
  -2.1399999999973751      -0.49680067514543358     
  -2.1199999999973684      -0.49987773878535557     
  -2.0999999999973618      -0.50145639400004438     
  -2.0799999999973551      -0.50149211036908659     
  -2.0599999999973484      -0.49994550409834876     
  -2.0399999999973417      -0.49678282251700051     
  -2.0199999999973350      -0.49197641949498355     
  -1.9999999999973281      -0.48550521781468553     
  -1.9799999999973212      -0.47735515438280984     
  -1.9599999999973143      -0.46751960403815213     
  -1.9399999999973074      -0.45599977760009908     
  -1.9199999999973005      -0.44280508971334648     
  -1.8999999999972936      -0.42795349197922850     
  -1.8799999999972867      -0.41147176682605108     
  -1.8599999999972798      -0.39339577756332578     
  -1.8399999999972729      -0.37377067009138398     
  -1.8199999999972660      -0.35265102180239533     
  -1.7999999999972591      -0.33010093331537466     
  -1.7799999999972522      -0.30619405884037104     
  -1.7599999999972453      -0.28101357116974163     
  -1.7399999999972384      -0.25465205755092968     
  -1.7199999999972315      -0.22721134300901819     
  -1.6999999999972246      -0.19880223806130742     
  -1.6799999999972177      -0.16954420820267313     
  -1.6599999999972108      -0.13956496304087571     
  -1.6399999999972039      -0.10899996352600189     
  -1.6199999999971970       -7.7991846347305147E-002
  -1.5999999999971901       -4.6689765262502125E-002
  -1.5799999999971832       -1.5248649876296098E-002
  -1.5599999999971763        1.6171616807170854E-002
  -1.5399999999971694        4.7407099874178502E-002
  -1.5199999999971625        7.8290789945809625E-002
  -1.4999999999971556       0.10865365254736989     
  -1.4799999999971487       0.13832574440244899     
  -1.4599999999971418       0.16713739066046610     
  -1.4399999999971349       0.19492041606631760     
  -1.4199999999971280       0.22150942208219324     
  -1.3999999999971211       0.24674310098669500     
  -1.3799999999971142       0.27046557701762408     
  -1.3599999999971073       0.29252776370528172     
  -1.3399999999971004       0.31278872567643806     
  -1.3199999999970935       0.33111703240912216     
  -1.2999999999970866       0.34739209069927224     
  -1.2799999999970797       0.36150544197636908     
  -1.2599999999970728       0.37336201009090703     
  -1.2399999999970659       0.38288128480625422     
  -1.2199999999970590       0.38999842597542728     
  -1.1999999999970521       0.39466527328342649     
  -1.1799999999970452       0.39685124650157838     
  -1.1599999999970383       0.39654412144462059     
  -1.1399999999970314       0.39375066725600877     
  -1.1199999999970245       0.38849713128290114     
  -1.0999999999970176       0.38082955864882073     
  -1.0799999999970107       0.37081393469661694     
  -1.0599999999970038       0.35853613976231891     
  -1.0399999999969969       0.34410170725452277     
  -1.0199999999969900       0.32763537775362916     
 -0.99999999999698319       0.30928044380673092     
 -0.97999999999697640       0.28919788226937282     
 -0.95999999999696961       0.26756527342261749     
 -0.93999999999696282       0.24457550865595873     
 -0.91999999999695603       0.22043529123173322     
 -0.89999999999694924       0.19536343750769494     
 -0.87999999999694245       0.16958898895884308     
 -0.85999999999693566       0.14334914836978430     
 -0.83999999999692887       0.11688705662194723     
 -0.81999999999692208        9.0449429528286523E-002
 -0.79999999999691529        6.4284077119820815E-002
 -0.77999999999690850        3.8637330608034308E-002
 -0.75999999999690171        1.3751404876695508E-002
 -0.73999999999689492       -1.0138273263734007E-002
 -0.71999999999688813       -3.2805738756401921E-002
 -0.69999999999688134       -5.4037129910249247E-002
 -0.67999999999687455       -7.3633262667391064E-002
 -0.65999999999686776       -9.1412101454443950E-002
 -0.63999999999686097      -0.10721109027878821     
 -0.61999999999685418      -0.12088930803022960     
 -0.59999999999684739      -0.13232941284710281     
 -0.57999999999684060      -0.14143934192538804     
 -0.55999999999683381      -0.14815373530041126     
 -0.53999999999682702      -0.15243505491138737     
 -0.51999999999682023      -0.15427437365439067     
 -0.49999999999681344      -0.15369181311052107     
 -0.47999999999680665      -0.15073661316037057     
 -0.45999999999679986      -0.14548682170672386     
 -0.43999999999679307      -0.13804859815485013     
 -0.41999999999678628      -0.12855513006128461     
 -0.39999999999677949      -0.11716516836396217     
 -0.37999999999677270      -0.10406119274561480     
 -0.35999999999676591       -8.9447224847402695E-002
 -0.33999999999675912       -7.3546313124232779E-002
 -0.31999999999675233       -5.6597718997549347E-002
 -0.29999999999674554       -3.8853839495552170E-002
 -0.27999999999673875       -2.0576906657279868E-002
 -0.25999999999673196       -2.0355085034093963E-003
 -0.23999999999672514        1.6499019761279977E-002
 -0.21999999999671832        3.4756282544640520E-002
 -0.19999999999671150        5.2470534627943349E-002
 -0.17999999999670468        6.9384360492548508E-002
 -0.15999999999669787        8.5252266401569743E-002
 -0.13999999999669105        9.9844129991571468E-002
 -0.11999999999668425       0.11294845368215130     
  -9.9999999996677441E-002  0.12437537073846003     
  -7.9999999996670637E-002  0.13395935628997008     
  -5.9999999996663833E-002  0.14156159996433099     
  -3.9999999996657029E-002  0.14707200196464962     
  -1.9999999996650222E-002  0.15041076031059197     
   3.3565858426065631E-012  0.15152952347072438     
   2.0000000003363393E-002  0.15041208961397906     
   4.0000000003370201E-002  0.14707464106935389     
   6.0000000003377005E-002  0.14156551016398991     
   8.0000000003383809E-002  0.13396448026467597     
  0.10000000000339061       0.12438163342895378     
  0.12000000000339742       0.11295576343337865     
  0.14000000000340423        9.9852379947208345E-002
  0.16000000000341105        8.5261336127132256E-002
  0.18000000000341787        6.9394117801091976E-002
  0.20000000000342469        5.2480837579201335E-002
  0.22000000000343151        3.4766981585793152E-002
  0.24000000000343832        1.6509959975422244E-002
  0.26000000000344514       -2.0244850765658447E-003
  0.28000000000345193       -2.0565958664888643E-002
  0.30000000000345872       -3.8843123916044893E-002
  0.32000000000346551       -5.6587388822459721E-002
  0.34000000000347230       -7.3536515113039422E-002
  0.36000000000347909       -8.9438097389554161E-002
  0.38000000000348588      -0.10405286386191147     
  0.40000000000349267      -0.11715775387696975     
  0.42000000000349946      -0.12854873196151101     
  0.44000000000350625      -0.13804330318606214     
  0.46000000000351304      -0.14548270019009682     
  0.48000000000351983      -0.15073371807320610     
  0.50000000000352662      -0.15369017943111135     
  0.52000000000353341      -0.15427401798032528     
  0.54000000000354020      -0.15243597535425654     
  0.56000000000354699      -0.14815591165554112     
  0.58000000000355378      -0.14144273611101699     
  0.60000000000356057      -0.13233396960332222     
  0.62000000000356736      -0.12089495586417023     
  0.64000000000357415      -0.10721774263894605     
  0.66000000000358094       -9.1419658113797472E-002
  0.68000000000358773       -7.3641611292090167E-002
  0.70000000000359452       -5.4046147788190217E-002
  0.72000000000360131       -3.2815294657993439E-002
  0.74000000000360810       -1.0148229405600060E-002
  0.76000000000361490        1.3741190795400303E-002
  0.78000000000362169        3.8627003327615234E-002
  0.80000000000362848        6.4273781731364416E-002
  0.82000000000363527        9.0439309404979892E-002
  0.84000000000364206       0.11687725140023983     
  0.86000000000364885       0.14333979200899599     
  0.88000000000365564       0.16958020790616896     
  0.90000000000366243       0.19535534899354606     
  0.92000000000366922       0.22042800171801180     
  0.94000000000367601       0.24456911245723964     
  0.96000000000368280       0.26755985151735229     
  0.98000000000368959       0.28919350131517435     
   1.0000000000036964       0.30927715537062261     
   1.0200000000037033       0.32763321776484955     
   1.0400000000037102       0.34410069568417179     
   1.0600000000037171       0.35853628053082265     
   1.0800000000037240       0.37081521580673793     
   1.1000000000037309       0.38083195253879615     
   1.1200000000037378       0.38850059539128595     
   1.1400000000037447       0.39375514478699414     
   1.1600000000037516       0.39654954231997386     
   1.1800000000037585       0.39685752848302619     
   1.2000000000037654       0.39467232324720952     
   1.2200000000037723       0.39000614131898431     
   1.2400000000037792       0.38288955496553062     
   1.2600000000037861       0.37337071814564426     
   1.2800000000037930       0.36151446631994594     
   1.3000000000037999       0.34740130674918285     
   1.3200000000038068       0.33112631433408057     
   1.3400000000038137       0.31279794811628453     
   1.3600000000038206       0.29253680346040389     
   1.3800000000038275       0.27047431468543215     
   1.4000000000038344       0.24675142252381477     
   1.4200000000038413       0.22151722027242002     
   1.4400000000038482       0.19492759187601305     
   1.4600000000038551       0.16714385446490601     
   1.4800000000038620       0.13833141706867289     
   1.5000000000038689       0.10865846636125291     
   1.5200000000038758        7.8294689373383491E-002
   1.5400000000038827        4.7410042149626484E-002
   1.5600000000038896        1.6173572342354336E-002
   1.5800000000038965       -1.5247697263440295E-002
   1.6000000000039034       -4.6689818300908709E-002
   1.6200000000039103       -7.7992894444863389E-002
   1.6400000000039172      -0.10900198307624381     
   1.6600000000039241      -0.13956791789749332     
   1.6800000000039310      -0.16954805031298847     
   1.7000000000039379      -0.19880690824788516     
   1.7200000000039448      -0.22721677188682082     
   1.7400000000039517      -0.25465816656587742     
   1.7600000000039586      -0.28102027374315580     
   1.7800000000039655      -0.30620126160267885     
   1.8000000000039724      -0.33010853741154189     
   1.8200000000039793      -0.35265892425094297     
   1.8400000000039862      -0.37377876517841135     
   1.8600000000039931      -0.39340395825286284     
   1.8800000000040000      -0.41147992616811696     
   1.9000000000040069      -0.42796152449735342     
   1.9200000000040138      -0.44281289275385732     
   1.9400000000040207      -0.45600725262627301     
   1.9600000000040276      -0.46752665785332431     
   1.9800000000040345      -0.47736170026770530     
   2.0000000000040412      -0.48551117656559983     
   2.0200000000040479      -0.49198172035091753     
   2.0400000000040546      -0.49678740396548493     
   2.0600000000040612      -0.49994931455142261     
   2.0800000000040679      -0.50149510870267988     
   2.1000000000040746      -0.50145854995188854     
   2.1200000000040813      -0.49987903320842253     
   2.1400000000040880      -0.49680110011580014     
   2.1600000000040946      -0.49227394913282846     
   2.1800000000041013      -0.48635094396454731     
   2.2000000000041080      -0.47908912377719004     
   2.2200000000041147      -0.47054871842708829     
   2.2400000000041214      -0.46079267171774807     
   2.2600000000041280      -0.44988617547321030     
   2.2800000000041347      -0.43789621698048187     
   2.3000000000041414      -0.42489114211057294     
   2.3200000000041481      -0.41094023617798536     
   2.3400000000041548      -0.39611332434413171     
   2.3600000000041614      -0.38048039311300214     
   2.3800000000041681      -0.36411123420959457     
   2.4000000000041748      -0.34707511187553997     
   2.4200000000041815      -0.32944045436431707     
   2.4400000000041882      -0.31127457017308496     
   2.4600000000041948      -0.29264338931185890     
   2.4800000000042015      -0.27361122968602886     
   2.5000000000042082      -0.25424058845723768     
   2.5200000000042149      -0.23459195805255534     
   2.5400000000042215      -0.21472366631432466     
   2.5600000000042282      -0.19469174012447776     
   2.5800000000042349      -0.17454979169850096     
   2.6000000000042416      -0.15434892662605645     
   2.6200000000042483      -0.13413767263769702     
   2.6400000000042549      -0.11396192799979063     
   2.6600000000042616       -9.3864928381866969E-002
   2.6800000000042683       -7.3887231001029618E-002
   2.7000000000042750       -5.4066714825295452E-002
   2.7200000000042817       -3.4438595609963943E-002
   2.7400000000042883       -1.5035454546445108E-002
   2.7600000000042950        4.1127206807138892E-003
   2.7800000000043017        2.2978483607690173E-002
   2.8000000000043084        4.1536866623229432E-002
   2.8200000000043151        5.9765309628724748E-002
   2.8400000000043217        7.7643580796854447E-002
   2.8600000000043284        9.5153690457583720E-002
   2.8800000000043351       0.11227979909849360     
   2.9000000000043418       0.12900812042512408     
   2.9200000000043485       0.14532682038695491     
   2.9400000000043551       0.16122591303604661     
   2.9600000000043618       0.17669715404826111     
   2.9800000000043685       0.19173393270109010     
   3.0000000000043752       0.20633116306700966     
   3.0200000000043818       0.22048517514627727     
   3.0400000000043885       0.23419360662754218     
   3.0600000000043952       0.24745529592776444     
   3.0800000000044019       0.26027017712402523     
   3.1000000000044086       0.27263917734829735     
   3.1200000000044152       0.28456411717158148     
   3.1400000000044219       0.29604761445579864     
   3.1600000000044286       0.30709299210035157     
   3.1800000000044353       0.31770419005549361     
   3.2000000000044420       0.32788568191704842     
   3.2200000000044486       0.33764239635714682     
   3.2400000000044553       0.34697964358442313     
   3.2600000000044620       0.35590304696549202     
   3.2800000000044687       0.36441847987868353     
   3.3000000000044754       0.37253200781212592     
   3.3200000000044820       0.38024983566257042     
   3.3400000000044887       0.38757826014002422     
   3.3600000000044954       0.39452362713736461     
   3.3800000000045021       0.40109229388456807     
   3.4000000000045087       0.40729059567472020     
   3.4200000000045154       0.41312481692406156     
   3.4400000000045221       0.41860116631118116     
   3.4600000000045288       0.42372575573101262     
   3.4800000000045355       0.42850458279725140     
   3.5000000000045421       0.43294351663146963     
   3.5200000000045488       0.43704828668789997     
   3.5400000000045555       0.44082447437835887     
   3.5600000000045622       0.44427750728107412     
   3.5800000000045689       0.44741265573885569     
   3.6000000000045755       0.45023503167483453     
   3.6200000000045822       0.45274958947656607     
   3.6400000000045889       0.45496112882039846     
   3.6600000000045956       0.45687429932655554     
   3.6800000000046023       0.45849360695041785     
   3.7000000000046089       0.45982342202632570     
   3.7200000000046156       0.46086798888634661     
   3.7400000000046223       0.46163143697771131     
   3.7600000000046290       0.46211779339899983     
   3.7800000000046357       0.46233099676704192     
   3.8000000000046423       0.46227491231436901     
   3.8200000000046490       0.46195334810174227     
   3.8400000000046557       0.46137007221261933     
   3.8600000000046624       0.46052883077760015     
   3.8800000000046690       0.45943336665777812     
   3.9000000000046757       0.45808743859796358     
   3.9200000000046824       0.45649484064468920     
   3.9400000000046891       0.45465942161096895     
   3.9600000000046958       0.45258510436072491     
   3.9800000000047024       0.45027590468122114     
   4.0000000000047091       0.44773594951235246     
   4.0200000000047158       0.44496949430726301     
   4.0400000000047225       0.44198093930971633     
   4.0600000000047292       0.43877484454941512     
   4.0800000000047358       0.43535594337685696     
   4.1000000000047425       0.43172915438343096     
   4.1200000000047492       0.42789959157967461     
   4.1400000000047559       0.42387257273380091     
   4.1600000000047626       0.41965362580293214     
   4.1800000000047692       0.41524849341975079     
   4.2000000000047759       0.41066313542657457     
   4.2200000000047826       0.40590372947620545     
   4.2400000000047893       0.40097666974343699     
   4.2600000000047960       0.39588856381221832     
   4.2800000000048026       0.39064622782057007     
   4.3000000000048093       0.38525667995822577     
   4.3200000000048160       0.37972713242045869     
   4.3400000000048227       0.37406498192582027     
   4.3600000000048293       0.36827779890586743     
   4.3800000000048360       0.36237331547184237     
   4.4000000000048427       0.35635941225741402     
   4.4200000000048494       0.35024410422866509     
   4.4400000000048561       0.34403552554340838     
   4.4600000000048627       0.33774191353246080     
   4.4800000000048694       0.33137159186653686     
   4.5000000000048761       0.32493295296477864     
   4.5200000000048828       0.31843443969520241     
   4.5400000000048895       0.31188452641419506     
   4.5600000000048961       0.30529169939190703     
   4.5800000000049028       0.29866443667327147     
   4.6000000000049095       0.29201118743037935     
   4.6200000000049162       0.28534035087094484     
   4.6400000000049229       0.27866025477922296     
   4.6600000000049295       0.27197913377948479     
   4.6800000000049362       0.26530510742735325     
   4.7000000000049429       0.25864615825019044     
   4.7200000000049496       0.25201010987350420     
   4.7400000000049562       0.24540460538507261     
   4.7600000000049629       0.23883708610140353     
   4.7800000000049696       0.23231477091140820     
   4.8000000000049763       0.22584463637906704     
   4.8200000000049830       0.21943339778987181     
   4.8400000000049896       0.21308749132446339     
   4.8600000000049963       0.20681305753696738     
   4.8800000000050030       0.20061592630495317     
   4.9000000000050097       0.19450160340288655     
   4.9200000000050164       0.18847525883173608     
   4.9400000000050230       0.18254171701448629     
   4.9600000000050297       0.17670544894146500     
   4.9800000000050364       0.17097056632125740     
   5.0000000000050431       0.16534081776355208     
   5.0200000000050498       0.15981958699038035     
   5.0400000000050564       0.15440989304286670     
   5.0600000000050631       0.14911439242266511     
   5.0800000000050698       0.14393538308161216     
   5.1000000000050765       0.13887481015048372     
   5.1200000000050832       0.13393427327871668     
   5.1400000000050898       0.12911503544205322     
   5.1600000000050965       0.12441803306448164     
   5.1800000000051032       0.11984388729478751     
   5.2000000000051099       0.11539291627633169     
   5.2200000000051165       0.11106514825114701     
   5.2400000000051232       0.10686033534563628     
   5.2600000000051299       0.10277796789457570     
   5.2800000000051366        9.8817289172043576E-002
   5.3000000000051433        9.4977310411672899E-002
   5.3200000000051499        9.1256826013414061E-002
   5.3400000000051566        8.7654428849071181E-002
   5.3600000000051633        8.4168525593481480E-002
   5.3800000000051700        8.0797352021660440E-002
   5.4000000000051767        7.7538988223968874E-002
   5.4200000000051833        7.4391373700898128E-002
   5.4400000000051900        7.1352322306103833E-002
   5.4600000000051967        6.8419537010661530E-002
   5.4800000000052034        6.5590624463161940E-002
   5.5000000000052101        6.2863109319354071E-002
   5.5200000000052167        6.0234448311816860E-002
   5.5400000000052234        5.7702044025059428E-002
   5.5600000000052301        5.5263258334954400E-002
   5.5800000000052368        5.2915425464130555E-002
   5.6000000000052435        5.0655864597481295E-002
   5.6200000000052501        4.8481891994943245E-002
   5.6400000000052568        4.6390832532768204E-002
   5.6600000000052635        4.4380030600231296E-002
   5.6800000000052702        4.2446860276571040E-002
   5.7000000000052768        4.0588734713333977E-002
   5.7200000000052835        3.8803114650450617E-002
   5.7400000000052902        3.7087516000443313E-002
   5.7600000000052969        3.5439516444128231E-002
   5.7800000000053036        3.3856760992871257E-002
   5.8000000000053102        3.2336966486594877E-002
   5.8200000000053169        3.0877925012889419E-002
   5.8400000000053236        2.9477506250227870E-002
   5.8600000000053303        2.8133658756826174E-002
   5.8800000000053370        2.6844410245450499E-002
   5.9000000000053436        2.5607866902788039E-002
   5.9200000000053503        2.4422211829168150E-002
   5.9400000000053570        2.3285702689819630E-002
   5.9600000000053637        2.2196668681891515E-002
   5.9800000000053704        2.1153506931665775E-002
   6.0000000000053770        2.0154678443371512E-002
   6.0200000000053837        1.9198703724526558E-002
   6.0400000000053904        1.8284158212670942E-002
   6.0600000000053971        1.7409667624752549E-002
   6.0800000000054037        1.6573903343444853E-002
   6.1000000000054104        1.5775577944633894E-002
   6.1200000000054171        1.5013440957616928E-002
   6.1400000000054238        1.4286274934740132E-002
   6.1600000000054305        1.3592891890857859E-002
   6.1800000000054371        1.2932130155771023E-002
   6.2000000000054438        1.2302851665362055E-002
   6.2200000000054505        1.1703939700156827E-002
   6.2400000000054572        1.1134297064122660E-002
   6.2600000000054639        1.0592844682237566E-002
   6.2800000000054705        1.0078520583202546E-002
   6.3000000000054772        9.5902792240069035E-003
   6.3200000000054839        9.1270911061450619E-003
   6.3400000000054906        8.6879426292654077E-003
   6.3600000000054973        8.2718361269015338E-003
   6.3800000000055039        7.8777900305807766E-003
   6.4000000000055106        7.5048391127757559E-003
   6.4200000000055173        7.1520347655215860E-003
   6.4400000000055240        6.8184452796271593E-003
   6.4600000000055307        6.5031560987671008E-003
   6.4800000000055373        6.2052700328094675E-003
   6.5000000000055440        5.9239074249539643E-003
   6.5200000000055507        5.6582062770807523E-003
   6.5400000000055574        5.4073223466217825E-003
   6.5600000000055640        5.1704292358108698E-003
   6.5800000000055707        4.9467184999606659E-003
   6.6000000000055774        4.7353998051692754E-003
   6.6200000000055841        4.5357011673903287E-003
   6.6400000000055908        4.3468693040387462E-003
   6.6600000000055974        4.1681701262896182E-003
   6.6800000000056041        3.9988893951146747E-003
   6.7000000000056108        3.8383335571388340E-003
   6.7200000000056175        3.6858307679371073E-003
   6.7400000000056242        3.5407321008367101E-003
   6.7600000000056308        3.4024129291152440E-003
   6.7800000000056375        3.2702744591850599E-003
   6.8000000000056442        3.1437453824352431E-003
   6.8200000000056509        3.0222836043525517E-003
   6.8400000000056576        2.9053780018176985E-003
   6.8600000000056642        2.7925501534580670E-003
   6.8800000000056709        2.6833559839633983E-003
   6.9000000000056776        2.5773872615503829E-003
   6.9200000000056843        2.4742728884387028E-003
   6.9400000000056909        2.3736799272868346E-003
   6.9600000000056976        2.2753143119571043E-003
   6.9800000000057043        2.1789211985500322E-003
   7.0000000000057110        2.0842849220892188E-003
   7.0200000000057177        1.9912285351973195E-003
   7.0400000000057243        1.8996129171523642E-003
   7.0600000000057310        1.8093354543901304E-003
   7.0800000000057377        1.7203283063176211E-003
   7.1000000000057444        1.6325562827356256E-003
   7.1200000000057511        1.5460143707406785E-003
   7.1400000000057577        1.4607249592502871E-003
   7.1600000000057644        1.3767348178726319E-003
   7.1800000000057711        1.2941118934062996E-003
   7.2000000000057778        1.2129419915719087E-003
   7.2200000000057845        1.1333254135021612E-003
   7.2400000000057911        1.0553736160075584E-003
   7.2600000000057978        9.7920596174953236E-004
   7.2800000000058045        9.0494662033889972E-004
   7.3000000000058112        8.3272167427978167E-004
   7.3200000000058179        7.6265647491151095E-004
   7.3400000000058245        6.9487328344551796E-004
   7.3600000000058312        6.2948922127428275E-004
   7.3800000000058379        5.6661454240342535E-004
   7.4000000000058446        5.0635122958060392E-004
   7.4200000000058512        4.4879190492334289E-004
   7.4400000000058579        3.9401903599805329E-004
   7.4600000000058646        3.4210440974864244E-004
   7.4800000000058713        2.9310883972689239E-004
   7.5000000000058780        2.4708206697267359E-004
   7.5200000000058846        2.0406281178759632E-004
   7.5400000000058913        1.6407893260120732E-004
   7.5600000000058980        1.2714764912633976E-004
   7.5800000000059047        9.3275789926096489E-005
   7.6000000000059114        6.2460029177240276E-005
   7.6200000000059180        3.4687083557480971E-005
   7.6400000000059247        9.9338474782202025E-006
   7.6600000000059314       -1.1832547026802714E-005
   7.6800000000059381       -3.0654750960070802E-005
   7.7000000000059448       -4.6585296285374445E-005
   7.7200000000059514       -5.9686759754137320E-005
   7.7400000000059581       -7.0031973952266785E-005
   7.7600000000059648       -7.7704260675459842E-005
   7.7800000000059715       -8.2797656908605529E-005
   7.8000000000059782       -8.5417100448778770E-005
   7.8200000000059848       -8.5678540713015746E-005
   7.8400000000059915       -8.3708940571844767E-005
   7.8600000000059982       -7.9646137135009351E-005
   7.8800000000060049       -7.3638533191803713E-005
   7.9000000000060115       -6.5844596304608259E-005
   7.9200000000060182       -5.6432149143439025E-005
   7.9400000000060249       -4.5577442239136249E-005
   7.9600000000060316       -3.3464008598566524E-005
   7.9800000000060383       -2.0281308208247526E-005
   8.0000000000060449       -6.2231789852438602E-006
   8.0200000000060516        8.5138811472584529E-006
   8.0400000000060583        2.3732569026136752E-005
   8.0600000000060650        3.9236729538373609E-005
   8.0800000000060717        5.4833364173459924E-005
   8.1000000000060783        7.0334648183730032E-005
   8.1200000000060850        8.5559907997514239E-005
   8.1400000000060917        1.0033751060269923E-004
   8.1600000000060984        1.1450661845845280E-004
   8.1800000000061051        1.2791876703674863E-004
   8.2000000000061117        1.4043922720186676E-004
   8.2200000000061184        1.5194812110225843E-004
   8.2400000000061251        1.6234126782438486E-004
   8.2600000000061318        1.7153074344462699E-004
   8.2800000000061384        1.7944514898313467E-004
   8.3000000000061451        1.8602958877649990E-004
   8.3200000000061518        1.9124537059219754E-004
   8.3400000000061585        1.9506944707791343E-004
   8.3600000000061652        1.9749362556419506E-004
   8.3800000000061718        1.9852357954601964E-004
   8.4000000000061785        1.9817770013740227E-004
   8.4200000000061852        1.9648582925277367E-004
   8.4400000000061919        1.9348791811574028E-004
   8.4600000000061986        1.8923265488870480E-004
   8.4800000000062052        1.8377610378131047E-004
   8.5000000000062119        1.7718039502229201E-004
   8.5200000000062186        1.6951250071552574E-004
   8.5400000000062253        1.6084312605142069E-004
   8.5600000000062320        1.5124573885082440E-004
   8.5800000000062386        1.4079575326362629E-004
   8.6000000000062453        1.2956987592354285E-004
   8.6200000000062520        1.1764561528892883E-004
   8.6400000000062587        1.0510094757639938E-004
   8.6600000000062654        9.2014125917594199E-005
   8.6800000000062720        7.8463613394726435E-005
   8.7000000000062787        6.4528115671419277E-005
   8.7200000000062854        5.0286685206294495E-005
   8.7400000000062921        3.5818866651480366E-005
   8.7600000000062987        2.1204852063662647E-005
   8.7800000000063054        6.5256150100371355E-006
   8.8000000000063121       -8.1370055122367362E-006
   8.8200000000063188       -2.2700297305253312E-005
   8.8400000000063255       -3.7080765058684804E-005
   8.8600000000063321       -5.1194334816302855E-005
   8.8800000000063388       -6.4956683440676929E-005
   8.9000000000063455       -7.8283697340416025E-005
   8.9200000000063522       -9.1092058184640036E-005
   8.9400000000063589       -1.0329994687828760E-004
   8.9600000000063655       -1.1482785097539564E-004
   8.9800000000063722       -1.2559945521573151E-004
   9.0000000000063789       -1.3554259020436568E-004
   9.0200000000063856       -1.4459021059981772E-004
   9.0400000000063923       -1.5268137167814727E-004
   9.0600000000063989       -1.5976217189369061E-004
   9.0800000000064056       -1.6578662910604893E-004
   9.1000000000064123       -1.7071745948187046E-004
   9.1200000000064190       -1.7452673064938652E-004
   9.1400000000064257       -1.7719636437834712E-004
   9.1600000000064323       -1.7871846872899439E-004
   9.1800000000064390       -1.7909548507395937E-004
   9.2000000000064457       -1.7834014143239472E-004
   9.2200000000064524       -1.7647520993012200E-004
   9.2400000000064590       -1.7353307266825978E-004
   9.2600000000064657       -1.6955510659672437E-004
   9.2800000000064724       -1.6459090391141799E-004
   9.3000000000064791       -1.5869734980243871E-004
   9.3200000000064858       -1.5193758388123150E-004
   9.3400000000064924       -1.4437987514493938E-004
   9.3600000000064991       -1.3609644277336568E-004
   9.3800000000065058       -1.2716225631856425E-004
   9.4000000000065125       -1.1765384890422207E-004
   9.4200000000065192       -1.0764817591448262E-004
   9.4400000000065258       -9.7221549375687340E-005
   9.4600000000065325       -8.6448674920403795E-005
   9.4800000000065392       -7.5401814006953915E-005
   9.5000000000065459       -6.4150089119669896E-005
   9.5200000000065526       -5.2758944189062207E-005
   9.5400000000065592       -4.1289766659700057E-005
   9.5600000000065659       -2.9799671716550309E-005
   9.5800000000065726       -1.8341443380230218E-005
   9.6000000000065793       -6.9636217116165775E-006
   9.6200000000065859        4.2892795760143430E-006
   9.6400000000065926        1.5376445038489696E-005
   9.6600000000065993        2.6260342287792812E-005
   9.6800000000066060        3.6906245406950568E-005
   9.7000000000066127        4.7281724152823884E-005
   9.7200000000066193        5.7356126436151355E-005
   9.7400000000066260        6.7100080838708562E-005
   9.7600000000066327        7.6485044183804073E-005
   9.7800000000066394        8.5482916503788056E-005
   9.8000000000066461        9.4065742263452676E-005
   9.8200000000066527        1.0220551254838512E-004
   9.8400000000066594        1.0987407827883194E-004
   9.8600000000066661        1.1704317954995230E-004
   9.8800000000066728        1.2368459111840069E-004
   9.9000000000066795        1.2977037905008329E-004
   9.9200000000066861        1.3527325880176760E-004
   9.9400000000066928        1.4016704070595265E-004
   9.9600000000066995        1.4442714512141085E-004
   9.9800000000067062        1.4803116653110200E-004
