  -10.000000000000000       -2.0205056718456175E-005
  -9.9799999999999933       -2.4743794246258345E-005
  -9.9599999999999866       -2.9204213707081715E-005
  -9.9399999999999800       -3.3562635768381112E-005
  -9.9199999999999733       -3.7796047688723957E-005
  -9.8999999999999666       -4.1882263360377976E-005
  -9.8799999999999599       -4.5800054147740025E-005
  -9.8599999999999532       -4.9529249118871534E-005
  -9.8399999999999466       -5.3050804520091689E-005
  -9.8199999999999399       -5.6346843598726646E-005
  -9.7999999999999332       -5.9400669086541462E-005
  -9.7799999999999265       -6.2196751769965695E-005
  -9.7599999999999199       -6.4720699546221626E-005
  -9.7399999999999132       -6.6959212158025435E-005
  -9.7199999999999065       -6.8900027379393953E-005
  -9.6999999999998998       -7.0531864764973923E-005
  -9.6799999999998931       -7.1844373158822254E-005
  -9.6599999999998865       -7.2828087977628331E-005
  -9.6399999999998798       -7.3474403841389618E-005
  -9.6199999999998731       -7.3775567434251405E-005
  -9.5999999999998664       -7.3724694562778346E-005
  -9.5799999999998597       -7.3315814270593686E-005
  -9.5599999999998531       -7.2543941607225215E-005
  -9.5399999999998464       -7.1405179282523802E-005
  -9.5199999999998397       -6.9896847017648602E-005
  -9.4999999999998330       -6.8017635985208300E-005
  -9.4799999999998263       -6.5767784369690031E-005
  -9.4599999999998197       -6.3149268830890181E-005
  -9.4399999999998130       -6.0166005568053959E-005
  -9.4199999999998063       -5.6824053807756397E-005
  -9.3999999999997996       -5.3131813912674024E-005
  -9.3799999999997929       -4.9100211961242165E-005
  -9.3599999999997863       -4.4742862599712463E-005
  -9.3399999999997796       -4.0076202226352167E-005
  -9.3199999999997729       -3.5119585129894529E-005
  -9.2999999999997662       -2.9895336055311689E-005
  -9.2799999999997596       -2.4428753783766264E-005
  -9.2599999999997529       -1.8748061653087414E-005
  -9.2399999999997462       -1.2884302464411141E-005
  -9.2199999999997395       -6.8711768657977464E-006
  -9.1999999999997328       -7.4482601618946516E-007
  -9.1799999999997262        5.4564389510893809E-006
  -9.1599999999997195        1.1692456488519774E-005
  -9.1399999999997128        1.7921577506689487E-005
  -9.1199999999997061        2.4101064491105326E-005
  -9.0999999999996994        3.0187518671888832E-005
  -9.0799999999996928        3.6137326205941860E-005
  -9.0599999999996861        4.1907113790196636E-005
  -9.0399999999996794        4.7454203913809032E-005
  -9.0199999999996727        5.2737060084860969E-005
  -8.9999999999996660        5.7715712829384873E-005
  -8.9799999999996594        6.2352158039510259E-005
  -8.9599999999996527        6.6610720313232185E-005
  -8.9399999999996460        7.0458375239522325E-005
  -8.9199999999996393        7.3865026086399247E-005
  -8.8999999999996326        7.6803731987838740E-005
  -8.8799999999996260        7.9250886431264954E-005
  -8.8599999999996193        8.1186346552889919E-005
  -8.8399999999996126        8.2593515383917062E-005
  -8.8199999999996059        8.3459380690304789E-005
  -8.7999999999995993        8.3774515350293298E-005
  -8.7799999999995926        8.3533045263871469E-005
  -8.7599999999995859        8.2732591543200742E-005
  -8.7399999999995792        8.1374194160064095E-005
  -8.7199999999995725        7.9462224308806981E-005
  -8.6999999999995659        7.7004292474933293E-005
  -8.6799999999995592        7.4011158593743410E-005
  -8.6599999999995525        7.0496649763214178E-005
  -8.6399999999995458        6.6477589780714183E-005
  -8.6199999999995391        6.1973743355519945E-005
  -8.5999999999995325        5.7007776269189376E-005
  -8.5799999999995258        5.1605231083115843E-005
  -8.5599999999995191        4.5794516302621860E-005
  -8.5399999999995124        3.9606905274385680E-005
  -8.5199999999995057        3.3076539596494622E-005
  -8.4999999999994991        2.6240430527918759E-005
  -8.4799999999994924        1.9138450860977037E-005
  -8.4599999999994857        1.1813309021290050E-005
  -8.4399999999994790        4.3104968249447280E-006
  -8.4199999999994724       -3.3217976197563857E-006
  -8.3999999999994657       -1.1032819917705721E-005
  -8.3799999999994590       -1.8769429493176859E-005
  -8.3599999999994523       -2.6476335755655472E-005
  -8.3399999999994456       -3.4096394713085499E-005
  -8.3199999999994390       -4.1570968563451146E-005
  -8.2999999999994323       -4.8840348721322591E-005
  -8.2799999999994256       -5.5844240518411498E-005
  -8.2599999999994189       -6.2522305541021434E-005
  -8.2399999999994122       -6.8814755321019172E-005
  -8.2199999999994056       -7.4662987966987460E-005
  -8.1999999999993989       -8.0010257396737633E-005
  -8.1799999999993922       -8.4802363187541367E-005
  -8.1599999999993855       -8.8988347768213948E-005
  -8.1399999999993788       -9.2521186790464055E-005
  -8.1199999999993722       -9.5358458080526748E-005
  -8.0999999999993655       -9.7462974605964491E-005
  -8.0799999999993588       -9.8803367405410860E-005
  -8.0599999999993521       -9.9354605405536600E-005
  -8.0399999999993454       -9.9098440457919695E-005
  -8.0199999999993388       -9.8023767721672442E-005
  -7.9999999999993321       -9.6126893628039413E-005
  -7.9799999999993254       -9.3411706015497384E-005
  -7.9599999999993187       -8.9889743529444725E-005
  -7.9399999999993121       -8.5580163945480690E-005
  -7.9199999999993054       -8.0509613604536604E-005
  -7.8999999999992987       -7.4712002544149718E-005
  -7.8799999999992920       -6.8228192086563355E-005
  -7.8599999999992853       -6.1105603518664248E-005
  -7.8399999999992787       -5.3397758004721955E-005
  -7.8199999999992720       -4.5163758957376784E-005
  -7.7999999999992653       -3.6467728723555716E-005
  -7.7799999999992586       -2.7378211601568954E-005
  -7.7599999999992519       -1.7967554904003724E-005
  -7.7399999999992453       -8.3112790393110824E-006
  -7.7199999999992386        1.5125535493559288E-006
  -7.6999999999992319        1.1423962215456009E-005
  -7.6799999999992252        2.1341658059072936E-005
  -7.6599999999992185        3.1183635232395700E-005
  -7.6399999999992119        4.0867740797704233E-005
  -7.6199999999992052        5.0312222267564450E-005
  -7.5999999999991985        5.9436253766060890E-005
  -7.5799999999991918        6.8160443340427952E-005
  -7.5599999999991851        7.6407325244141585E-005
  -7.5399999999991785        8.4101841935302834E-005
  -7.5199999999991718        9.1171821034131427E-005
  -7.4999999999991651        9.7548452529880994E-005
  -7.4799999999991584        1.0316677110615245E-004
  -7.4599999999991518        1.0796614757717199E-004
  -7.4399999999991451        1.1189079212446467E-004
  -7.4199999999991384        1.1489027035162311E-004
  -7.3999999999991317        1.1692003120142679E-004
  -7.3799999999991250        1.1794194359773920E-004
  -7.3599999999991184        1.1792483637984801E-004
  -7.3399999999991117        1.1684503380382307E-004
  -7.3199999999991050        1.1468687670241183E-004
  -7.2999999999990983        1.1144321743491058E-004
  -7.2799999999990916        1.0711587512843712E-004
  -7.2599999999990850        1.0171603650208671E-004
  -7.2399999999990783        9.5264586858860608E-005
  -7.2199999999990716        8.7792355683519871E-005
  -7.1999999999990649        7.9340261737332772E-005
  -7.1799999999990582        6.9959343604662097E-005
  -7.1599999999990516        5.9710663311217329E-005
  -7.1399999999990449        4.8665072860817330E-005
  -7.1199999999990382        3.6902836266195046E-005
  -7.0999999999990315        2.4513102795390371E-005
  -7.0799999999990249        1.1593230616732954E-005
  -7.0599999999990182       -1.7520363159218146E-006
  -7.0399999999990115       -1.5411531567844448E-005
  -7.0199999999990048       -2.9268759481763851E-005
  -6.9999999999989981       -4.3203104684715567E-005
  -6.9799999999989915       -5.7091140990160477E-005
  -6.9599999999989848       -7.0808020130403492E-005
  -6.9399999999989781       -8.4228918581490326E-005
  -6.9199999999989714       -9.7230519181128850E-005
  -6.8999999999989647       -1.0969250335103714E-004
  -6.8799999999989581       -1.2149902954115591E-004
  -6.8599999999989514       -1.3254017401996386E-004
  -6.8399999999989447       -1.4271331131076996E-004
  -6.8199999999989380       -1.5192441337104568E-004
  -6.7999999999989313       -1.6008924894590917E-004
  -6.7799999999989247       -1.6713446730508980E-004
  -6.7599999999989180       -1.7299855367566128E-004
  -6.7399999999989113       -1.7763264698577840E-004
  -6.7199999999989046       -1.8100121390386874E-004
  -6.6999999999988979       -1.8308257645917070E-004
  -6.6799999999988913       -1.8386929363807829E-004
  -6.6599999999988846       -1.8336840014902410E-004
  -6.6399999999988779       -1.8160150793705080E-004
  -6.6199999999988712       -1.7860477793206329E-004
  -6.5999999999988646       -1.7442877087659158E-004
  -6.5799999999988579       -1.6913818687443928E-004
  -6.5599999999988512       -1.6281150353363711E-004
  -6.5399999999988445       -1.5554052227399615E-004
  -6.5199999999988378       -1.4742983159110910E-004
  -6.4999999999988312       -1.3859619489231740E-004
  -6.4799999999988245       -1.2916786905030347E-004
  -6.4599999999988178       -1.1928385817119515E-004
  -6.4399999999988111       -1.0909310537198185E-004
  -6.4199999999988044       -9.8753623738821763E-005
  -6.3999999999987978       -8.8431566216722862E-005
  -6.3799999999987911       -7.8300233083896374E-005
  -6.3599999999987844       -6.8539014988080508E-005
  -6.3399999999987777       -5.9332269355722094E-005
  -6.3199999999987710       -5.0868128377827799E-005
  -6.2999999999987644       -4.3337237762254745E-005
  -6.2799999999987577       -3.6931427016339588E-005
  -6.2599999999987510       -3.1842314151005649E-005
  -6.2399999999987443       -2.8259850318542827E-005
  -6.2199999999987376       -2.6370812908602730E-005
  -6.1999999999987310       -2.6357258925022941E-005
  -6.1799999999987243       -2.8394953899903063E-005
  -6.1599999999987176       -3.2651795024907117E-005
  -6.1399999999987109       -3.9286250432898746E-005
  -6.1199999999987043       -4.8445839479248900E-005
  -6.0999999999986976       -6.0265681303249196E-005
  -6.0799999999986909       -7.4867140750005075E-005
  -6.0599999999986842       -9.2356601785306260E-005
  -6.0399999999986775       -1.1282439874218546E-004
  -6.0199999999986709       -1.3634393503832677E-004
  -5.9999999999986642       -1.6297101736781095E-004
  -5.9799999999986575       -1.9274343080574882E-004
  -5.9599999999986508       -2.2568077681974175E-004
  -5.9399999999986441       -2.6178459193178846E-004
  -5.9199999999986375       -3.0103875984185854E-004
  -5.8999999999986308       -3.4341022434319473E-004
  -5.8799999999986241       -3.8885000450604467E-004
  -5.8599999999986174       -4.3729450755619311E-004
  -5.8399999999986107       -4.8866712882652543E-004
  -5.8199999999986041       -5.4288012230383864E-004
  -5.7999999999985974       -5.9983671981900678E-004
  -5.7799999999985907       -6.5943347200962243E-004
  -5.7599999999985840       -7.2156277996719860E-004
  -5.7399999999985774       -7.8611558309799945E-004
  -5.7199999999985707       -8.5298416625615282E-004
  -5.6999999999985640       -9.2206504771508494E-004
  -5.6799999999985573       -9.9326190903240388E-004
  -5.6599999999985506       -1.0664885283199427E-003
  -5.6399999999985440       -1.1416716797855763E-003
  -5.6199999999985373       -1.2187539645761884E-003
  -5.5999999999985306       -1.2976965407943866E-003
  -5.5799999999985239       -1.3784817239400097E-003
  -5.5599999999985172       -1.4611154327728369E-003
  -5.5399999999985106       -1.5456294595385480E-003
  -5.5199999999985039       -1.6320835474690912E-003
  -5.4999999999984972       -1.7205672623017377E-003
  -5.4799999999984905       -1.8112016481065625E-003
  -5.4599999999984838       -1.9041406608504192E-003
  -5.4399999999984772       -1.9995723757563243E-003
  -5.4199999999984705       -2.0977199665835598E-003
  -5.3999999999984638       -2.1988424564267266E-003
  -5.3799999999984571       -2.3032352405235913E-003
  -5.3599999999984504       -2.4112303819225018E-003
  -5.3399999999984438       -2.5231966807667122E-003
  -5.3199999999984371       -2.6395395175225797E-003
  -5.2999999999984304       -2.7607004698375509E-003
  -5.2799999999984237       -2.8871567020177301E-003
  -5.2599999999984171       -3.0194201255185319E-003
  -5.2399999999984104       -3.1580363285006858E-003
  -5.2199999999984037       -3.3035832725673247E-003
  -5.1999999999983970       -3.4566697553909276E-003
  -5.1799999999983903       -3.6179336391670728E-003
  -5.1599999999983837       -3.7880398467623404E-003
  -5.1399999999983770       -3.9676781300896202E-003
  -5.1199999999983703       -4.1575606186369926E-003
  -5.0999999999983636       -4.3584191601428778E-003
  -5.0799999999983569       -4.5710024700568539E-003
  -5.0599999999983503       -4.7960731115212268E-003
  -5.0399999999983436       -5.0344043329845376E-003
  -5.0199999999983369       -5.2867767960171341E-003
  -4.9999999999983302       -5.5539752312287402E-003
  -4.9799999999983235       -5.8367850651610542E-003
  -4.9599999999983169       -6.1359890654138502E-003
  -4.9399999999983102       -6.4523640548491603E-003
  -4.9199999999983035       -6.7866777483015384E-003
  -4.8999999999982968       -7.1396857666362378E-003
  -4.8799999999982901       -7.5121288831067950E-003
  -4.8599999999982835       -7.9047305556879770E-003
  -4.8399999999982768       -8.3181947963504345E-003
  -4.8199999999982701       -8.7532044241261271E-003
  -4.7999999999982634       -9.2104197433452422E-003
  -4.7799999999982568       -9.6904776817335701E-003
  -4.7599999999982501       -1.0193991415301936E-002
  -4.7399999999982434       -1.0721550498352562E-002
  -4.7199999999982367       -1.1273721507704048E-002
  -4.6999999999982300       -1.1851049200668097E-002
  -4.6799999999982234       -1.2454058176672830E-002
  -4.6599999999982167       -1.3083255022998194E-002
  -4.6399999999982100       -1.3739130916144678E-002
  -4.6199999999982033       -1.4422164642142852E-002
  -4.5999999999981966       -1.5132825991849432E-002
  -4.5799999999981900       -1.5871579481153857E-002
  -4.5599999999981833       -1.6638888341157697E-002
  -4.5399999999981766       -1.7435218719892981E-002
  -4.5199999999981699       -1.8261044035026305E-002
  -4.4999999999981632       -1.9116849416244378E-002
  -4.4799999999981566       -2.0003136176556410E-002
  -4.4599999999981499       -2.0920426253458704E-002
  -4.4399999999981432       -2.1869266563634238E-002
  -4.4199999999981365       -2.2850233218409996E-002
  -4.3999999999981299       -2.3863935551364412E-002
  -4.3799999999981232       -2.4911019914043587E-002
  -4.3599999999981165       -2.5992173200491492E-002
  -4.3399999999981098       -2.7108126066022753E-002
  -4.3199999999981031       -2.8259655810182957E-002
  -4.2999999999980965       -2.9447588897999300E-002
  -4.2799999999980898       -3.0672803097313354E-002
  -4.2599999999980831       -3.1936229213135409E-002
  -4.2399999999980764       -3.3238852402549361E-002
  -4.2199999999980697       -3.4581713055742078E-002
  -4.1999999999980631       -3.5965907230314072E-002
  -4.1799999999980564       -3.7392586627238086E-002
  -4.1599999999980497       -3.8862958097823079E-002
  -4.1399999999980430       -4.0378282671967990E-002
  -4.1199999999980363       -4.1939874099022931E-002
  -4.0999999999980297       -4.3549096893907055E-002
  -4.0799999999980230       -4.5207363882904875E-002
  -4.0599999999980163       -4.6916133245950238E-002
  -4.0399999999980096       -4.8676905055295809E-002
  -4.0199999999980029       -5.0491217314349877E-002
  -3.9999999999979963       -5.2360641505153800E-002
  -3.9799999999979896       -5.4286777658453252E-002
  -3.9599999999979829       -5.6271248966500653E-002
  -3.9399999999979762       -5.8315695965477025E-002
  -3.9199999999979696       -6.0421770321559418E-002
  -3.8999999999979629       -6.2591128261953982E-002
  -3.8799999999979562       -6.4825423699395840E-002
  -3.8599999999979495       -6.7126301105408612E-002
  -3.8399999999979428       -6.9495388193705682E-002
  -3.8199999999979362       -7.1934288480221237E-002
  -3.7999999999979295       -7.4444573790089827E-002
  -3.7799999999979228       -7.7027776784199656E-002
  -3.7599999999979161       -7.9685383578536384E-002
  -3.7399999999979094       -8.2418826528241437E-002
  -3.7199999999979028       -8.5229477245056334E-002
  -3.6999999999978961       -8.8118639911598240E-002
  -3.6799999999978894       -9.1087544948767030E-002
  -3.6599999999978827       -9.4137343083664102E-002
  -3.6399999999978760       -9.7269099854906130E-002
  -3.6199999999978694      -0.10048379058043005     
  -3.5999999999978627      -0.10378229580013047     
  -3.5799999999978560      -0.10716539719234205     
  -3.5599999999978493      -0.11063377394966062     
  -3.5399999999978427      -0.11418799958635259     
  -3.5199999999978360      -0.11782853913702715     
  -3.4999999999978293      -0.12155574669476980     
  -3.4799999999978226      -0.12536986322693655     
  -3.4599999999978159      -0.12927101459861706     
  -3.4399999999978093      -0.13325920972767014     
  -3.4199999999978026      -0.13733433879142223     
  -3.3999999999977959      -0.14149617140373399     
  -3.3799999999977892      -0.14574435468223415     
  -3.3599999999977825      -0.15007841112906178     
  -3.3399999999977759      -0.15449773625435945     
  -3.3199999999977692      -0.15900159587984383     
  -3.2999999999977625      -0.16358912306980369     
  -3.2799999999977558      -0.16825931464858648     
  -3.2599999999977491      -0.17301102727669493     
  -3.2399999999977425      -0.17784297307170402     
  -3.2199999999977358      -0.18275371477497437     
  -3.1999999999977291      -0.18774166048026850     
  -3.1799999999977224      -0.19280505795553152     
  -3.1599999999977157      -0.19794198860402995     
  -3.1399999999977091      -0.20315036112549145     
  -3.1199999999977024      -0.20842790495167826     
  -3.0999999999976957      -0.21377216354381537     
  -3.0799999999976890      -0.21918048765137946     
  -3.0599999999976824      -0.22465002864291894     
  -3.0399999999976757      -0.23017773202976904     
  -3.0199999999976690      -0.23576033131282101     
  -2.9999999999976623      -0.24139434229089279     
  -2.9799999999976556      -0.24707605797681256     
  -2.9599999999976490      -0.25280154427407270     
  -2.9399999999976423      -0.25856663657286905     
  -2.9199999999976356      -0.26436693742948553     
  -2.8999999999976289      -0.27019781549723132     
  -2.8799999999976222      -0.27605440588040076     
  -2.8599999999976156      -0.28193161208478595     
  -2.8399999999976089      -0.28782410973893263     
  -2.8199999999976022      -0.29372635225925531     
  -2.7999999999975955      -0.29963257862902454     
  -2.7799999999975888      -0.30553682345566457     
  -2.7599999999975822      -0.31143292946241136     
  -2.7399999999975755      -0.31731456255871576     
  -2.7199999999975688      -0.32317522961843942     
  -2.6999999999975621      -0.32900829907553686     
  -2.6799999999975554      -0.33480702442318444     
  -2.6599999999975488      -0.34056457067399903     
  -2.6399999999975421      -0.34627404380590227     
  -2.6199999999975354      -0.35192852318032153     
  -2.5999999999975287      -0.35752109687683598     
  -2.5799999999975221      -0.36304489984130561     
  -2.5599999999975154      -0.36849315469333560     
  -2.5399999999975087      -0.37385921498411373     
  -2.5199999999975020      -0.37913661063786325     
  -2.4999999999974953      -0.38431909525016217     
  -2.4799999999974887      -0.38940069485505985     
  -2.4599999999974820      -0.39437575771127181     
  -2.4399999999974753      -0.39923900459680783     
  -2.4199999999974686      -0.40398557904229854     
  -2.3999999999974619      -0.40861109687719915     
  -2.3799999999974553      -0.41311169441104617     
  -2.3599999999974486      -0.41748407452524355     
  -2.3399999999974419      -0.42172554991041661     
  -2.3199999999974352      -0.42583408265129591     
  -2.2999999999974285      -0.42980831933622510     
  -2.2799999999974219      -0.43364762085258723     
  -2.2599999999974152      -0.43735208602339304     
  -2.2399999999974085      -0.44092256824452730     
  -2.2199999999974018      -0.44436068429723902     
  -2.1999999999973952      -0.44766881453665275     
  -2.1799999999973885      -0.45085009369464796     
  -2.1599999999973818      -0.45390839158451246     
  -2.1399999999973751      -0.45684828305535308     
  -2.1199999999973684      -0.45967500661629002     
  -2.0999999999973618      -0.46239441123384428     
  -2.0799999999973551      -0.46501289090044950     
  -2.0599999999973484      -0.46753730667743576     
  -2.0399999999973417      -0.46997489603185982     
  -2.0199999999973350      -0.47233316941278697     
  -1.9999999999973281      -0.47461979414871497     
  -1.9799999999973212      -0.47684246589325890     
  -1.9599999999973143      -0.47900876800043829     
  -1.9399999999973074      -0.48112601937328975     
  -1.9199999999973005      -0.48320111149932993     
  -1.8999999999972936      -0.48524033556269641     
  -1.8799999999972867      -0.48724920070457239     
  -1.8599999999972798      -0.48923224468958421     
  -1.8399999999972729      -0.49119283842473160     
  -1.8199999999972660      -0.49313298596754312     
  -1.7999999999972591      -0.49505312184961203     
  -1.7799999999972522      -0.49695190772837339     
  -1.7599999999972453      -0.49882603056160968     
  -1.7399999999972384      -0.50067000467308076     
  -1.7199999999972315      -0.50247598024112261     
  -1.6999999999972246      -0.50423356089196447     
  -1.6799999999972177      -0.50592963321275830     
  -1.6599999999972108      -0.50754821111253967     
  -1.6399999999972039      -0.50907029804912607     
  -1.6199999999971970      -0.51047377020292084     
  -1.5999999999971901      -0.51173328371126636     
  -1.5799999999971832      -0.51282020907604775     
  -1.5599999999971763      -0.51370259581956734     
  -1.5399999999971694      -0.51434517038626493     
  -1.5199999999971625      -0.51470937016802021     
  -1.4999999999971556      -0.51475341636632743     
  -1.4799999999971487      -0.51443242819344870     
  -1.4599999999971418      -0.51369858065564500     
  -1.4399999999971349      -0.51250130785364600     
  -1.4199999999971280      -0.51078755337844517     
  -1.3999999999971211      -0.50850206897470507     
  -1.3799999999971142      -0.50558776219043611     
  -1.3599999999971073      -0.50198609323198473     
  -1.3399999999971004      -0.49763752070011119     
  -1.3199999999970935      -0.49248199529929282     
  -1.2999999999970866      -0.48645949999226484     
  -1.2799999999970797      -0.47951063441995717     
  -1.2599999999970728      -0.47157724072890300     
  -1.2399999999970659      -0.46260306725011091     
  -1.2199999999970590      -0.45253446576241846     
  -1.1999999999970521      -0.44132111735718510     
  -1.1799999999970452      -0.42891678120841359     
  -1.1599999999970383      -0.41528005985220934     
  -1.1399999999970314      -0.40037517390175226     
  -1.1199999999970245      -0.38417273847915978     
  -1.0999999999970176      -0.36665053304474293     
  -1.0799999999970107      -0.34779425575865880     
  -1.0599999999970038      -0.32759825303156481     
  -1.0399999999969969      -0.30606621452163091     
  -1.0199999999969900      -0.28321182352706131     
 -0.99999999999698319      -0.25905935251811524     
 -0.97999999999697640      -0.23364419346192494     
 -0.95999999999696961      -0.20701331262822517     
 -0.93999999999696282      -0.17922561973453630     
 -0.91999999999695603      -0.15035224160446645     
 -0.89999999999694924      -0.12047669098025698     
 -0.87999999999694245       -8.9694921756553109E-002
 -0.85999999999693566       -5.8115262690596678E-002
 -0.83999999999692887       -2.5858222596446365E-002
 -0.81999999999692208        6.9438388533974230E-003
 -0.79999999999691529        4.0147179320028294E-002
 -0.77999999999690850        7.3597284156156670E-002
 -0.75999999999690171       0.10712962053038515     
 -0.73999999999689492       0.14057053521578108     
 -0.71999999999688813       0.17373829412496489     
 -0.69999999999688134       0.20644425976451003     
 -0.67999999999687455       0.23849420080164010     
 -0.65999999999686776       0.26968972591243917     
 -0.63999999999686097       0.29982983204226477     
 -0.61999999999685418       0.32871255518751885     
 -0.59999999999684739       0.35613670983713192     
 -0.57999999999684060       0.38190370132733975     
 -0.55999999999683381       0.40581939360066993     
 -0.53999999999682702       0.42769601325594914     
 -0.51999999999682023       0.44735406936621869     
 -0.49999999999681344       0.46462426736030776     
 -0.47999999999680665       0.47934939434364288     
 -0.45999999999679986       0.49138615260402030     
 -0.43999999999679307       0.50060691773410582     
 -0.41999999999678628       0.50690139782536747     
 -0.39999999999677949       0.51017817056377501     
 -0.37999999999677270       0.51036607579592730     
 -0.35999999999676591       0.50741544223884272     
 -0.33999999999675912       0.50129912847437208     
 -0.31999999999675233       0.49201336018995245     
 -0.29999999999674554       0.47957834778389913     
 -0.27999999999673875       0.46403867092153206     
 -0.25999999999673196       0.44546341937690309     
 -0.23999999999672514       0.42394608248642196     
 -0.21999999999671832       0.39960418273183834     
 -0.19999999999671150       0.37257865231241050     
 -0.17999999999670468       0.34303295500694980     
 -0.15999999999669787       0.31115195910970533     
 -0.13999999999669105       0.27714057069153281     
 -0.11999999999668425       0.24122213983017587     
  -9.9999999996677441E-002  0.20363665571169109     
  -7.9999999996670637E-002  0.16463874957134578     
  -5.9999999996663833E-002  0.12449552726171785     
  -3.9999999996657029E-002   8.3484255757010753E-002
  -1.9999999996650222E-002   4.1889930079550039E-002
   3.3565858426065631E-012   2.7489268423745349E-006
   2.0000000003363393E-002  -4.1884471347890577E-002
   4.0000000003370201E-002  -8.3478913817808587E-002
   6.0000000003377005E-002 -0.12449037807331061     
   8.0000000003383809E-002 -0.16463386626764454     
  0.10000000000339061      -0.20363210753295075     
  0.12000000000339742      -0.24121799111313225     
  0.14000000000340423      -0.27713687993421526     
  0.16000000000341105      -0.31114877812502978     
  0.18000000000341787      -0.34303032817777213     
  0.20000000000342469      -0.37257661595910274     
  0.22000000000343151      -0.39960276460164496     
  0.24000000000343832      -0.42394530137192432     
  0.26000000000344514      -0.44546328486887582     
  0.28000000000345193      -0.46403918329936067     
  0.30000000000345872      -0.47957949804456462     
  0.32000000000346551      -0.49201513021445176     
  0.34000000000347230      -0.50130149132830659     
  0.36000000000347909      -0.50741836260185635     
  0.38000000000348588      -0.51036951051273771     
  0.40000000000349267      -0.51018206930770160     
  0.42000000000349946      -0.50690570386362810     
  0.44000000000350625      -0.50061156878265556     
  0.46000000000351304      -0.49139108175846136     
  0.48000000000351983      -0.47935453107168818     
  0.50000000000352662      -0.46462953854047440     
  0.52000000000353341      -0.44735940035689348     
  0.54000000000354020      -0.42770132897865093     
  0.56000000000354699      -0.40582461962130284     
  0.58000000000355378      -0.38190876491943881     
  0.60000000000356057      -0.35614154101155310     
  0.62000000000356736      -0.32871708767370811     
  0.64000000000357415      -0.29983400420716577     
  0.66000000000358094      -0.26969348160416634     
  0.68000000000358773      -0.23849749010636725     
  0.70000000000359452      -0.20644703966644187     
  0.72000000000360131      -0.17374052906083695     
  0.74000000000360810      -0.14057219751700892     
  0.76000000000361490      -0.10713069074773919     
  0.78000000000362169       -7.3597751263632341E-002
  0.80000000000362848       -4.0147040796410738E-002
  0.82000000000363527       -6.9431006418219166E-003
  0.84000000000364206        2.5859546248851128E-002
  0.86000000000364885        5.8117149509187144E-002
  0.88000000000365564        8.9697341826344534E-002
  0.90000000000366243       0.12047960723684090     
  0.92000000000366922       0.15035561042033771     
  0.94000000000367601       0.17922939159123924     
  0.96000000000368280       0.20701743286364915     
  0.98000000000368959       0.23364860308117688     
   1.0000000000036964       0.25906398905564965     
   1.0200000000037033       0.28321662194723812     
   1.0400000000037102       0.30607110814450950     
   1.0600000000037171       0.32760317447059956     
   1.0800000000037240       0.34779913785701305     
   1.1000000000037309       0.36665530979715660     
   1.1200000000037378       0.38417734592672687     
   1.1400000000037447       0.40037955098755246     
   1.1600000000037516       0.41528414922645646     
   1.1800000000037585       0.42892052997269969     
   1.2000000000037654       0.44132447773838623     
   1.2200000000037723       0.45253739570797230     
   1.2400000000037792       0.46260553093759177     
   1.2600000000037861       0.47157920898411865     
   1.2800000000037930       0.47951208503913922     
   1.3000000000037999       0.48646041796532125     
   1.3200000000038068       0.49248237293248759     
   1.3400000000038137       0.49763735763794181     
   1.3600000000038206       0.50198539637940942     
   1.3800000000038275       0.50558654553793536     
   1.4000000000038344       0.50850035332994326     
   1.4200000000038413       0.51078536600951052     
   1.4400000000038482       0.51249868204995197     
   1.4600000000038551       0.51369555521359656     
   1.4800000000038620       0.51442904683488522     
   1.5000000000038689       0.51474972709851607     
   1.5200000000038758       0.51470542459461799     
   1.5400000000038827       0.51434102297919282     
   1.5600000000038896       0.51369830316208187     
   1.5800000000038965       0.51281582908751433     
   1.6000000000039034       0.51172887486426344     
   1.6200000000039103       0.51046939074314723     
   1.6400000000039172       0.50906600522846313     
   1.6600000000039241       0.50754406044524536     
   1.6800000000039310       0.50592567776429109     
   1.7000000000039379       0.50422985060938397     
   1.7200000000039448       0.50247256133329155     
   1.7400000000039517       0.50066691904813077     
   1.7600000000039586       0.49882331532824564     
   1.7800000000039655       0.49694959476664535     
   1.8000000000039724       0.49505123745579094     
   1.8200000000039793       0.49313155057668945     
   1.8400000000039862       0.49119186641346302     
   1.8600000000039931       0.48923174426047417     
   1.8800000000040000       0.48724917385250538     
   1.9000000000040069       0.48524077812244792     
   1.9200000000040138       0.48320201327258405     
   1.9400000000040207       0.48112736433230058     
   1.9600000000040276       0.47901053456459913     
   1.9800000000040345       0.47684462727393934     
   2.0000000000040412       0.47462231875693439     
   2.0200000000040479       0.47233602132355346     
   2.0400000000040546       0.46997803549836148     
   2.0600000000040612       0.46754069068774978     
   2.0800000000040679       0.46501647376898830     
   2.1000000000040746       0.46239814521943562     
   2.1200000000040813       0.45967884255856911     
   2.1400000000040880       0.45685217102104553     
   2.1600000000040946       0.45391228151517748     
   2.1800000000041013       0.45085393604756879     
   2.2000000000041080       0.44767256091078139     
   2.2200000000041147       0.44436428803640560     
   2.2400000000041214       0.44092598501054503     
   2.2600000000041280       0.43735527433217791     
   2.2800000000041347       0.43365054256698882     
   2.3000000000041414       0.42981094010991999     
   2.3200000000041481       0.42583637231878646     
   2.3400000000041548       0.42172748281894673     
   2.3600000000041614       0.41748562980525372     
   2.3800000000041681       0.41311285618259669     
   2.4000000000041748       0.40861185439065156     
   2.4200000000041815       0.40398592675240935     
   2.4400000000041882       0.39923894217023054     
   2.4600000000041948       0.39437528996831256     
   2.4800000000042015       0.38939983164733605     
   2.5000000000042082       0.38431785127661749     
   2.5200000000042149       0.37913500520230864     
   2.5400000000042215       0.37385727169816740     
   2.5600000000042282       0.36849090112925664     
   2.5800000000042349       0.36304236713978172     
   2.6000000000042416       0.35751831931526834     
   2.6200000000042483       0.35192553770756824     
   2.6400000000042549       0.34627088954977386     
   2.6600000000042616       0.34056128842803768     
   2.6800000000042683       0.33480365611942314     
   2.7000000000042750       0.32900488725001625     
   2.7200000000042817       0.32317181687623908     
   2.7400000000042883       0.31731119104516153     
   2.7600000000042950       0.31142964034695014     
   2.7800000000043017       0.30553365643463404     
   2.8000000000043084       0.29962957145322094     
   2.8200000000043151       0.29372354029179970     
   2.8400000000043217       0.28782152554848306     
   2.8600000000043284       0.28192928507862375     
   2.8800000000043351       0.27605236198134969     
   2.9000000000043418       0.27019607686778052     
   2.9200000000043485       0.26436552224583654     
   2.9400000000043551       0.25856555885097632     
   2.9600000000043618       0.25280081374907187     
   2.9800000000043685       0.24707568003654923     
   3.0000000000043752       0.24139431796359123     
   3.0200000000043818       0.23576065730826085     
   3.0400000000043885       0.23017840083269231     
   3.0600000000043952       0.22465102865676698     
   3.0800000000044019       0.21918180338987556     
   3.1000000000044086       0.21377377586735360     
   3.1200000000044152       0.20842979134498660     
   3.1400000000044219       0.20315249601258131     
   3.1600000000044286       0.19794434369605560     
   3.1800000000044353       0.19280760262684546     
   3.2000000000044420       0.18774436216769536     
   3.2200000000044486       0.18275653939511510     
   3.2400000000044553       0.17784588545094757     
   3.2600000000044620       0.17301399158854541     
   3.2800000000044687       0.16826229485290597     
   3.3000000000044754       0.16359208334863570     
   3.3200000000044820       0.15900450106460717     
   3.3400000000044887       0.15450055223938941     
   3.3600000000044954       0.15008110526671808     
   3.3800000000045021       0.14574689615509490     
   3.4000000000045087       0.14149853156974027     
   3.4200000000045154       0.13733649149823332     
   3.4400000000045221       0.13326113159291172     
   3.4600000000045288       0.12927268525317312     
   3.4800000000045355       0.12537126551892422     
   3.5000000000045421       0.12155686685234270     
   3.5200000000045488       0.11782936688867679     
   3.5400000000045555       0.11418852823790908     
   3.5600000000045622       0.11063400041772095     
   3.5800000000045689       0.10716532199438374     
   3.6000000000045755       0.10378192300207542     
   3.6200000000045822       0.10048312770292539     
   3.6400000000045889        9.7268157740054595E-002
   3.6600000000045956        9.4136135724381134E-002
   3.6800000000046023        9.1086089283354751E-002
   3.7000000000046089        8.8116955586491200E-002
   3.7200000000046156        8.5227586349029258E-002
   3.7400000000046223        8.2416753301652296E-002
   3.7600000000046290        7.9683154101416562E-002
   3.7800000000046357        7.7025418647188773E-002
   3.8000000000046423        7.4442115752353683E-002
   3.8200000000046490        7.1931760118574814E-002
   3.8400000000046557        6.9492819547199283E-002
   3.8600000000046624        6.7123722319616219E-002
   3.8800000000046690        6.4822864674579775E-002
   3.9000000000046757        6.2588618309165359E-002
   3.9200000000046824        6.0419337830571559E-002
   3.9400000000046891        5.8313368088245318E-002
   3.9600000000046958        5.6269051319599389E-002
   3.9800000000047024        5.4284734047657685E-002
   4.0000000000047091        5.2358773675025790E-002
   4.0200000000047158        5.0489544725340792E-002
   4.0400000000047225        4.8675444690520230E-002
   4.0600000000047292        4.6914899449399333E-002
   4.0800000000047358        4.5206368230471902E-002
   4.1000000000047425        4.3548348098192260E-002
   4.1200000000047492        4.1939377948477234E-002
   4.1400000000047559        4.0378042004524210E-002
   4.1600000000047626        3.8862972808764537E-002
   4.1800000000047692        3.7392853710658376E-002
   4.2000000000047759        3.5966420853149925E-002
   4.2200000000047826        3.4582464662997997E-002
   4.2400000000047893        3.3239830852001627E-002
   4.2600000000047960        3.1937420937490538E-002
   4.2800000000048026        3.0674192291518156E-002
   4.3000000000048093        2.9449157729152086E-002
   4.3200000000048160        2.8261384647278051E-002
   4.3400000000048227        2.7109993726588098E-002
   4.3600000000048293        2.5994157211032345E-002
   4.3800000000048360        2.4913096781107726E-002
   4.4000000000048427        2.3866081039976228E-002
   4.4200000000048494        2.2852422634597493E-002
   4.4400000000048561        2.1871475037783649E-002
   4.4600000000048627        2.0922629021281926E-002
   4.4800000000048694        2.0005308854539321E-002
   4.5000000000048761        1.9118968268565482E-002
   4.5200000000048828        1.8263086229083229E-002
   4.5400000000048895        1.7437162567756556E-002
   4.5600000000048961        1.6640713524479545E-002
   4.5800000000049028        1.5873267257285124E-002
   4.6000000000049095        1.5134359379179788E-002
   4.6200000000049162        1.4423528582939072E-002
   4.6400000000049229        1.3740312415451855E-002
   4.6600000000049295        1.3084243262459971E-002
   4.6800000000049362        1.2454844602431731E-002
   4.7000000000049429        1.1851627584808382E-002
   4.7200000000049496        1.1274087983008219E-002
   4.7400000000049562        1.0721703566442668E-002
   4.7600000000049629        1.0193931928533061E-002
   4.7800000000049696        9.6902087994921119E-003
   4.8000000000049763        9.2099468636773762E-003
   4.8200000000049830        8.7525350918782469E-003
   4.8400000000049896        8.3173385892429917E-003
   4.8600000000049963        7.9036989499611434E-003
   4.8800000000050030        7.5109351005730237E-003
   4.9000000000050097        7.1383446051453093E-003
   4.9200000000050164        6.7852053977697745E-003
   4.9400000000050230        6.4507779011225156E-003
   4.9600000000050297        6.1343074843272036E-003
   4.9800000000050364        5.8350272092166913E-003
   5.0000000000050431        5.5521608113550634E-003
   5.0200000000050498        5.2849258608731672E-003
   5.0400000000050564        5.0325370482566592E-003
   5.0600000000050631        4.7942095416111628E-003
   5.0800000000050698        4.5691623644879328E-003
   5.1000000000050765        4.3566217469142481E-003
   5.1200000000050832        4.1558244066365359E-003
   5.1400000000050898        3.9660207225370855E-003
   5.1600000000050965        3.7864777674942824E-003
   5.1800000000051032        3.6164821734009246E-003
   5.2000000000051099        3.4553428064161454E-003
   5.2200000000051165        3.3023932356103583E-003
   5.2400000000051232        3.1569939827989471E-003
   5.2600000000051299        3.0185345454232220E-003
   5.2800000000051366        2.8864351877223265E-003
   5.3000000000051433        2.7601484981061701E-003
   5.3200000000051499        2.6391607125701173E-003
   5.3400000000051566        2.5229928052230670E-003
   5.3600000000051633        2.4112013476001860E-003
   5.3800000000051700        2.3033791385015465E-003
   5.4000000000051767        2.1991556057672124E-003
   5.4200000000051833        2.0981969808148405E-003
   5.4400000000051900        2.0002062460820276E-003
   5.4600000000051967        1.9049228548912881E-003
   5.4800000000052034        1.8121222228395910E-003
   5.5000000000052101        1.7216149897393302E-003
   5.5200000000052167        1.6332460515171808E-003
   5.5400000000052234        1.5468933623859237E-003
   5.5600000000052301        1.4624665090990558E-003
   5.5800000000052368        1.3799050611825129E-003
   5.6000000000052435        1.2991767036880453E-003
   5.6200000000052501        1.2202751621718810E-003
   5.6400000000052568        1.1432179331655151E-003
   5.6600000000052635        1.0680438372577975E-003
   5.6800000000052702        9.9481041589373248E-004
   5.7000000000052768        9.2359119695852715E-004
   5.7200000000052835        8.5447285797556505E-004
   5.7400000000052902        7.8755231914092556E-004
   5.7600000000052969        7.2293380127201308E-004
   5.7800000000053036        6.6072588592395759E-004
   5.8000000000053102        6.0103861629149031E-004
   5.8200000000053169        5.4398067797865890E-004
   5.8400000000053236        4.8965669821681291E-004
   5.8600000000053303        4.3816470062049294E-004
   5.8800000000053370        3.8959375010910263E-004
   5.9000000000053436        3.4402181923440180E-004
   5.9200000000053503        3.0151390294398699E-004
   5.9400000000053570        2.6212040388514041E-004
   5.9600000000053637        2.2587580487945418E-004
   5.9800000000053704        1.9279763933709119E-004
   6.0000000000053770        1.6288576432499436E-004
   6.0200000000053837        1.3612193494743610E-004
   6.0400000000053904        1.1246967283331494E-004
   6.0600000000053971        9.1874416036316232E-005
   6.0800000000054037        7.4263932708648492E-005
   6.1000000000054104        5.9548976650190089E-005
   6.1200000000054171        4.7624159375533058E-005
   6.1400000000054238        3.8369010765613171E-005
   6.1600000000054305        3.1649198721731590E-005
   6.1800000000054371        2.7317877526369772E-005
   6.2000000000054438        2.5217134808522837E-005
   6.2200000000054505        2.5179508049680048E-005
   6.2400000000054572        2.7029543354603405E-005
   6.2600000000054639        3.0585371626684130E-005
   6.2800000000054705        3.5660280194442437E-005
   6.3000000000054772        4.2064261175229151E-005
   6.3200000000054839        4.9605521274121528E-005
   6.3400000000054906        5.8091941141700471E-005
   6.3600000000054973        6.7332475699178262E-005
   6.3800000000055039        7.7138489847110485E-005
   6.4000000000055106        8.7325026583418607E-005
   6.4200000000055173        9.7712006679998923E-005
   6.4400000000055240        1.0812536063397083E-004
   6.4600000000055307        1.1839809459130407E-004
   6.4800000000055373        1.2837129233122941E-004
   6.5000000000055440        1.3789505522914658E-004
   6.5200000000055507        1.4682938144066555E-004
   6.5400000000055574        1.5504498445055909E-004
   6.5600000000055640        1.6242404971109675E-004
   6.5800000000055707        1.6886092647256219E-004
   6.6000000000055774        1.7426275020983369E-004
   6.6200000000055841        1.7854998940372463E-004
   6.6400000000055908        1.8165690897047342E-004
   6.6600000000055974        1.8353194146260163E-004
   6.6800000000056041        1.8413795639033367E-004
   6.7000000000056108        1.8345241771785032E-004
   6.7200000000056175        1.8146741982756799E-004
   6.7400000000056242        1.7818959304768562E-004
   6.7600000000056308        1.7363987120930111E-004
   6.7800000000056375        1.6785311560988794E-004
   6.8000000000056442        1.6087759215622401E-004
   6.8200000000056509        1.5277430126778659E-004
   6.8400000000056576        1.4361616323683703E-004
   6.8600000000056642        1.3348706505319696E-004
   6.8800000000056709        1.2248077807714241E-004
   6.9000000000056776        1.1069975925662284E-004
   6.9200000000056843        9.8253851694160560E-005
   6.9400000000056909        8.5258903154586331E-005
   6.9600000000056976        7.1835323447076325E-005
   6.9800000000057043        5.8106603416254452E-005
   7.0000000000057110        4.4197819460546197E-005
   7.0200000000057177        3.0234148007229759E-005
   7.0400000000057243        1.6339414184914072E-005
   7.0600000000057310        2.6346980484001901E-006
   7.0800000000057377       -1.0762979845984186E-005
   7.1000000000057444       -2.3741873887939207E-005
   7.1200000000057511       -3.6196612965548995E-005
   7.1400000000057577       -4.8029170350610466E-005
   7.1600000000057644       -5.9149693614762379E-005
   7.1800000000057711       -6.9477187938451991E-005
   7.2000000000057778       -7.8940049904600688E-005
   7.2200000000057845       -8.7476452528356192E-005
   7.2400000000057911       -9.5034585736578217E-005
   7.2600000000057978       -1.0157275966045529E-004
   7.2800000000058045       -1.0705938083394770E-004
   7.3000000000058112       -1.1147281362306365E-004
   7.3200000000058179       -1.1480114087762398E-004
   7.3400000000058245       -1.1704183886636570E-004
   7.3600000000058312       -1.1820138201269988E-004
   7.3800000000058379       -1.1829479280675155E-004
   7.4000000000058446       -1.1734515156657046E-004
   7.4200000000058512       -1.1538307951822731E-004
   7.4400000000058579       -1.1244620703770365E-004
   7.4600000000058646       -1.0857863694357217E-004
   7.4800000000058713       -1.0383041055199160E-004
   7.5000000000058780       -9.8256981916276779E-005
   7.5200000000058846       -9.1918703385127646E-005
   7.5400000000058913       -8.4880323435631495E-005
   7.5600000000058980       -7.7210495769352289E-005
   7.5800000000059047       -6.8981296991520551E-005
   7.6000000000059114       -6.0267748895928314E-005
   7.6200000000059180       -5.1147340504573170E-005
   7.6400000000059247       -4.1699544594508739E-005
   7.6600000000059314       -3.2005323492940195E-005
   7.6800000000059381       -2.2146619426434537E-005
   7.7000000000059448       -1.2205825633880907E-005
   7.7200000000059514       -2.2652357480751382E-006
   7.7400000000059581        7.5935294575510710E-006
   7.7600000000059648        1.7290117048979259E-005
   7.7800000000059715        2.6746055797441945E-005
   7.8000000000059782        3.5885384128107828E-005
   7.8200000000059848        4.4635285460562783E-005
   7.8400000000059915        5.2926722528522094E-005
   7.8600000000059982        6.0695060800553652E-005
   7.8800000000060049        6.7880669989682339E-005
   7.9000000000060115        7.4429491899447066E-005
   7.9200000000060182        8.0293562552227307E-005
   7.9400000000060249        8.5431476708472517E-005
   7.9600000000060316        8.9808783516683559E-005
   7.9800000000060383        9.3398303121133245E-005
   8.0000000000060449        9.6180355562621342E-005
   8.0200000000060516        9.8142895183455313E-005
   8.0400000000060583        9.9281545927043318E-005
   8.0600000000060650        9.9599535321147836E-005
   8.0800000000060717        9.9107527465353186E-005
   8.1000000000060783        9.7823357911426924E-005
   8.1200000000060850        9.5771675833102889E-005
   8.1400000000060917        9.2983501237056690E-005
   8.1600000000060984        8.9495707080498369E-005
   8.1800000000061051        8.5350437955982394E-005
   8.2000000000061117        8.0594478415548681E-005
   8.2200000000061184        7.5278584985766418E-005
   8.2400000000061251        6.9456796440365434E-005
   8.2600000000061318        6.3185736933781399E-005
   8.2800000000061384        5.6523926164537153E-005
   8.3000000000061451        4.9531109853734911E-005
   8.3200000000061518        4.2267622532960966E-005
   8.3400000000061585        3.4793792993695981E-005
   8.3600000000061652        2.7169400826230764E-005
   8.3800000000061718        1.9453190348066819E-005
   8.4000000000061785        1.1702445976823101E-005
   8.4200000000061852        3.9726308275965153E-006
   8.4400000000061919       -3.6829119015320868E-006
   8.4600000000061986       -1.1213197265677162E-005
   8.4800000000062052       -1.8569780997293832E-005
   8.5000000000062119       -2.5706891954950696E-005
   8.5200000000062186       -3.2581521767990296E-005
   8.5400000000062253       -3.9153479706344915E-005
   8.5600000000062320       -4.5385421266184127E-005
   8.5800000000062386       -5.1242859019307708E-005
   8.6000000000062453       -5.6694163940694953E-005
   8.6200000000062520       -6.1710564729696590E-005
   8.6400000000062587       -6.6266151617934196E-005
   8.6600000000062654       -7.0337889865805108E-005
   8.6800000000062720       -7.3905646652452578E-005
   8.7000000000062787       -7.6952233433148440E-005
   8.7200000000062854       -7.9463464148910287E-005
   8.7400000000062921       -8.1428228001960960E-005
   8.7600000000062987       -8.2838573932231244E-005
   8.7800000000063054       -8.3689802513303943E-005
   8.8000000000063121       -8.3980559793770697E-005
   8.8200000000063188       -8.3712926690766116E-005
   8.8400000000063255       -8.2892496938116313E-005
   8.8600000000063321       -8.1528436325053829E-005
   8.8800000000063388       -7.9633516044729872E-005
   8.9000000000063455       -7.7224113400726219E-005
   8.9200000000063522       -7.4320173875593035E-005
   8.9400000000063589       -7.0945129616868080E-005
   8.9600000000063655       -6.7125770698789135E-005
   8.9800000000063722       -6.2892067018796552E-005
   9.0000000000063789       -5.8276940324662572E-005
   9.0200000000063856       -5.3315987574811188E-005
   9.0400000000063923       -4.8047158541232798E-005
   9.0600000000063989       -4.2510392203276879E-005
   9.0800000000064056       -3.6747217985909006E-005
   9.1000000000064123       -3.0800329207218313E-005
   9.1200000000064190       -2.4713137166977079E-005
   9.1400000000064257       -1.8529315087280047E-005
   9.1600000000064323       -1.2292341579078218E-005
   9.1800000000064390       -6.0450534366518376E-006
   9.2000000000064457        1.7078264860743345E-007
   9.2200000000064524        6.3148704040181588E-006
   9.2400000000064590        1.2348748118981045E-005
   9.2600000000064657        1.8236109537735991E-005
   9.2800000000064724        2.3943075778740841E-005
   9.3000000000064791        2.9438414093841351E-005
   9.3200000000064858        3.4693700936940456E-005
   9.3400000000064924        3.9683428528736482E-005
   9.3600000000064991        4.4385055816362108E-005
   9.3800000000065058        4.8779006372681247E-005
   9.4000000000065125        5.2848617299129103E-005
   9.4200000000065192        5.6580044536423225E-005
   9.4400000000065258        5.9962131101312023E-005
   9.4600000000065325        6.2986245619256159E-005
   9.4800000000065392        6.5646099085583408E-005
   9.5000000000065459        6.7937548046834148E-005
   9.5200000000065526        6.9858392345795427E-005
   9.5400000000065592        7.1408175227289592E-005
   9.5600000000065659        7.2587992976805437E-005
   9.5800000000065726        7.3400320389521183E-005
   9.6000000000065793        7.3848857283574792E-005
   9.6200000000065859        7.3938400023042952E-005
   9.6400000000065926        7.3674740655837727E-005
   9.6600000000065993        7.3064594853577139E-005
   9.6800000000066060        7.2115558421016767E-005
   9.7000000000066127        7.0836090776570313E-005
   9.7200000000066193        6.9235522545112049E-005
   9.7400000000066260        6.7324083296371395E-005
   9.7600000000066327        6.5112944547292522E-005
   9.7800000000066394        6.2614272457090140E-005
   9.8000000000066461        5.9841284201963136E-005
   9.8200000000066527        5.6808301836142942E-005
   9.8400000000066594        5.3530797529669161E-005
   9.8600000000066661        5.0025424413568976E-005
   9.8800000000066728        4.6310027843306337E-005
   9.9000000000066795        4.2403632685079986E-005
   9.9200000000066861        3.8326403202893510E-005
   9.9400000000066928        3.4099573237892775E-005
   9.9600000000066995        2.9745345579267833E-005
   9.9800000000067062        2.5286760680977173E-005
