  -10.000000000000000       -2.8738173007776362E-004
  -9.9799999999999933       -2.8159992900552312E-004
  -9.9599999999999866       -2.7443481828181714E-004
  -9.9399999999999800       -2.6593570397272622E-004
  -9.9199999999999733       -2.5615581304913820E-004
  -9.8999999999999666       -2.4515031602239599E-004
  -9.8799999999999599       -2.3297445061340959E-004
  -9.8599999999999532       -2.1968181954139858E-004
  -9.8399999999999466       -2.0532292866404003E-004
  -9.8199999999999399       -1.8994402221946755E-004
  -9.7999999999999332       -1.7358626013085844E-004
  -9.7799999999999265       -1.5628526865640443E-004
  -9.7599999999999199       -1.3807108058961313E-004
  -9.7399999999999132       -1.1896846529533797E-004
  -9.7199999999999065       -9.8997632697091049E-005
  -9.6999999999998998       -7.8175279527229152E-005
  -9.6799999999998931       -5.6515931321368220E-005
  -9.6599999999998865       -3.4033520366194610E-005
  -9.6399999999998798       -1.0743128626480332E-005
  -9.6199999999998731        1.3337183954412717E-005
  -9.5999999999998664        3.8184551094537503E-005
  -9.5799999999998597        6.3769559586348117E-005
  -9.5599999999998531        9.0054683495668662E-005
  -9.5399999999998464        1.1699297597634562E-004
  -9.5199999999998397        1.4452709408917800E-004
  -9.4999999999998330        1.7258872154479559E-004
  -9.4799999999998263        2.0109844114174342E-004
  -9.4599999999998197        2.2996609330342471E-004
  -9.4399999999998130        2.5909164007861796E-004
  -9.4199999999998063        2.8836653588438827E-004
  -9.3999999999997996        3.1767558780852203E-004
  -9.3799999999997929        3.4689927014972715E-004
  -9.3599999999997863        3.7591644075161566E-004
  -9.3399999999997796        4.0460739124956207E-004
  -9.3199999999997729        4.3285715020835577E-004
  -9.2999999999997662        4.6055894781642107E-004
  -9.2799999999997596        4.8761774375156091E-004
  -9.2599999999997529        5.1395371635354565E-004
  -9.2399999999997462        5.3950561151077270E-004
  -9.2199999999997395        5.6423385372742028E-004
  -9.1999999999997328        5.8812332957249871E-004
  -9.1799999999997262        6.1118576487210747E-004
  -9.1599999999997195        6.3346163119802493E-004
  -9.1399999999997128        6.5502153391901576E-004
  -9.1199999999997061        6.7596705269801032E-004
  -9.0999999999996994        6.9643102513789823E-004
  -9.0799999999996928        7.1657728454869540E-004
  -9.0599999999996861        7.3659988274506856E-004
  -9.0399999999996794        7.5672184760799380E-004
  -9.0199999999996727        7.7719354211525939E-004
  -8.9999999999996660        7.9829070598053510E-004
  -8.9799999999996594        8.2031227235347952E-004
  -8.9599999999996527        8.4357805975247640E-004
  -8.9399999999996460        8.6842644319315735E-004
  -8.9199999999996393        8.9521210815622849E-004
  -8.8999999999996326        9.2430398658939581E-004
  -8.8799999999996260        9.5608346570210127E-004
  -8.8599999999996193        9.9094294819510867E-004
  -8.8399999999996126        1.0292848272260705E-003
  -8.8199999999996059        1.0715209214391458E-003
  -8.7999999999995993        1.1180723954860308E-003
  -8.7799999999995926        1.1693701704303273E-003
  -8.7599999999995859        1.2258558071043795E-003
  -8.7399999999995792        1.2879828247474097E-003
  -8.7199999999995725        1.3562183979552959E-003
  -8.6999999999995659        1.4310453579274786E-003
  -8.6799999999995592        1.5129644099323614E-003
  -8.6599999999995525        1.6024964684551084E-003
  -8.6399999999995458        1.7001850051150090E-003
  -8.6199999999995391        1.8065983024699831E-003
  -8.5999999999995325        1.9223315094087140E-003
  -8.5799999999995258        2.0480084009255090E-003
  -8.5599999999995191        2.1842827564624834E-003
  -8.5399999999995124        2.3318392862795084E-003
  -8.5199999999995057        2.4913940539136432E-003
  -8.4999999999994991        2.6636943639993431E-003
  -8.4799999999994924        2.8495181077127112E-003
  -8.4599999999994857        3.0496725819587731E-003
  -8.4399999999994790        3.2649928221743039E-003
  -8.4199999999994724        3.4963395112929565E-003
  -8.3999999999994657        3.7445965480657193E-003
  -8.3799999999994590        4.0106683756612341E-003
  -8.3599999999994523        4.2954771855176037E-003
  -8.3399999999994456        4.5999601211291867E-003
  -8.3199999999994390        4.9250666113642748E-003
  -8.2999999999994323        5.2717559627284121E-003
  -8.2799999999994256        5.6409953346304199E-003
  -8.2599999999994189        6.0337582113002934E-003
  -8.2399999999994122        6.4510234688755757E-003
  -8.2199999999994056        6.8937751168434147E-003
  -8.1999999999993989        7.3630027702011880E-003
  -8.1799999999993922        7.8597028832313020E-003
  -8.1599999999993855        8.3848807486472041E-003
  -8.1399999999993788        8.9395532381036421E-003
  -8.1199999999993722        9.5247522327656150E-003
  -8.0999999999993655        1.0141528666872459E-002
  -8.0799999999993588        1.0790957084045958E-002
  -8.0599999999993521        1.1474140586404146E-002
  -8.0399999999993454        1.2192216041159866E-002
  -8.0199999999993388        1.2946359398925314E-002
  -7.9999999999993321        1.3737790972851950E-002
  -7.9799999999993254        1.4567780528221056E-002
  -7.9599999999993187        1.5437652038148880E-002
  -7.9399999999993121        1.6348787972440763E-002
  -7.9199999999993054        1.7302633002857424E-002
  -7.8999999999992987        1.8300697028459850E-002
  -7.8799999999992920        1.9344557448445734E-002
  -7.8599999999992853        2.0435860635960246E-002
  -7.8399999999992787        2.1576322593672669E-002
  -7.8199999999992720        2.2767728799285812E-002
  -7.7999999999992653        2.4011933275418930E-002
  -7.7799999999992586        2.5310856942340046E-002
  -7.7599999999992519        2.6666485332773243E-002
  -7.7399999999992453        2.8080865764558590E-002
  -7.7199999999992386        2.9556104078554381E-002
  -7.6999999999992319        3.1094361055311805E-002
  -7.6799999999992252        3.2697848624416867E-002
  -7.6599999999992185        3.4368825974945699E-002
  -7.6399999999992119        3.6109595664395630E-002
  -7.6199999999992052        3.7922499807218818E-002
  -7.5999999999991985        3.9809916403352158E-002
  -7.5799999999991918        4.1774255842822641E-002
  -7.5599999999991851        4.3817957595650048E-002
  -7.5399999999991785        4.5943487068089532E-002
  -7.5199999999991718        4.8153332577975133E-002
  -7.4999999999991651        5.0450002374893978E-002
  -7.4799999999991584        5.2836021606345332E-002
  -7.4599999999991518        5.5313929110127939E-002
  -7.4399999999991451        5.7886273896984378E-002
  -7.4199999999991384        6.0555611176857413E-002
  -7.3999999999991317        6.3324497777618755E-002
  -7.3799999999991250        6.6195486807193657E-002
  -7.3599999999991184        6.9171121418708986E-002
  -7.3399999999991117        7.2253927553485878E-002
  -7.3199999999991050        7.5446405557881083E-002
  -7.2999999999990983        7.8751020596470919E-002
  -7.2799999999990916        8.2170191814868523E-002
  -7.2599999999990850        8.5706280239444668E-002
  -7.2399999999990783        8.9361575437035531E-002
  -7.2199999999990716        9.3138280994006117E-002
  -7.1999999999990649        9.7038498909292073E-002
  -7.1799999999990582       0.10106421302890736     
  -7.1599999999990516       0.10521727167846509     
  -7.1399999999990449       0.10949936967439224     
  -7.1199999999990382       0.11391202991266915     
  -7.0999999999990315       0.11845658474535899     
  -7.0799999999990249       0.12313415735942033     
  -7.0599999999990182       0.12794564336913306     
  -7.0399999999990115       0.13289169282304300     
  -7.0199999999990048       0.13797269280909560     
  -6.9999999999989981       0.14318875081827903     
  -6.9799999999989915       0.14853967899867232     
  -6.9599999999989848       0.15402497939949092     
  -6.9399999999989781       0.15964383026992468     
  -6.9199999999989714       0.16539507344181231     
  -6.8999999999989647       0.17127720279001496     
  -6.8799999999989581       0.17728835373130786     
  -6.8599999999989514       0.18342629369314029     
  -6.8399999999989447       0.18968841345902598     
  -6.8199999999989380       0.19607171927874664     
  -6.7999999999989313       0.20257282561974782     
  -6.7799999999989247       0.20918794843173169     
  -6.7599999999989180       0.21591289879956396     
  -6.7399999999989113       0.22274307687029771     
  -6.7199999999989046       0.22967346595767429     
  -6.6999999999988979       0.23669862675138087     
  -6.6799999999988913       0.24381269158731861     
  -6.6599999999988846       0.25100935876806424     
  -6.6399999999988779       0.25828188695798737     
  -6.6199999999988712       0.26562308971354831     
  -6.5999999999988646       0.27302533024450659     
  -6.5799999999988579       0.28048051653445882     
  -6.5599999999988512       0.28798009697777571     
  -6.5399999999988445       0.29551505671327000     
  -6.5199999999988378       0.30307591485163210     
  -6.4999999999988312       0.31065272280302142     
  -6.4799999999988245       0.31823506391258066     
  -6.4599999999988178       0.32581205460504775     
  -6.4399999999988111       0.33337234722501874     
  -6.4199999999988044       0.34090413473764114     
  -6.3999999999987978       0.34839515742613508     
  -6.3799999999987911       0.35583271168907282     
  -6.3599999999987844       0.36320366100301560     
  -6.3399999999987777       0.37049444907666840     
  -6.3199999999987710       0.37769111518285264     
  -6.2999999999987644       0.38477931161621354     
  -6.2799999999987577       0.39174432318925384     
  -6.2599999999987510       0.39857108864883889     
  -6.2399999999987443       0.40524422387096759     
  -6.2199999999987376       0.41174804667475157     
  -6.1999999999987310       0.41806660308769544     
  -6.1799999999987243       0.42418369489436086     
  -6.1599999999987176       0.43008290830902096     
  -6.1399999999987109       0.43574764362996204     
  -6.1199999999987043       0.44116114575761101     
  -6.0999999999986976       0.44630653548989807     
  -6.0799999999986909       0.45116684154437692     
  -6.0599999999986842       0.45572503329636399     
  -6.0399999999986775       0.45996405426338144     
  -6.0199999999986709       0.46386685640690822     
  -5.9999999999986642       0.46741643536046840     
  -5.9799999999986575       0.47059586672678133     
  -5.9599999999986508       0.47338834361394200     
  -5.9399999999986441       0.47577721560013397     
  -5.9199999999986375       0.47774602932662441     
  -5.8999999999986308       0.47927857091921749     
  -5.8799999999986241       0.48035891042803502     
  -5.8599999999986174       0.48097144845494283     
  -5.8399999999986107       0.48110096510698747     
  -5.8199999999986041       0.48073267137424947     
  -5.7999999999985974       0.47985226298230066     
  -5.7799999999985907       0.47844597671500838     
  -5.7599999999985840       0.47650064914421031     
  -5.7399999999985774       0.47400377764130319     
  -5.7199999999985707       0.47094358348374160     
  -5.6999999999985640       0.46730907680955963     
  -5.6799999999985573       0.46309012311685233     
  -5.6599999999985506       0.45827751095517039     
  -5.6399999999985440       0.45286302041314547     
  -5.6199999999985373       0.44683949197319017     
  -5.5999999999985306       0.44020089528026080     
  -5.5799999999985239       0.43294239735830675     
  -5.5599999999985172       0.42506042980500075     
  -5.5399999999985106       0.41655275450211948     
  -5.5199999999985039       0.40741852739499240     
  -5.4999999999984972       0.39765835991795051     
  -5.4799999999984905       0.38727437767273576     
  -5.4599999999984838       0.37627027600078133     
  -5.4399999999984772       0.36465137212682563     
  -5.4199999999984705       0.35242465358773595     
  -5.3999999999984638       0.33959882269517039     
  -5.3799999999984571       0.32618433681139686     
  -5.3599999999984504       0.31219344424299406     
  -5.3399999999984438       0.29764021557541820     
  -5.3199999999984371       0.28254057028211926     
  -5.2999999999984304       0.26691229844394043     
  -5.2799999999984237       0.25077507740846944     
  -5.2599999999984171       0.23415048320478385     
  -5.2399999999984104       0.21706199650808372     
  -5.2199999999984037       0.19953500292197826     
  -5.1999999999983970       0.18159678731588946     
  -5.1799999999983903       0.16327652192295103     
  -5.1599999999983837       0.14460524787241655     
  -5.1399999999983770       0.12561584980231466     
  -5.1199999999983703       0.10634302317531751     
  -5.0999999999983636        8.6823233905900687E-002
  -5.0799999999983569        6.7094669901845705E-002
  -5.0599999999983503        4.7197184129837956E-002
  -5.0399999999983436        2.7172228834570822E-002
  -5.0199999999983369        7.0627805742613445E-003
  -4.9999999999983302       -1.3086744216902728E-002
  -4.9799999999983235       -3.3230583367461750E-002
  -4.9599999999983169       -5.3321732962195292E-002
  -4.9399999999983102       -7.3312061258195227E-002
  -4.9199999999983035       -9.3152432495632140E-002
  -4.8999999999982968      -0.11279284047244154     
  -4.8799999999982901      -0.13218255164452000     
  -4.8599999999982835      -0.15127025740359534     
  -4.8399999999982768      -0.17000423507662382     
  -4.8199999999982701      -0.18833251708634141     
  -4.7999999999982634      -0.20620306761517565     
  -4.7799999999982568      -0.22356396602666631     
  -4.7599999999982501      -0.24036359622190070     
  -4.7399999999982434      -0.25655084104492420     
  -4.7199999999982367      -0.27207528080170096     
  -4.6999999999982300      -0.28688739492252635     
  -4.6799999999982234      -0.30093876577768425     
  -4.6599999999982167      -0.31418228364996786     
  -4.6399999999982100      -0.32657235187420269     
  -4.6199999999982033      -0.33806509117136707     
  -4.5999999999981966      -0.34861854223123995     
  -4.5799999999981900      -0.35819286563032016     
  -4.5599999999981833      -0.36675053820842940     
  -4.5399999999981766      -0.37425654506541883     
  -4.5199999999981699      -0.38067856637621106     
  -4.4999999999981632      -0.38598715825575292     
  -4.4799999999981566      -0.39015592693342344     
  -4.4599999999981499      -0.39316169551757657     
  -4.4399999999981432      -0.39498466264418419     
  -4.4199999999981365      -0.39560855230876274     
  -4.3999999999981299      -0.39502075417798022     
  -4.3799999999981232      -0.39321245366755597     
  -4.3599999999981165      -0.39017875105761957     
  -4.3399999999981098      -0.38591876889756366     
  -4.3199999999981031      -0.38043574693190779     
  -4.2999999999980965      -0.37373712375948920     
  -4.2799999999980898      -0.36583460442321369     
  -4.2599999999980831      -0.35674421311949878     
  -4.2399999999980764      -0.34648633021820274     
  -4.2199999999980697      -0.33508571279774341     
  -4.1999999999980631      -0.32257149792841161     
  -4.1799999999980564      -0.30897718798119000     
  -4.1599999999980497      -0.29434061730077987     
  -4.1399999999980430      -0.27870389966032222     
  -4.1199999999980363      -0.26211335601121621     
  -4.0999999999980297      -0.24461942215346866     
  -4.0799999999980230      -0.22627653607839818     
  -4.0599999999980163      -0.20714300487404910     
  -4.0399999999980096      -0.18728085123144331     
  -4.0199999999980029      -0.16675563974363283     
  -3.9999999999979963      -0.14563628334589299     
  -3.9799999999979896      -0.12399483040071262     
  -3.9599999999979829      -0.10190623308190731     
  -3.9399999999979762       -7.9448097854861816E-002
  -3.9199999999979696       -5.6700418981553147E-002
  -3.8999999999979629       -3.3745296097066058E-002
  -3.8799999999979562       -1.0666637006897375E-002
  -3.8599999999979495        1.2450153059890679E-002
  -3.8399999999979428        3.5518494438136677E-002
  -3.8199999999979362        5.8450966899776038E-002
  -3.7999999999979295        8.1159653022693831E-002
  -3.7799999999979228       0.10355648964453992     
  -3.7599999999979161       0.12555362598255460     
  -3.7399999999979094       0.14706378700191547     
  -3.7199999999979028       0.16800064062330028     
  -3.6999999999978961       0.18827916737212747     
  -3.6799999999978894       0.20781603108414903     
  -3.6599999999978827       0.22652994929172551     
  -3.6399999999978760       0.24434206191962329     
  -3.6199999999978694       0.26117629691633948     
  -3.5999999999978627       0.27695973143526265     
  -3.5799999999978560       0.29162294715859799     
  -3.5599999999978493       0.30510037832578579     
  -3.5399999999978427       0.31733065098794783     
  -3.5199999999978360       0.32825691196212059     
  -3.4999999999978293       0.33782714590594898     
  -3.4799999999978226       0.34599447887797724     
  -3.4599999999978159       0.35271746669407444     
  -3.4399999999978093       0.35796036634053546     
  -3.4199999999978026       0.36169338866306366     
  -3.3999999999977959       0.36389293052193306     
  -3.3799999999977892       0.36454178459105413     
  -3.3599999999977825       0.36362932498569855     
  -3.3399999999977759       0.36115166693319101     
  -3.3199999999977692       0.35711179875515503     
  -3.2999999999977625       0.35151968451022358     
  -3.2799999999977558       0.34439233575313744     
  -3.2599999999977491       0.33575385099940736     
  -3.2399999999977425       0.32563542164298265     
  -3.2199999999977358       0.31407530325551997     
  -3.1999999999977291       0.30111875139701921     
  -3.1799999999977224       0.28681792128526290     
  -3.1599999999977157       0.27123173090161623     
  -3.1399999999977091       0.25442568734907250     
  -3.1199999999977024       0.23647167652047754     
  -3.0999999999976957       0.21744771637627033     
  -3.0799999999976890       0.19743767436779677     
  -3.0599999999976824       0.17653094977062214     
  -3.0399999999976757       0.15482212190923891     
  -3.0199999999976690       0.13241056545786023     
  -2.9999999999976623       0.10940003419008258     
  -2.9799999999976556        8.5898214722439359E-002
  -2.9599999999976490        6.2016251953476556E-002
  -2.9399999999976423        3.7868248041936239E-002
  -2.9199999999976356        1.3570736896643317E-002
  -2.8999999999976289       -1.0757863730923477E-002
  -2.8799999999976222       -3.4997820349972140E-002
  -2.8599999999976156       -5.9028669722798355E-002
  -2.8399999999976089       -8.2729820336008966E-002
  -2.8199999999976022      -0.10598116683617201     
  -2.7999999999975955      -0.12866371480819197     
  -2.7799999999975888      -0.15066021316240621     
  -2.7599999999975822      -0.17185579127797862     
  -2.7399999999975755      -0.19213859792536422     
  -2.7199999999975688      -0.21140043886007803     
  -2.6999999999975621      -0.22953740984536847     
  -2.6799999999975554      -0.24645052172518728     
  -2.6599999999975488      -0.26204631403455814     
  -2.6399999999975421      -0.27623745350622675     
  -2.6199999999975354      -0.28894331371518289     
  -2.5999999999975287      -0.30009053200147179     
  -2.5799999999975221      -0.30961353973209721     
  -2.5599999999975154      -0.31745506191011802     
  -2.5399999999975087      -0.32356658211837569     
  -2.5199999999975020      -0.32790876880118436     
  -2.4999999999974953      -0.33045185894366064     
  -2.4799999999974887      -0.33117599530804859     
  -2.4599999999974820      -0.33007151353124736     
  -2.4399999999974753      -0.32713917557851835     
  -2.4199999999974686      -0.32239034628444779     
  -2.3999999999974619      -0.31584710999195958     
  -2.3799999999974553      -0.30754232462072700     
  -2.3599999999974486      -0.29751961085372169     
  -2.3399999999974419      -0.28583327452027940     
  -2.3199999999974352      -0.27254816067052268     
  -2.2999999999974285      -0.25773943827353946     
  -2.2799999999974219      -0.24149231492445936     
  -2.2599999999974152      -0.22390168140774985     
  -2.2399999999974085      -0.20507168643020371     
  -2.2199999999974018      -0.18511524230243537     
  -2.1999999999973952      -0.16415346280818430     
  -2.1799999999973885      -0.14231503495326905     
  -2.1599999999973818      -0.11973552672857447     
  -2.1399999999973751       -9.6556633453020499E-002
  -2.1199999999973684       -7.2925365683117138E-002
  -2.0999999999973618       -4.8993182086451231E-002
  -2.0799999999973551       -2.4915071079140726E-002
  -2.0599999999973484       -8.4858542431388384E-004
  -2.0399999999973417        2.3047165617180190E-002
  -2.0199999999973350        4.6612561598503244E-002
  -1.9999999999973281        6.9688548278978149E-002
  -1.9799999999973212        9.2117741313274742E-002
  -1.9599999999973143       0.11374555004698289     
  -1.9399999999973074       0.13442131481458297     
  -1.9199999999973005       0.15399945071761265     
  -1.8999999999972936       0.17234059044037703     
  -1.8799999999972867       0.18931271824219351     
  -1.8599999999972798       0.20479228685479117     
  -1.8399999999972729       0.21866530861871519     
  -1.8199999999972660       0.23082841182247366     
  -1.7999999999972591       0.24118985287314612     
  -1.7799999999972522       0.24967047463879480     
  -1.7599999999972453       0.25620460107359955     
  -1.7399999999972384       0.26074085807899305     
  -1.7199999999972315       0.26324291048108167     
  -1.6999999999972246       0.26369010502895424     
  -1.6799999999972177       0.26207800945196669     
  -1.6599999999972108       0.25841883786773501     
  -1.6399999999972039       0.25274175321584308     
  -1.6199999999971970       0.24509303791305723     
  -1.5999999999971901       0.23553612459011541     
  -1.5799999999971832       0.22415147958178419     
  -1.5599999999971763       0.21103633280251236     
  -1.5399999999971694       0.19630424874908012     
  -1.5199999999971625       0.18008453462620069     
  -1.4999999999971556       0.16252148298604718     
  -1.4799999999971487       0.14377344780075318     
  -1.4599999999971418       0.12401175453884017     
  -1.4399999999971349       0.10341944658088403     
  -1.4199999999971280        8.2189872173512299E-002
  -1.3999999999971211        6.0525118069127075E-002
  -1.3799999999971142        3.8634298015113894E-002
  -1.3599999999971073        1.6731706322615475E-002
  -1.3399999999971004       -4.9651511585221556E-003
  -1.3199999999970935       -2.6237634226624420E-002
  -1.2999999999970866       -4.6868137153714962E-002
  -1.2799999999970797       -6.6642330574483197E-002
  -1.2599999999970728       -8.5351455877385435E-002
  -1.2399999999970659      -0.10279464964522912     
  -1.2199999999970590      -0.11878127392689294     
  -1.1999999999970521      -0.13313322651477236     
  -1.1799999999970452      -0.14568720398907795     
  -1.1599999999970383      -0.15629688910704331     
  -1.1399999999970314      -0.16483503320077922     
  -1.1199999999970245      -0.17119540364121688     
  -1.0999999999970176      -0.17529456616716885     
  -1.0799999999970107      -0.17707347200724263     
  -1.0599999999970038      -0.17649882027621663     
  -1.0399999999969969      -0.17356416714180153     
  -1.0199999999969900      -0.16829075476402899     
 -0.99999999999698319      -0.16072803503393990     
 -0.97999999999697640      -0.15095386570008357     
 -0.95999999999696961      -0.13907435958151132     
 -0.93999999999696282      -0.12522337122528213     
 -0.91999999999695603      -0.10956160956454768     
 -0.89999999999694924       -9.2275369846718344E-002
 -0.87999999999694245       -7.3574883292947216E-002
 -0.85999999999693566       -5.3692288568437808E-002
 -0.83999999999692887       -3.2879235121024503E-002
 -0.81999999999692208       -1.1404134701126441E-002
 -0.79999999999691529        1.0450916187170622E-002
 -0.77999999999690850        3.2393513646902114E-002
 -0.75999999999690171        5.4124587848812272E-002
 -0.73999999999689492        7.5342266609855907E-002
 -0.71999999999688813        9.5745913164041047E-002
 -0.69999999999688134       0.11504028472825717     
 -0.67999999999687455       0.13293975361302357     
 -0.65999999999686776       0.14917252853934571     
 -0.63999999999686097       0.16348481063667539     
 -0.61999999999685418       0.17564481644139207     
 -0.59999999999684739       0.18544659920373738     
 -0.57999999999684060       0.19271360003840565     
 -0.55999999999683381       0.19730186199214256     
 -0.53999999999682702       0.19910284299680353     
 -0.51999999999682023       0.19804576794542819     
 -0.49999999999681344       0.19409946575776671     
 -0.47999999999680665       0.18727364424324411     
 -0.45999999999679986       0.17761956374282933     
 -0.43999999999679307       0.16523007982263671     
 -0.41999999999678628       0.15023903555486645     
 -0.39999999999677949       0.13281999497944849     
 -0.37999999999677270       0.11318432098879919     
 -0.35999999999676591        9.1578612891760877E-002
 -0.33999999999675912        6.8281531045992938E-002
 -0.31999999999675233        4.3600047943019200E-002
 -0.29999999999674554        1.7865176722253684E-002
 -0.27999999999673875       -8.5727609850243056E-003
 -0.25999999999673196       -3.5349255981693230E-002
 -0.23999999999672514       -6.2091040471851405E-002
 -0.21999999999671832       -8.8421736905744439E-002
 -0.19999999999671150      -0.11396763269790279     
 -0.17999999999670468      -0.13836348273087429     
 -0.15999999999669787      -0.16125823936098574     
 -0.13999999999669105      -0.18232060942061470     
 -0.11999999999668425      -0.20124433950587736     
  -9.9999999996677441E-002 -0.21775313464522578     
  -7.9999999996670637E-002 -0.23160512121164159     
  -5.9999999996663833E-002 -0.24259677257049594     
  -3.9999999996657029E-002 -0.25056622530336631     
  -1.9999999996650222E-002 -0.25539592472969647     
   3.3565858426065631E-012 -0.25701455064010320     
   2.0000000003363393E-002 -0.25539818740170028     
   4.0000000003370201E-002 -0.25057071661518426     
   6.0000000003377005E-002 -0.24260342499438878     
   8.0000000003383809E-002 -0.23161383478856951     
  0.10000000000339061      -0.21776377855880971     
  0.12000000000339742      -0.20125675413963662     
  0.14000000000340423      -0.18233460886399908     
  0.16000000000341105      -0.16127361432228540     
  0.18000000000341787      -0.13838000380844065     
  0.20000000000342469      -0.11398505395532797     
  0.22000000000343151       -8.8439799691846815E-002
  0.24000000000343832       -6.2109477422577435E-002
  0.26000000000344514       -3.5367795138422961E-002
  0.28000000000345193       -8.5911299623053199E-003
  0.30000000000345872        1.7847246586811825E-002
  0.32000000000346551        4.3582817523088326E-002
  0.34000000000347230        6.8265249509501080E-002
  0.36000000000347909        9.1563513993805121E-002
  0.38000000000348588       0.11317061963170733     
  0.40000000000349267       0.13280788409217359     
  0.42000000000349946       0.15022868333806277     
  0.44000000000350625       0.16522162739921215     
  0.46000000000351304       0.17761312324666279     
  0.48000000000351983       0.18726929737118911     
  0.50000000000352662       0.19409726280221581     
  0.52000000000353341       0.19804572731669753     
  0.54000000000354020       0.19910495123658964     
  0.56000000000354699       0.19730607427139385     
  0.58000000000355378       0.19271984112533880     
  0.60000000000356057       0.18545476488046661     
  0.62000000000356736       0.17565477534090232     
  0.64000000000357415       0.16349640646572300     
  0.66000000000358094       0.14918558264741447     
  0.68000000000358773       0.13295406786277342     
  0.70000000000359452       0.11505564461903273     
  0.72000000000360131        9.5762091156999102E-002
  0.74000000000360810        7.5359025601153901E-002
  0.76000000000361490        5.4141684736073337E-002
  0.78000000000362169        3.2410702933848082E-002
  0.80000000000362848        1.0467953571849771E-002
  0.82000000000363527       -1.1387488807714006E-002
  0.84000000000364206       -3.2863212196935374E-002
  0.86000000000364885       -5.3677108751569023E-002
  0.88000000000365564       -7.3560752365178145E-002
  0.90000000000366243       -9.2262476471853316E-002
  0.92000000000366922      -0.10955012281586350     
  0.94000000000367601      -0.12521343843341540     
  0.96000000000368280      -0.13906610452804294     
  0.98000000000368959      -0.15094738717655584     
   1.0000000000036964      -0.16072340578027902     
   1.0200000000037033      -0.16828802079453431     
   1.0400000000037102      -0.17356334746108273     
   1.0600000000037171      -0.17649990698180634     
   1.0800000000037240      -0.17707643077013741     
   1.1000000000037309      -0.17529933707637838     
   1.1200000000037378      -0.17120190239352559     
   1.1400000000037447      -0.16484315261247326     
   1.1600000000037516      -0.15630650092033535     
   1.1800000000037585      -0.14569816094242460     
   1.2000000000037654      -0.13314536464328347     
   1.2200000000037723      -0.11879441505654799     
   1.2400000000037792      -0.10280860404274290     
   1.2600000000037861       -8.5366025016216499E-002
   1.2800000000037930       -6.6657309976752122E-002
   1.3000000000037999       -4.6883319267602419E-002
   1.3200000000038068       -2.6252811299201824E-002
   1.3400000000038137       -4.9801180648802136E-003
   1.3600000000038206        1.6717149331665262E-002
   1.3800000000038275        3.8620342682590215E-002
   1.4000000000038344        6.0511945652180883E-002
   1.4200000000038413        8.2177651145254021E-002
   1.4400000000038482       0.10340833054143161     
   1.4600000000038551       0.12400188035991977     
   1.4800000000038620       0.14376493402455237     
   1.5000000000038689       0.16251442849521505     
   1.5200000000038758       0.18007901759793382     
   1.5400000000038827       0.19630032590218835     
   1.5600000000038896       0.21103403894230791     
   1.5800000000038965       0.22415082744357587     
   1.6000000000039034       0.23553710497814609     
   1.6200000000039103       0.24509562012785849     
   1.6400000000039172       0.25274588575934559     
   1.6600000000039241       0.25842444941200038     
   1.6800000000039310       0.26208501005423313     
   1.7000000000039379       0.26369838757278197     
   1.7200000000039448       0.26325235232081268     
   1.7400000000039517       0.26075132286252367     
   1.7600000000039586       0.25621594071659781     
   1.7800000000039655       0.24968253142203864     
   1.8000000000039724       0.24120246163358836     
   1.8200000000039793       0.23084140220796398     
   1.8400000000039862       0.21867850737605313     
   1.8600000000039931       0.20480552012090444     
   1.8800000000040000       0.18932581380875727     
   1.9000000000040069       0.17235337996306827     
   1.9200000000040138       0.15401177184243647     
   1.9400000000040207       0.13443301319526665     
   1.9600000000040276       0.11375648122929445     
   1.9800000000040345        9.2127772464267538E-002
   2.0000000000040412        6.9697559741518728E-002
   2.0200000000040479        4.6620448254027148E-002
   2.0400000000040546        2.3053838042351636E-002
   2.0600000000040612       -8.4320001848946636E-004
   2.0800000000040679       -2.4911028134251011E-002
   2.1000000000040746       -4.8990519215147479E-002
   2.1200000000040813       -7.2924102421589657E-002
   2.1400000000040880       -9.6556771246954193E-002
   2.1600000000040946      -0.11973704914912928     
   2.1800000000041013      -0.14231790813679213     
   2.2000000000041080      -0.16415763611065348     
   2.2200000000041147      -0.18512064915709464     
   2.2400000000041214      -0.20507824539448702     
   2.2600000000041280      -0.22390929738345194     
   2.2800000000041347      -0.24150088053320481     
   2.3000000000041414      -0.25774883536794985     
   2.3200000000041481      -0.27255826196009747     
   2.3400000000041548      -0.28584394528991580     
   2.3600000000041614      -0.29753071075198534     
   2.3800000000041681      -0.30755370949447297     
   2.4000000000041748      -0.31585863374370066     
   2.4200000000041815      -0.32240186272893762     
   2.4400000000041882      -0.32715054027538698     
   2.4600000000041948      -0.33008258557118608     
   2.4800000000042015      -0.33118663903095952     
   2.5000000000042082      -0.33046194556833891     
   2.5200000000042149      -0.32791817794753314     
   2.5400000000042215      -0.32357520320475119     
   2.5600000000042282      -0.31746279541020944     
   2.5800000000042349      -0.30962029827774123     
   2.6000000000042416      -0.30009624131988305     
   2.6200000000042483      -0.28894791339132320     
   2.6400000000042549      -0.27624089756333320     
   2.6600000000042616      -0.26204857132819587     
   2.6800000000042683      -0.24645157614858268     
   2.7000000000042750      -0.22953726034613098     
   2.7200000000042817      -0.21139909927075570     
   2.7400000000042883      -0.19213609661253983     
   2.7600000000042950      -0.17185217061678490     
   2.7800000000043017      -0.15065552884538477     
   2.8000000000043084      -0.12865803499933934     
   2.8200000000043151      -0.10597457118275005     
   2.8400000000043217       -8.2722398852273157E-002
   2.8600000000043284       -5.9020521561150369E-002
   2.8800000000043351       -3.4989052476197199E-002
   2.9000000000043418       -1.0748589521101944E-002
   2.9200000000043485        1.3580399119267375E-002
   2.9400000000043551        3.7878176511387314E-002
   2.9600000000043618        6.2026322987819148E-002
   2.9800000000043685        8.5908304253934670E-002
   3.0000000000043752       0.10941001928003626     
   3.0200000000043818       0.13242032577792268     
   3.0400000000043885       0.15483154117162154     
   3.0600000000043952       0.17653991709057537     
   3.0800000000044019       0.19744608554276757     
   3.1000000000044086       0.21745547506742230     
   3.1200000000044152       0.23647869532364335     
   3.1400000000044219       0.25443188874374972     
   3.1600000000044286       0.27123704806827370     
   3.1800000000044353       0.28682229878294385     
   3.2000000000044420       0.30112214569505585     
   3.2200000000044486       0.31407768311501122     
   3.2400000000044553       0.32563676834555977     
   3.2600000000044620       0.33575415842268552     
   3.2800000000044687       0.34439161029410659     
   3.3000000000044754       0.35151794485962046     
   3.3200000000044820       0.35710907552760207     
   3.3400000000044887       0.36114800215954790     
   3.3600000000044954       0.36362477147561034     
   3.3800000000045021       0.36453640517511082     
   3.4000000000045087       0.36388679718415212     
   3.4200000000045154       0.36168658157556388     
   3.4400000000045221       0.35795297281323557     
   3.4600000000045288       0.35270958005309588     
   3.4800000000045355       0.34598619728706365     
   3.5000000000045421       0.33781857114567898     
   3.5200000000045488       0.32824814818198988     
   3.5400000000045555       0.31732180344647726     
   3.5600000000045622       0.30509155213375699     
   3.5800000000045689       0.29161424604023972     
   3.6000000000045755       0.27695125652179514     
   3.6200000000045822       0.26116814558569168     
   3.6400000000045889       0.24433432669538754     
   3.6600000000045956       0.22652271681351416     
   3.6800000000046023       0.20780938116052575     
   3.7000000000046089       0.18827317212610586     
   3.7200000000046156       0.16799536373920063     
   3.7400000000046223       0.14705928308102079     
   3.7600000000046290       0.12554994001362371     
   3.7800000000046357       0.10355365659379130     
   3.8000000000046423        8.1157697546390739E-002
   3.8200000000046490        5.8449903181060893E-002
   3.8400000000046557        3.5518326148267880E-002
   3.8600000000046624        1.2450873442571104E-002
   3.8800000000046690       -1.0665044930835919E-002
   3.9000000000046757       -3.3742859208734655E-002
   3.9200000000046824       -5.6697173632250353E-002
   3.9400000000046891       -7.9444089330111906E-002
   3.9600000000046958      -0.10190151496904946     
   3.9800000000047024      -0.12398946386879421     
   4.0000000000047091      -0.14563033634751080     
   4.0200000000047158      -0.16674918614913142     
   4.0400000000047225      -0.18727396990649808     
   4.0600000000047292      -0.20713577871214578     
   4.0800000000047358      -0.22626905100006986     
   4.1000000000047425      -0.24461176608433249     
   4.1200000000047492      -0.26210561785091563     
   4.1400000000047559      -0.27869616825438337     
   4.1600000000047626      -0.29433298042716499     
   4.1800000000047692      -0.30896973136295752     
   4.2000000000047759      -0.32256430428342669     
   4.2200000000047826      -0.33507886093574568     
   4.2400000000047893      -0.34647989419485087     
   4.2600000000047960      -0.35673826145618814     
   4.2800000000048026      -0.36582919940055175     
   4.3000000000048093      -0.37373232079136703     
   4.3200000000048160      -0.38043159402604648     
   4.3400000000048227      -0.38591530620734704     
   4.3600000000048293      -0.39017601052889844     
   4.3800000000048360      -0.39321045878297234     
   4.4000000000048427      -0.39501951980021144     
   4.4200000000048494      -0.39560808462294594     
   4.4400000000048561      -0.39498495919865184     
   4.4600000000048627      -0.39316274536094131     
   4.4800000000048694      -0.39015771084499340     
   4.5000000000048761      -0.38598964906527017     
   4.5200000000048828      -0.38068172936796363     
   4.5400000000048895      -0.37426033846088891     
   4.5600000000048961      -0.36675491372090241     
   4.5800000000049028      -0.35819776908413858     
   4.6000000000049095      -0.34862391423781319     
   4.6200000000049162      -0.33807086785352075     
   4.6400000000049229      -0.32657846563007042     
   4.6600000000049295      -0.31418866394731848     
   4.6800000000049362      -0.30094533996940104     
   4.7000000000049429      -0.28689408907384800     
   4.7200000000049496      -0.27208202051988928     
   4.7400000000049562      -0.25655755230212962     
   4.7600000000049629      -0.24037020616222757     
   4.7800000000049696      -0.22357040374876941     
   4.8000000000049763      -0.20620926492213337     
   4.8200000000049830      -0.18833840919504491     
   4.8400000000049896      -0.17000976127951020     
   4.8600000000049963      -0.15127536167619038     
   4.8800000000050030      -0.13218718319297545     
   4.9000000000050097      -0.11279695421600018     
   4.9200000000050164       -9.3155989479775547E-002
   4.9400000000050230       -7.3315028995050893E-002
   4.9600000000050297       -5.3324085695652418E-002
   4.9800000000050364       -3.3232302261310999E-002
   5.0000000000050431       -1.3087817465196454E-002
   5.0200000000050498        7.0623577145690290E-003
   5.0400000000050564        2.7172454087785437E-002
   5.0600000000050631        4.7198048320747657E-002
   5.0800000000050698        6.7096157147472288E-002
   5.1000000000050765        8.6825321876504311E-002
   5.1200000000050832       0.10634568342067423     
   5.1400000000050898       0.12561904813865502     
   5.1600000000050965       0.14460894482483574     
   5.1800000000051032       0.16328067321759024     
   5.2000000000051099       0.18160134441576534     
   5.2200000000051165       0.19953991359996634     
   5.2400000000051232       0.21706720545029029     
   5.2600000000051299       0.23415593263734591     
   5.2800000000051366       0.25078070774068473     
   5.3000000000051433       0.26691804892061843     
   5.3200000000051499       0.28254637963803753     
   5.3400000000051566       0.29764602268495127     
   5.3600000000051633       0.31219918875807257     
   5.3800000000051700       0.32618995978132265     
   5.4000000000051767       0.33960426716201109     
   5.4200000000051833       0.35242986515152708     
   5.4400000000051900       0.36465629947510997     
   5.4600000000051967       0.37627487139763588     
   5.4800000000052034       0.38727859740280685     
   5.5000000000052101       0.39766216468172855     
   5.5200000000052167       0.40742188265200158     
   5.5400000000052234       0.41655563075942870     
   5.5600000000052301       0.42506280284896281     
   5.5800000000052368       0.43294424842820034     
   5.6000000000052435       0.44020221118297514     
   5.6200000000052501       0.44684026513889735     
   5.6400000000052568       0.45286324889234697     
   5.6600000000052635       0.45827719835825026     
   5.6800000000052702       0.46308927849770787     
   5.7000000000052768       0.46730771449554470     
   5.7200000000052835       0.47094172285457819     
   5.7400000000052902       0.47400144286012341     
   5.7600000000052969       0.47649786884433909     
   5.7800000000053036       0.47844278364644194     
   5.8000000000053102       0.47984869362220123     
   5.8200000000053169       0.48072876550605176     
   5.8400000000053236       0.48109676537293761     
   5.8600000000053303       0.48096699988709130     
   5.8800000000053370       0.48035425996279268     
   5.9000000000053436       0.47927376690069640     
   5.9200000000053503       0.47774112100395794     
   5.9400000000053570       0.47577225262395784     
   5.9600000000053637       0.47338337553711535     
   5.9800000000053704       0.47059094251428341     
   6.0000000000053770       0.46741160291323880     
   6.0200000000053837       0.46386216210412118     
   6.0400000000053904       0.45995954252741611     
   6.0600000000053971       0.45572074618438890     
   6.0800000000054037       0.45116281837013716     
   6.1000000000054104       0.44630281247890108     
   6.1200000000054171       0.44115775573852894     
   6.1400000000054238       0.43574461576462387     
   6.1600000000054305       0.43008026786295422     
   6.1800000000054371       0.42418146304938159     
   6.2000000000054438       0.41806479679759639     
   6.2200000000054505       0.41174667856470037     
   6.2400000000054572       0.40524330218075300     
   6.2600000000054639       0.39857061721969822     
   6.2800000000054705       0.39174430149355488     
   6.3000000000054772       0.38477973482888822     
   6.3200000000054839       0.37769197429306489     
   6.3400000000054906       0.37049573103785616     
   6.3600000000054973       0.36320534891909390     
   6.3800000000055039       0.35583478503430677     
   6.4000000000055106       0.34839759229587941     
   6.4200000000055173       0.34090690412694630     
   6.4400000000055240       0.33337542133186587     
   6.4600000000055307       0.32581540115483998     
   6.4800000000055373       0.31823864850035294     
   6.5000000000055440       0.31065650924977339     
   6.5200000000055507       0.30307986557112965     
   6.5400000000055574       0.29551913308560679     
   6.5600000000055640       0.28798425972606767     
   6.5800000000055707       0.28048472610102704     
   6.6000000000055774       0.27302954716305627     
   6.6200000000055841       0.26562727497391214     
   6.6400000000055908       0.25828600236019295     
   6.6600000000055974       0.25101336726261630     
   6.6800000000056041       0.24381655759882975     
   6.7000000000056108       0.23670231648285872     
   6.7200000000056175       0.22967694767304755     
   6.7400000000056242       0.22274632115299745     
   6.7600000000056308       0.21591587878525750     
   6.7800000000056375       0.20919064001357854     
   6.8000000000056442       0.20257520762484835     
   6.8200000000056509       0.19607377361472605     
   6.8400000000056576       0.18969012523002629     
   6.8600000000056642       0.18342765128474511     
   6.8800000000056709       0.17728934886427050     
   6.9000000000056776       0.17127783054289769     
   6.9200000000056843       0.16539533224296535     
   6.9400000000056909       0.15964372185947753     
   6.9600000000056976       0.15402450876230186     
   6.9800000000057043       0.14853885426941540     
   7.0000000000057110       0.14318758316008409     
   7.0200000000057177       0.13797119626735557     
   7.0400000000057243       0.13288988415620223     
   7.0600000000057310       0.12794354185843126     
   7.0800000000057377       0.12313178459972017     
   7.1000000000057444       0.11845396441929999     
   7.1200000000057511       0.11390918755050483     
   7.1400000000057577       0.10949633240192576     
   7.1600000000057644       0.10521406795557124     
   7.1800000000057711       0.10106087238114025     
   7.2000000000057778        9.7035051655095503E-002
   7.2200000000057845        9.3134757970014137E-002
   7.2400000000057911        8.9358007723924077E-002
   7.2600000000057978        8.5702698890716147E-002
   7.2800000000058045        8.2166627590888844E-002
   7.3000000000058112        7.8747503705957525E-002
   7.3200000000058179        7.5442965408938703E-002
   7.3400000000058245        7.2250592516139578E-002
   7.3600000000058312        6.9167918600746947E-002
   7.3800000000058379        6.6192441844960731E-002
   7.4000000000058446        6.3321634643238575E-002
   7.4200000000058512        6.0552952003175911E-002
   7.4400000000058579        5.7883838821347330E-002
   7.4600000000058646        5.5311736137904972E-002
   7.4800000000058713        5.2834086494931425E-002
   7.5000000000058780        5.0448338538713257E-002
   7.5200000000058846        4.8151951014828304E-002
   7.5400000000058913        4.5942396306989250E-002
   7.5600000000058980        4.3817163666105927E-002
   7.5800000000059047        4.1773762265354127E-002
   7.6000000000059114        3.9809724200841168E-002
   7.6200000000059180        3.7922607536537194E-002
   7.6400000000059247        3.6109999467604084E-002
   7.6600000000059314        3.4369519649199889E-002
   7.6800000000059381        3.2698823709596092E-002
   7.7000000000059448        3.1095606938257764E-002
   7.7200000000059514        2.9557608112704237E-002
   7.7400000000059581        2.8082613403656084E-002
   7.7600000000059648        2.6668460277268428E-002
   7.7800000000059715        2.5313041297011084E-002
   7.8000000000059782        2.4014307716704850E-002
   7.8200000000059848        2.2770272750771696E-002
   7.8400000000059915        2.1579014408146489E-002
   7.8600000000059982        2.0438677782445867E-002
   7.8800000000060049        1.9347476702616606E-002
   7.9000000000060115        1.8303694664851277E-002
   7.9200000000060182        1.7305684987318673E-002
   7.9400000000060249        1.6351870153306303E-002
   7.9600000000060316        1.5440740334654474E-002
   7.9800000000060383        1.4570851114749444E-002
   8.0000000000060449        1.3740820457658417E-002
   8.0200000000060516        1.2949324996072986E-002
   8.0400000000060583        1.2195095734476623E-002
   8.0600000000060650        1.1476913284365826E-002
   8.0800000000060717        1.0793602764589761E-002
   8.1000000000060783        1.0144028511245431E-002
   8.1200000000060850        9.5270887476245902E-003
   8.1400000000060917        8.9417103651920991E-003
   8.1600000000060984        8.3868439614890374E-003
   8.1800000000061051        7.8614592703984167E-003
   8.2000000000061117        7.3645411048260763E-003
   8.2200000000061184        6.8950859121650896E-003
   8.2400000000061251        6.4520990197206871E-003
   8.2600000000061318        6.0345926215136956E-003
   8.2800000000061384        5.6415845305778228E-003
   8.3000000000061451        5.2720976930986617E-003
   8.3200000000061518        4.9251604335986982E-003
   8.3400000000061585        4.5998073748998568E-003
   8.3600000000061652        4.2950809537641030E-003
   8.3800000000061718        4.0100334337772343E-003
   8.4000000000061785        3.7437293019006736E-003
   8.4200000000061852        3.4952479247005812E-003
   8.4400000000061919        3.2636863348978638E-003
   8.4600000000061986        3.0481620186939302E-003
   8.4800000000062052        2.8478155792298065E-003
   8.5000000000062119        2.6618131612414471E-003
   8.5200000000062186        2.4893485360113071E-003
   8.5400000000062253        2.3296447634406168E-003
   8.5600000000062320        2.1819553687040978E-003
   8.5800000000062386        2.0455649936165091E-003
   8.6000000000062453        1.9197895065854878E-003
   8.6200000000062520        1.8039755788742259E-003
   8.6400000000062587        1.6974997578833105E-003
   8.6600000000062654        1.5997670893636083E-003
   8.6800000000062720        1.5102093590678824E-003
   8.7000000000062787        1.4282830396210703E-003
   8.7200000000062854        1.3534670397709926E-003
   8.7400000000062921        1.2852603602745603E-003
   8.7600000000062987        1.2231797632524177E-003
   8.7800000000063054        1.1667575598724854E-003
   8.8000000000063121        1.1155396148441626E-003
   8.8200000000063188        1.0690836557440582E-003
   8.8400000000063255        1.0269579611299246E-003
   8.8600000000063321        9.8874048435251089E-004
   8.8800000000063388        9.5401845067576618E-004
   8.9000000000063455        9.2238844457555411E-004
   8.9200000000063522        8.9345698276444626E-004
   8.9400000000063589        8.6684154745426392E-004
   8.9600000000063655        8.4217203446886220E-004
   8.9800000000063722        8.1909255284784638E-004
   9.0000000000063789        7.9726349724129131E-004
   9.0200000000063856        7.7636380228184997E-004
   9.0400000000063923        7.5609327968559630E-004
   9.0600000000063989        7.3617493438711079E-004
   9.0800000000064056        7.1635715569649068E-004
   9.1000000000064123        6.9641568326134608E-004
   9.1200000000064190        6.7615525533777025E-004
   9.1400000000064257        6.5541085819071710E-004
   9.1600000000064323        6.3404850988314299E-004
   9.1800000000064390        6.1196552868690427E-004
   9.2000000000064457        5.8909025517739876E-004
   9.2200000000064524        5.6538121701397482E-004
   9.2400000000064590        5.4082574568202393E-004
   9.2600000000064657        5.1543807429626587E-004
   9.2800000000064724        4.8925696418593051E-004
   9.3000000000064791        4.6234292469906593E-004
   9.3200000000064858        4.3477510486022747E-004
   9.3400000000064924        4.0664794667854632E-004
   9.3600000000064991        3.7806769764293599E-004
   9.3800000000065058        3.4914888400369557E-004
   9.4000000000065125        3.2001084671508164E-004
   9.4200000000065192        2.9077443843788224E-004
   9.4400000000065258        2.6155897295260331E-004
   9.4600000000065325        2.3247950802493723E-004
   9.4800000000065392        2.0364452962669897E-004
   9.5000000000065459        1.7515408998045666E-004
   9.5200000000065526        1.4709843477624373E-004
   9.5400000000065592        1.1955713677097534E-004
   9.5600000000065659        9.2598734521461839E-005
   9.5800000000065726        6.6280856916382425E-005
   9.6000000000065793        4.0650797134488177E-005
   9.6200000000065859        1.5746484289448429E-005
   9.6400000000065926       -8.4022121274218244E-006
   9.6600000000065993       -3.1771920363461263E-005
   9.6800000000066060       -5.4344029879568627E-005
   9.7000000000066127       -7.6102867166328935E-005
   9.7200000000066193       -9.7033871704766940E-005
   9.7400000000066260       -1.1712185735798276E-004
   9.7600000000066327       -1.3634943877221259E-004
   9.7800000000066394       -1.5469569373608363E-004
   9.8000000000066461       -1.7213512126481426E-004
   9.8200000000066527       -1.8863694190504271E-004
   9.8400000000066594       -2.0416477192758252E-004
   9.8600000000066661       -2.1867668727261811E-004
   9.8800000000066728       -2.3212567694366623E-004
   9.9000000000066795       -2.4446046962819576E-004
   9.9200000000066861       -2.5562670224680244E-004
   9.9400000000066928       -2.6556838545566743E-004
   9.9600000000066995       -2.7422960933933790E-004
   9.9800000000067062       -2.8155642305002993E-004
