  -10.000000000000000        4.1240234064740366E-005
  -9.9799999999999933        5.3134352804050795E-005
  -9.9599999999999866        6.4824969790425944E-005
  -9.9399999999999800        7.6247915834142305E-005
  -9.9199999999999733        8.7342293779120786E-005
  -9.8999999999999666        9.8050978492204849E-005
  -9.8799999999999599        1.0832097533951487E-004
  -9.8599999999999532        1.1810363170213607E-004
  -9.8399999999999466        1.2735470186343536E-004
  -9.8199999999999399        1.3603427139266953E-004
  -9.7999999999999332        1.4410655273134354E-004
  -9.7799999999999265        1.5153956884207811E-004
  -9.7599999999999199        1.5830474629889156E-004
  -9.7399999999999132        1.6437644290000968E-004
  -9.7199999999999065        1.6973143761388540E-004
  -9.6999999999998998        1.7434841230648459E-004
  -9.6799999999998931        1.7820745516397506E-004
  -9.6599999999998865        1.8128961498336551E-004
  -9.6399999999998798        1.8357653356621109E-004
  -9.6199999999998731        1.8505018037382143E-004
  -9.5999999999998664        1.8569270948865353E-004
  -9.5799999999998597        1.8548645392116021E-004
  -9.5599999999998531        1.8441406658365139E-004
  -9.5399999999998464        1.8245881103660388E-004
  -9.5199999999998397        1.7960499863179603E-004
  -9.4999999999998330        1.7583856217988835E-004
  -9.4799999999998263        1.7114775001182355E-004
  -9.4599999999998197        1.6552391853182609E-004
  -9.4399999999998130        1.5896239630950308E-004
  -9.4199999999998063        1.5146338863832631E-004
  -9.3999999999997996        1.4303288847627426E-004
  -9.3799999999997929        1.3368355791735988E-004
  -9.3599999999997863        1.2343554391189409E-004
  -9.3399999999997796        1.1231719289902556E-004
  -9.3199999999997729        1.0036563132471267E-004
  -9.2999999999997662        8.7627182627099173E-005
  -9.2799999999997596        7.4157596061994171E-005
  -9.2599999999997529        6.0022068548951314E-005
  -9.2399999999997462        4.5295047338023135E-005
  -9.2199999999997395        3.0059808485980151E-005
  -9.1999999999997328        1.4407813623820669E-005
  -9.1799999999997262       -1.5621449889608026E-006
  -9.1599999999997195       -1.7744993878335332E-005
  -9.1399999999997128       -3.4030598289838256E-005
  -9.1199999999997061       -5.0305122798111469E-005
  -9.0999999999996994       -6.6452497892117163E-005
  -9.0799999999996928       -8.2355954219341624E-005
  -9.0599999999996861       -9.7899583940863632E-005
  -9.0399999999996794       -1.1296988790292953E-004
  -9.0199999999996727       -1.2745726810624097E-004
  -8.9999999999996660       -1.4125742723335098E-004
  -8.9799999999996594       -1.5427264069527909E-004
  -8.9599999999996527       -1.6641287164506749E-004
  -8.9399999999996460       -1.7759670548701852E-004
  -8.9199999999996393       -1.8775208735048336E-004
  -8.8999999999996326       -1.9681685352512424E-004
  -8.8799999999996260       -2.0473905566938775E-004
  -8.8599999999996193       -2.1147708439522942E-004
  -8.8399999999996126       -2.1699960628225576E-004
  -8.8199999999996059       -2.2128533518075966E-004
  -8.7999999999995993       -2.2432266454301548E-004
  -8.7799999999995926       -2.2610919223063771E-004
  -8.7599999999995859       -2.2665117258054436E-004
  -8.7399999999995792       -2.2596293232869224E-004
  -8.7199999999995725       -2.2406628720210889E-004
  -8.6999999999995659       -2.2098999457675060E-004
  -8.6799999999995592       -2.1676927460876545E-004
  -8.6599999999995525       -2.1144542779301032E-004
  -8.6399999999995458       -2.0506557116073152E-004
  -8.6199999999995391       -1.9768250853065213E-004
  -8.5999999999995325       -1.8935474265368774E-004
  -8.5799999999995258       -1.8014662905594533E-004
  -8.5599999999995191       -1.7012866322979690E-004
  -8.5399999999995124       -1.5937788489520655E-004
  -8.5199999999995057       -1.4797837570441186E-004
  -8.4999999999994991       -1.3602182031457804E-004
  -8.4799999999994924       -1.2360809550672548E-004
  -8.4599999999994857       -1.1084584822972343E-004
  -8.4399999999994790       -9.7853021295828395E-005
  -8.4199999999994724       -8.4757285072927126E-005
  -8.3999999999994657       -7.1696334970710186E-005
  -8.3799999999994590       -5.8818017782996286E-005
  -8.3599999999994523       -4.6280254936189127E-005
  -8.3399999999994456       -3.4250737236249925E-005
  -8.3199999999994390       -2.2906373573587057E-005
  -8.2999999999994323       -1.2432484942015650E-005
  -8.2799999999994256       -3.0217447191481693E-006
  -8.2599999999994189        5.1271239359275778E-006
  -8.2399999999994122        1.1810872875902775E-005
  -8.2199999999994056        1.6823445891276699E-005
  -8.1999999999993989        1.9957849199121404E-005
  -8.1799999999993922        2.1008129618013801E-005
  -8.1599999999993855        1.9771408766275600E-005
  -8.1399999999993788        1.6049917603536840E-005
  -8.1199999999993722        9.6529735758669604E-006
  -8.0999999999993655        3.9884262626445225E-007
  -8.0799999999993588       -1.1883569576500359E-005
  -8.0599999999993521       -2.7353248718819212E-005
  -8.0399999999993454       -4.6155870758217370E-005
  -8.0199999999993388       -6.8422906529194759E-005
  -7.9999999999993321       -9.4271060853586065E-005
  -7.9799999999993254       -1.2380206490221978E-004
  -7.9599999999993187       -1.5710282985890292E-004
  -7.9399999999993121       -1.9424595903309624E-004
  -7.9199999999993054       -2.3529060488728089E-004
  -7.8999999999992987       -2.8028364741932538E-004
  -7.8799999999992920       -3.2926116136455482E-004
  -7.8599999999992853       -3.8225013212061203E-004
  -7.8399999999992787       -4.3927037445022708E-004
  -7.8199999999992720       -5.0033660411151460E-004
  -7.7999999999992653       -5.6546061075241831E-004
  -7.7799999999992586       -6.3465348074530283E-004
  -7.7599999999992519       -7.0792782109432124E-004
  -7.7399999999992453       -7.8529994000183987E-004
  -7.7199999999992386       -8.6679194591694384E-004
  -7.6999999999992319       -9.5243373461995182E-004
  -7.6799999999992252       -1.0422648427654889E-003
  -7.6599999999992185       -1.1363361559028602E-003
  -7.6399999999992119       -1.2347114688734996E-003
  -7.6199999999992052       -1.3374689061902882E-003
  -7.5999999999991985       -1.4447022190780194E-003
  -7.5799999999991918       -1.5565219838653949E-003
  -7.5599999999991851       -1.6730567329790802E-003
  -7.5399999999991785       -1.7944540545748869E-003
  -7.5199999999991718       -1.9208816995934601E-003
  -7.4999999999991651       -2.0525287355928992E-003
  -7.4799999999991584       -2.1896067850183643E-003
  -7.4599999999991518       -2.3323513816544349E-003
  -7.4399999999991451       -2.4810234730107614E-003
  -7.4199999999991384       -2.6359110885427108E-003
  -7.3999999999991317       -2.7973311842335049E-003
  -7.3799999999991250       -2.9656316635542656E-003
  -7.3599999999991184       -3.1411935636313747E-003
  -7.3399999999991117       -3.3244333840810681E-003
  -7.3199999999991050       -3.5158055249323709E-003
  -7.2999999999990983       -3.7158047898621623E-003
  -7.2799999999990916       -3.9249689020955788E-003
  -7.2599999999990850       -4.1438809732154995E-003
  -7.2399999999990783       -4.3731718601497573E-003
  -7.2199999999990716       -4.6135223430453015E-003
  -7.1999999999990649       -4.8656650567836255E-003
  -7.1799999999990582       -5.1303861116181989E-003
  -7.1599999999990516       -5.4085263437885240E-003
  -7.1399999999990449       -5.7009821448366490E-003
  -7.1199999999990382       -6.0087058284640201E-003
  -7.0999999999990315       -6.3327055057615812E-003
  -7.0799999999990249       -6.6740444530812605E-003
  -7.0599999999990182       -7.0338399711834011E-003
  -7.0399999999990115       -7.4132617490312485E-003
  -7.0199999999990048       -7.8135297601364152E-003
  -6.9999999999989981       -8.2359117331017480E-003
  -6.9799999999989915       -8.6817202504134387E-003
  -6.9599999999989848       -9.1523095400965274E-003
  -6.9399999999989781       -9.6490720331379089E-003
  -6.9199999999989714       -1.0173434765260773E-002
  -6.8999999999989647       -1.0726855704470385E-002
  -6.8799999999989581       -1.1310820085672586E-002
  -6.8599999999989514       -1.1926836830599875E-002
  -6.8399999999989447       -1.2576435125402401E-002
  -6.8199999999989380       -1.3261161219823566E-002
  -6.7999999999989313       -1.3982575501244572E-002
  -6.7799999999989247       -1.4742249884505306E-002
  -6.7599999999989180       -1.5541765544815851E-002
  -6.7399999999989113       -1.6382711006849054E-002
  -6.7199999999989046       -1.7266680588846985E-002
  -6.6999999999988979       -1.8195273186895691E-002
  -6.6799999999988913       -1.9170091371989575E-002
  -6.6599999999988846       -2.0192740761643693E-002
  -6.6399999999988779       -2.1264829619065149E-002
  -6.6199999999988712       -2.2387968626596678E-002
  -6.5999999999988646       -2.3563770776539480E-002
  -6.5799999999988579       -2.4793851321638236E-002
  -6.5599999999988512       -2.6079827729452169E-002
  -6.5399999999988445       -2.7423319589375984E-002
  -6.5199999999988378       -2.8825948427934844E-002
  -6.4999999999988312       -3.0289337396764825E-002
  -6.4799999999988245       -3.1815110807908484E-002
  -6.4599999999988178       -3.3404893502157078E-002
  -6.4399999999988111       -3.5060310047532781E-002
  -6.4199999999988044       -3.6782983776016027E-002
  -6.3999999999987978       -3.8574535676656217E-002
  -6.3799999999987911       -4.0436583171696495E-002
  -6.3599999999987844       -4.2370738808781790E-002
  -6.3399999999987777       -4.4378608906289446E-002
  -6.3199999999987710       -4.6461792190032443E-002
  -6.2999999999987644       -4.8621878457860222E-002
  -6.2799999999987577       -5.0860447303999412E-002
  -6.2599999999987510       -5.3179066927450204E-002
  -6.2399999999987443       -5.5579293038640114E-002
  -6.2199999999987376       -5.8062667866245636E-002
  -6.1999999999987310       -6.0630719252100507E-002
  -6.1799999999987243       -6.3284959807061253E-002
  -6.1599999999987176       -6.6026886085244027E-002
  -6.1399999999987109       -6.8857977718921409E-002
  -6.1199999999987043       -7.1779696442279592E-002
  -6.0999999999986976       -7.4793484919915373E-002
  -6.0799999999986909       -7.7900765286018928E-002
  -6.0599999999986842       -8.1102937293230926E-002
  -6.0399999999986775       -8.4401375966603992E-002
  -6.0199999999986709       -8.7797428658280857E-002
  -5.9999999999986642       -9.1292411402554396E-002
  -5.9799999999986575       -9.4887604478935461E-002
  -5.9599999999986508       -9.8584247102524447E-002
  -5.9399999999986441      -0.10238353117607010     
  -5.9199999999986375      -0.10628659405610957     
  -5.8999999999986308      -0.11029451030594982     
  -5.8799999999986241      -0.11440828243022111     
  -5.8599999999986174      -0.11862883060860666     
  -5.8399999999986107      -0.12295698146922615     
  -5.8199999999986041      -0.12739345596427876     
  -5.7999999999985974      -0.13193885643108635     
  -5.7799999999985907      -0.13659365293993458     
  -5.7599999999985840      -0.14135816904541898     
  -5.7399999999985774      -0.14623256706990548     
  -5.7199999999985707      -0.15121683305581246     
  -5.6999999999985640      -0.15631076152756065     
  -5.6799999999985573      -0.16151394020415957     
  -5.6599999999985506      -0.16682573479969379     
  -5.6399999999985440      -0.17224527404173764     
  -5.6199999999985373      -0.17777143502742485     
  -5.5999999999985306      -0.18340282902416194     
  -5.5799999999985239      -0.18913778780742860     
  -5.5599999999985172      -0.19497435061262194     
  -5.5399999999985106      -0.20091025176214558     
  -5.5199999999985039      -0.20694290901381934     
  -5.4999999999984972      -0.21306941266283885     
  -5.4799999999984905      -0.21928651541768587     
  -5.4599999999984838      -0.22559062306105568     
  -5.4399999999984772      -0.23197778590048940     
  -5.4199999999984705      -0.23844369101019153     
  -5.3999999999984638      -0.24498365526555929     
  -5.3799999999984571      -0.25159261917514492     
  -5.3599999999984504      -0.25826514152084346     
  -5.3399999999984438      -0.26499539482555839     
  -5.3199999999984371      -0.27177716167799648     
  -5.2999999999984304      -0.27860383195565647     
  -5.2799999999984237      -0.28546840099901605     
  -5.2599999999984171      -0.29236346880131037     
  -5.2399999999984104      -0.29928124028850378     
  -5.2199999999984037      -0.30621352677217528     
  -5.1999999999983970      -0.31315174866350909     
  -5.1799999999983903      -0.32008693953864953     
  -5.1599999999983837      -0.32700975164408724     
  -5.1399999999983770      -0.33391046292510695     
  -5.1199999999983703      -0.34077898565063303     
  -5.0999999999983636      -0.34760487669416756     
  -5.0799999999983569      -0.35437734951326894     
  -5.0599999999983503      -0.36108528784964722     
  -5.0399999999983436      -0.36771726114916908     
  -5.0199999999983369      -0.37426154167665598     
  -4.9999999999983302      -0.38070612327529080     
  -4.9799999999983235      -0.38703874169561997     
  -4.9599999999983169      -0.39324689639566451     
  -4.9399999999983102      -0.39931787369241406     
  -4.9199999999983035      -0.40523877112690693     
  -4.8999999999982968      -0.41099652289102939     
  -4.8799999999982901      -0.41657792615462302     
  -4.8599999999982835      -0.42196966812705039     
  -4.8399999999982768      -0.42715835368814492     
  -4.8199999999982701      -0.43213053342957436     
  -4.7999999999982634      -0.43687273195880122     
  -4.7799999999982568      -0.44137147633364260     
  -4.7599999999982501      -0.44561332451522112     
  -4.7399999999982434      -0.44958489375009164     
  -4.7199999999982367      -0.45327288881756800     
  -4.6999999999982300      -0.45666413010462992     
  -4.6799999999982234      -0.45974558149725941     
  -4.6599999999982167      -0.46250437810238920     
  -4.6399999999982100      -0.46492785383792040     
  -4.6199999999982033      -0.46700356894833384     
  -4.5999999999981966      -0.46871933751956246     
  -4.5799999999981900      -0.47006325507832214     
  -4.5599999999981833      -0.47102372636746292     
  -4.5399999999981766      -0.47158949339000211     
  -4.5199999999981699      -0.47174966381022937     
  -4.4999999999981632      -0.47149373979089682     
  -4.4799999999981566      -0.47081164733151210     
  -4.4599999999981499      -0.46969376615473896     
  -4.4399999999981432      -0.46813096016673200     
  -4.4199999999981365      -0.46611460849385133     
  -4.3999999999981299      -0.46363663707357411     
  -4.3799999999981232      -0.46068955075271606     
  -4.3599999999981165      -0.45726646582218067     
  -4.3399999999981098      -0.45336114289546975     
  -4.3199999999981031      -0.44896802001884728     
  -4.2999999999980965      -0.44408224588506540     
  -4.2799999999980898      -0.43869971301042993     
  -4.2599999999980831      -0.43281709072692620     
  -4.2399999999980764      -0.42643185783722198     
  -4.2199999999980697      -0.41954233478035391     
  -4.1999999999980631      -0.41214771515946597     
  -4.1799999999980564      -0.40424809648933763     
  -4.1599999999980497      -0.39584451003004201     
  -4.1399999999980430      -0.38693894958280556     
  -4.1199999999980363      -0.37753439913416564     
  -4.0999999999980297      -0.36763485924385397     
  -4.0799999999980230      -0.35724537207938972     
  -4.0599999999980163      -0.34637204500549179     
  -4.0399999999980096      -0.33502207263819045     
  -4.0199999999980029      -0.32320375727156408     
  -3.9999999999979963      -0.31092652757894579     
  -3.9799999999979896      -0.29820095548019593     
  -3.9599999999979829      -0.28503877105244202     
  -3.9399999999979762      -0.27145287534397378     
  -3.9199999999979696      -0.25745735093046307     
  -3.8999999999979629      -0.24306747003028881     
  -3.8799999999979562      -0.22829969997259164     
  -3.8599999999979495      -0.21317170578901010     
  -3.8399999999979428      -0.19770234967918063     
  -3.8199999999979362      -0.18191168708237790     
  -3.7999999999979295      -0.16582095907443242     
  -3.7799999999979228      -0.14945258080147494     
  -3.7599999999979161      -0.13283012566116559     
  -3.7399999999979094      -0.11597830494868977     
  -3.7199999999979028       -9.8922942699469829E-002
  -3.6999999999978961       -8.1690945483520377E-002
  -3.6799999999978894       -6.4310266937613922E-002
  -3.6599999999978827       -4.6809866860502813E-002
  -3.6399999999978760       -2.9219664742723771E-002
  -3.6199999999978694       -1.1570487654947498E-002
  -3.5999999999978627        6.1059875237441325E-003
  -3.5799999999978560        2.3777297495359929E-002
  -3.5599999999978493        4.1410261445107385E-002
  -3.5399999999978427        5.8971055287808792E-002
  -3.5199999999978360        7.6425291028557302E-002
  -3.4999999999978293        9.3738100948796740E-002
  -3.4799999999978226       0.11087422627472844     
  -3.4599999999978159       0.12779810993645191     
  -3.4399999999978093       0.14447399298457189     
  -3.4199999999978026       0.16086601419696089     
  -3.3999999999977959       0.17693831238238725     
  -3.3799999999977892       0.19265513086999897     
  -3.3599999999977825       0.20798092366400009     
  -3.3399999999977759       0.22288046274084555     
  -3.3199999999977692       0.23731894597117439     
  -3.2999999999977625       0.25126210515956210     
  -3.2799999999977558       0.26467631371093064     
  -3.2599999999977491       0.27752869345188658     
  -3.2399999999977425       0.28978722015714653     
  -3.2199999999977358       0.30142082735436659     
  -3.1999999999977291       0.31239950800403860     
  -3.1799999999977224       0.32269441367369783     
  -3.1599999999977157       0.33227795084682837     
  -3.1399999999977091       0.34112387402603672     
  -3.1199999999977024       0.34920737530715124     
  -3.0999999999976957       0.35650517011593763     
  -3.0799999999976890       0.36299557881246380     
  -3.0599999999976824       0.36865860388042404     
  -3.0399999999976757       0.37347600243073609     
  -3.0199999999976690       0.37743135376143722     
  -2.9999999999976623       0.38051012173037163     
  -2.9799999999976556       0.38269971171448869     
  -2.9599999999976490       0.38398952195080993     
  -2.9399999999976423       0.38437098908013057     
  -2.9199999999976356       0.38383762774608765     
  -2.8999999999976289       0.38238506413978263     
  -2.8799999999976222       0.38001106342384555     
  -2.8599999999976156       0.37671555101952325     
  -2.8399999999976089       0.37250062779547466     
  -2.8199999999976022       0.36737057925658312     
  -2.7999999999975955       0.36133187889399432     
  -2.7799999999975888       0.35439318592212787     
  -2.7599999999975822       0.34656533769281439     
  -2.7399999999975755       0.33786133713890865     
  -2.7199999999975688       0.32829633565752114     
  -2.6999999999975621       0.31788761189429099     
  -2.6799999999975554       0.30665454693264271     
  -2.6599999999975488       0.29461859642382560     
  -2.6399999999975421       0.28180326021290275     
  -2.6199999999975354       0.26823405002135897     
  -2.5999999999975287       0.25393845573747359     
  -2.5799999999975221       0.23894591084054473     
  -2.5599999999975154       0.22328775744419302     
  -2.5399999999975087       0.20699721138764546     
  -2.5199999999975020       0.19010932773295947     
  -2.4999999999974953       0.17266096694170294     
  -2.4799999999974887       0.15469076190842393     
  -2.4599999999974820       0.13623908592217124     
  -2.4399999999974753       0.11734802151369951     
  -2.4199999999974686        9.8061330027144789E-002
  -2.3999999999974619        7.8424421633451660E-002
  -2.3799999999974553        5.8484325381113096E-002
  -2.3599999999974486        3.8289658760315003E-002
  -2.3399999999974419        1.7890596141543185E-002
  -2.3199999999974352       -2.6611646588259844E-003
  -2.2999999999974285       -2.3312438533791412E-002
  -2.2799999999974219       -4.4008592900430875E-002
  -2.2599999999974152       -6.4693592192695035E-002
  -2.2399999999974085       -8.5310048119551243E-002
  -2.2199999999974018      -0.10579927683243950     
  -2.1999999999973952      -0.12610136419054438     
  -2.1799999999973885      -0.14615524034474162     
  -2.1599999999973818      -0.16589876488129554     
  -2.1399999999973751      -0.18526882377456236     
  -2.1199999999973684      -0.20420143939411509     
  -2.0999999999973618      -0.22263189479577672     
  -2.0799999999973551      -0.24049487349768767     
  -2.0599999999973484      -0.25772461590121770     
  -2.0399999999973417      -0.27425509346133969     
  -2.0199999999973350      -0.29002020164085979     
  -1.9999999999973281      -0.30495397259611473     
  -1.9799999999973212      -0.31899080843657773     
  -1.9599999999973143      -0.33206573577527121     
  -1.9399999999973074      -0.34411468213870805     
  -1.9199999999973005      -0.35507477463210735     
  -1.8999999999972936      -0.36488466105558404     
  -1.8799999999972867      -0.37348485343801707     
  -1.8599999999972798      -0.38081809369562669     
  -1.8399999999972729      -0.38682974083086180     
  -1.8199999999972660      -0.39146817876344386     
  -1.7999999999972591      -0.39468524352957984     
  -1.7799999999972522      -0.39643666819855850     
  -1.7599999999972453      -0.39668254344019660     
  -1.7399999999972384      -0.39538779123505996     
  -1.7199999999972315      -0.39252264875609483     
  -1.6999999999972246      -0.38806315897056720     
  -1.6799999999972177      -0.38199166402119705     
  -1.6599999999972108      -0.37429729695230846     
  -1.6399999999972039      -0.36497646685880097     
  -1.6199999999971970      -0.35403333206160637     
  -1.5999999999971901      -0.34148025546247823     
  -1.5799999999971832      -0.32733823581342630     
  -1.5599999999971763      -0.31163730826199554     
  -1.5399999999971694      -0.29441690721326202     
  -1.5199999999971625      -0.27572618429303564     
  -1.4999999999971556      -0.25562427401436238     
  -1.4799999999971487      -0.23418049965048648     
  -1.4599999999971418      -0.21147451181098448     
  -1.4399999999971349      -0.18759635231199748     
  -1.4199999999971280      -0.16264643613380531     
  -1.3999999999971211      -0.13673544457575390     
  -1.3799999999971142      -0.10998412315512324     
  -1.3599999999971073       -8.2522978357045584E-002
  -1.3399999999971004       -5.4491868029933312E-002
  -1.3199999999970935       -2.6039481036585151E-002
  -1.2999999999970866        2.6772972847033641E-003
  -1.2799999999970797        3.1494136223550302E-002
  -1.2599999999970728        6.0240128544926261E-002
  -1.2399999999970659        8.8738776946106865E-002
  -1.2199999999970590       0.11680909656236819     
  -1.1999999999970521       0.14426683043104174     
  -1.1799999999970452       0.17092577320153476     
  -1.1599999999970383       0.19659919667793213     
  -1.1399999999970314       0.22110136901669958     
  -1.1199999999970245       0.24424915759323920     
  -1.0999999999970176       0.26586370371888690     
  -1.0799999999970107       0.28577215555831187     
  -1.0599999999970038       0.30380944379297431     
  -1.0399999999969969       0.31982008282871000     
  -1.0199999999969900       0.33365997868670122     
 -0.99999999999698319       0.34519822318120302     
 -0.97999999999697640       0.35431885261059093     
 -0.95999999999696961       0.36092254800813478     
 -0.93999999999696282       0.36492825305355542     
 -0.91999999999695603       0.36627468507429728     
 -0.89999999999694924       0.36492171420395220     
 -0.87999999999694245       0.36085158575009707     
 -0.85999999999693566       0.35406996118774803     
 -0.83999999999692887       0.34460675396654467     
 -0.81999999999692208       0.33251673752335703     
 -0.79999999999691529       0.31787990454466819     
 -0.77999999999690850       0.30080155863485508     
 -0.75999999999690171       0.28141212211888067     
 -0.73999999999689492       0.25986664673311194     
 -0.71999999999688813       0.23634401741793903     
 -0.69999999999688134       0.21104584329182677     
 -0.67999999999687455       0.18419503411860344     
 -0.65999999999686776       0.15603406512709414     
 -0.63999999999686097       0.12682293784290205     
 -0.61999999999685418        9.6836849573876824E-002
 -0.59999999999684739        6.6363589272007417E-002
 -0.57999999999684060        3.5700682585162333E-002
 -0.55999999999683381        5.1523139156825076E-003
 -0.53999999999682702       -2.4973941882184162E-002
 -0.51999999999682023       -5.4370541011875530E-002
 -0.49999999999681344       -8.2733504172375724E-002
 -0.47999999999680665      -0.10976601702111945     
 -0.45999999999679986      -0.13518204973233214     
 -0.43999999999679307      -0.15870994538359717     
 -0.41999999999678628      -0.18009592533534141     
 -0.39999999999677949      -0.19910745903767937     
 -0.37999999999677270      -0.21553644586033127     
 -0.35999999999676591      -0.22920215763098678     
 -0.33999999999675912      -0.23995389260407857     
 -0.31999999999675233      -0.24767329456415618     
 -0.29999999999674554      -0.25227629467417384     
 -0.27999999999673875      -0.25371463846631881     
 -0.25999999999673196      -0.25197696597816394     
 -0.23999999999672514      -0.24708941937662371     
 -0.21999999999671832      -0.23911575938442955     
 -0.19999999999671150      -0.22815697930984177     
 -0.17999999999670468      -0.21435041334668450     
 -0.15999999999669787      -0.19786834391336944     
 -0.13999999999669105      -0.17891612098253540     
 -0.11999999999668425      -0.15772981445816514     
  -9.9999999996677441E-002 -0.13457342852384488     
  -7.9999999996670637E-002 -0.10973571435563895     
  -5.9999999996663833E-002  -8.3526624513200295E-002
  -3.9999999996657029E-002  -5.6273458550159097E-002
  -1.9999999996650222E-002  -2.8316754789541689E-002
   3.3565858426065631E-012  -5.9876782994231612E-006
   2.0000000003363393E-002   2.8304866427642163E-002
   4.0000000003370201E-002   5.6261829863124745E-002
   6.0000000003377005E-002   8.3515424274187303E-002
   8.0000000003383809E-002  0.10972510489473189     
  0.10000000000339061       0.13456356329369923     
  0.12000000000339742       0.15772083573961765     
  0.14000000000340423       0.17890815776610039     
  0.16000000000341105       0.19786150998957608     
  0.18000000000341787       0.21434480563470878     
  0.20000000000342469       0.22815267644991274     
  0.22000000000343151       0.23911282061509823     
  0.24000000000343832       0.24708788371326210     
  0.26000000000344514       0.25197685170410755     
  0.28000000000345193       0.25371594294294675     
  0.30000000000345872       0.25227899447103874     
  0.32000000000346551       0.24767734590511578     
  0.34000000000347230       0.23995923212035430     
  0.36000000000347909       0.22920870340721061     
  0.38000000000348588       0.21554409875509817     
  0.40000000000349267       0.19911610425591153     
  0.42000000000349946       0.18010543422598441     
  0.44000000000350625       0.15872017743287578     
  0.46000000000351304       0.13519285472000733     
  0.48000000000351983       0.10977723730500452     
  0.50000000000352662        8.2744977064742209E-002
  0.52000000000353341        5.4382101210401032E-002
  0.54000000000354020        2.4985423917713363E-002
  0.56000000000354699       -5.1410732520599739E-003
  0.58000000000355378       -3.5689841872363834E-002
  0.60000000000356057       -6.6353300181796471E-002
  0.62000000000356736       -9.6827254719588460E-002
  0.64000000000357415      -0.12681416878492263     
  0.66000000000358094      -0.15602624056308470     
  0.68000000000358773      -0.18418825828318322     
  0.70000000000359452      -0.21104020458684758     
  0.72000000000360131      -0.23633958729062551     
  0.74000000000360810      -0.25986347881530258     
  0.76000000000361490      -0.28141025163643141     
  0.78000000000362169      -0.30080100209205984     
  0.80000000000362848      -0.31788065968432305     
  0.82000000000363527      -0.33251878355898934     
  0.84000000000364206      -0.34461005207931916     
  0.86000000000364885      -0.35407445527678549     
  0.88000000000365564      -0.36085720342140171     
  0.90000000000366243      -0.36492836797989964     
  0.92000000000366922      -0.36628227380274320     
  0.94000000000367601      -0.36493666349309323     
  0.96000000000368280      -0.36093165656391563     
  0.98000000000368959      -0.35432852719341573     
   1.0000000000036964      -0.34520832516133182     
   1.0200000000037033      -0.33367036491301127     
   1.0400000000037102      -0.31983060768345284     
   1.0600000000037171      -0.30381996125245003     
   1.0800000000037240      -0.28578252123024700     
   1.1000000000037309      -0.26587377682821467     
   1.1200000000037378      -0.24425880288924054     
   1.1400000000037447      -0.22111045857608261     
   1.1600000000037516      -0.19660761158039827     
   1.1800000000037585      -0.17093340505659013     
   1.2000000000037654      -0.14427358273730806     
   1.2200000000037723      -0.11681488588332473     
   1.2400000000037792       -8.8743533889058909E-002
   1.2600000000037861       -6.0243798532946730E-002
   1.2800000000037930       -3.1496680053210303E-002
   1.3000000000037999       -2.6786914654724349E-003
   1.3200000000038068        2.6039244162313964E-002
   1.3400000000038137        5.4492780384212833E-002
   1.3600000000038206        8.2525016436239981E-002
   1.3800000000038275       0.10998724854456247     
   1.4000000000038344       0.13673960465883694     
   1.4200000000038413       0.16265156498277014     
   1.4400000000038482       0.18760237174535266     
   1.4600000000038551       0.21148133260062746     
   1.4800000000038620       0.23418802285982981     
   1.5000000000038689       0.25563239244736341     
   1.5200000000038758       0.27573478403291440     
   1.5400000000038827       0.29442586922885844     
   1.5600000000038896       0.31164651005922789     
   1.5800000000038965       0.32734755310910224     
   1.6000000000039034       0.34148956385782303     
   1.6200000000039103       0.35404250869327708     
   1.6400000000039172       0.36498539200585600     
   1.6600000000039241       0.37430585557855051     
   1.6800000000039310       0.38199974723353608     
   1.7000000000039379       0.38807066537548823     
   1.7200000000039448       0.39252948569798024     
   1.7400000000039517       0.39539387590194458     
   1.7600000000039586       0.39668780382452212     
   1.7800000000039655       0.39644104390262380     
   1.8000000000039724       0.39468868640757176     
   1.8200000000039793       0.39147065339422288     
   1.8400000000039862       0.38683122481798726     
   1.8600000000039931       0.38081857779339195     
   1.8800000000040000       0.37348434150457283     
   1.9000000000040069       0.36488316983643948     
   1.9200000000040138       0.35507233337944299     
   1.9400000000040207       0.34411133207396466     
   1.9600000000040276       0.33206152940437839     
   1.9800000000040345       0.31898580872892968     
   2.0000000000040412       0.30494825203996001     
   2.0200000000040479       0.29001384118916296     
   2.0400000000040546       0.27424818138332874     
   2.0600000000040612       0.25771724655580097     
   2.0800000000040679       0.24048714604564447     
   2.1000000000040746       0.22262391186814190     
   2.1200000000040813       0.20419330573444092     
   2.1400000000040880       0.18526064487279234     
   2.1600000000040946       0.16589064561680306     
   2.1800000000041013       0.14614728365567978     
   2.2000000000041080       0.12609366978605380     
   2.2200000000041147       0.10579193996344302     
   2.2400000000041214        8.5303158422878500E-002
   2.2600000000041280        6.4687232622115287E-002
   2.2800000000041347        4.4002838756859730E-002
   2.3000000000041414        2.3307356605494982E-002
   2.3200000000041481        2.6568124808878670E-003
   2.3400000000041548       -1.7894170900873561E-002
   2.3600000000041614       -3.8292418780486108E-002
   2.3800000000041681       -5.8486244033206632E-002
   2.4000000000041748       -7.8425483184827394E-002
   2.4200000000041815       -9.8061529706222603E-002
   2.4400000000041882      -0.11734736543606337     
   2.4600000000041948      -0.13623759088090837     
   2.4800000000042015      -0.15468845503326012     
   2.5000000000042082      -0.17265788523307393     
   2.5200000000042149      -0.19010551747862869     
   2.5400000000042215      -0.20699272747083100     
   2.5600000000042282      -0.22328266255338733     
   2.5800000000042349      -0.23894027459229045     
   2.6000000000042416      -0.25393235372426259     
   2.6200000000042483      -0.26822756279759585     
   2.6400000000042549      -0.28179647223242260     
   2.6600000000042616      -0.29461159494289174     
   2.6800000000042683      -0.30664742089253955     
   2.7000000000042750      -0.31788045079768784     
   2.7200000000042817      -0.32828922845265085     
   2.7400000000042883      -0.33785437112528210     
   2.7600000000042950      -0.34655859746173295     
   2.7800000000043017      -0.35438675234461808     
   2.8000000000043084      -0.36132582816801817     
   2.8200000000043151      -0.36736498202444906     
   2.8400000000043217      -0.37249554834136911     
   2.8600000000043284      -0.37671104655590920     
   2.8800000000043351      -0.38000718347426904     
   2.9000000000043418      -0.38238185002431740     
   2.9200000000043485      -0.38383511217428024     
   2.9400000000043551      -0.38436919585491591     
   2.9600000000043618      -0.38398846578545903     
   2.9800000000043685      -0.38269939816320775     
   3.0000000000043752      -0.38051054723178596     
   3.0200000000043818      -0.37743250579281251     
   3.0400000000043885      -0.37347785976946618     
   3.0600000000043952      -0.36866113696806169     
   3.0800000000044019      -0.36299875021537664     
   3.1000000000044086      -0.35650893507559955     
   3.1200000000044152      -0.34921168237208794     
   3.1400000000044219      -0.34112866575657114     
   3.1600000000044286      -0.33228316458302493     
   3.1800000000044353      -0.32269998235628533     
   3.2000000000044420      -0.31240536103761640     
   3.2200000000044486      -0.30142689150183211     
   3.2400000000044553      -0.28979342045409456     
   3.2600000000044620      -0.27753495412965873     
   3.2800000000044687      -0.26468255911705540     
   3.3000000000044754      -0.25126826066454733     
   3.3200000000044820      -0.23732493885093184     
   3.3400000000044887      -0.22288622302450217     
   3.3600000000044954      -0.20798638493741556     
   3.3800000000045021      -0.19266023102598998     
   3.4000000000045087      -0.17694299430944285     
   3.4200000000045154      -0.16087022639909171     
   3.4400000000045221      -0.14447769012587630     
   3.4600000000045288      -0.12780125330497777     
   3.4800000000045355      -0.11087678416126033     
   3.5000000000045421       -9.3740048937280038E-002
   3.5200000000045488       -7.6426612195973159E-002
   3.5400000000045555       -5.8971740312426475E-002
   3.5600000000045622       -4.1410308623151107E-002
   3.5800000000045689       -2.3776712667211448E-002
   3.6000000000045755       -6.1047839118638222E-003
   3.6200000000045822        1.1572289693185396E-002
   3.6400000000045889        2.9222038043120888E-002
   3.6600000000045956        4.6812777856005218E-002
   3.6800000000046023        6.4313676132275399E-002
   3.7000000000046089        8.1694807989858759E-002
   3.7200000000046156        9.8927208831943517E-002
   3.7400000000046223       0.11598292086549242     
   3.7600000000046290       0.13283503404607067     
   3.7800000000046357       0.14945772157712814     
   3.8000000000046423       0.16582627013824514     
   3.8200000000046490       0.18191710505605577     
   3.8400000000046557       0.19770781066289100     
   3.8600000000046624       0.21317714611129127     
   3.8800000000046690       0.22830505692728420     
   3.9000000000046757       0.24307268259207385     
   3.9200000000046824       0.25746236044096976     
   3.9400000000046891       0.27145762616088875     
   3.9600000000046958       0.28504321115462233     
   3.9800000000047024       0.29820503702239665     
   4.0000000000047091       0.31093020739048416     
   4.0200000000047158       0.32320699729397168     
   4.0400000000047225       0.33502484029771573     
   4.0600000000047292       0.34637431351712483     
   4.0800000000047358       0.35724712067994036     
   4.1000000000047425       0.36763607335248655     
   4.1200000000047492       0.37753507043964563     
   4.1400000000047559       0.38693907605758560     
   4.1600000000047626       0.39584409587216401     
   4.1800000000047692       0.40424715199392136     
   4.2000000000047759       0.41214625652237880     
   4.2200000000047826       0.41954038383733577     
   4.2400000000047893       0.42642944174248670     
   4.2600000000047960       0.43281424157584591     
   4.2800000000048026       0.43869646741147605     
   4.3000000000048093       0.44407864448670109     
   4.3200000000048160       0.44896410699744266     
   4.3400000000048227       0.45335696541068216     
   4.3600000000048293       0.45726207344649022     
   4.3800000000048360       0.46068499488198555     
   4.4000000000048427       0.46363197032560444     
   4.4200000000048494       0.46610988410191567     
   4.4400000000048561       0.46812623137501219     
   4.4600000000048627       0.46968908562243994     
   4.4800000000048694       0.47080706655222748     
   4.5000000000048761       0.47148930853350124     
   4.5200000000048828       0.47174542958723414     
   4.5400000000048895       0.47158550095889079     
   4.5600000000048961       0.47102001727006038     
   4.5800000000049028       0.47005986722274201     
   4.6000000000049095       0.46871630480872095     
   4.6200000000049162       0.46700092095842155     
   4.6400000000049229       0.46492561554962120     
   4.6600000000049295       0.46250256968697784     
   4.6800000000049362       0.45974421815909222     
   4.7000000000049429       0.45666322198084874     
   4.7200000000049496       0.45327244093522195     
   4.7400000000049562       0.44958490604022872     
   4.7600000000049629       0.44561379188285793     
   4.7800000000049696       0.44137238878195384     
   4.8000000000049763       0.43687407476526213     
   4.8200000000049830       0.43213228737129389     
   4.8400000000049896       0.42716049531308131     
   4.8600000000049963       0.42197217006739912     
   4.8800000000050030       0.41658075747824125     
   4.9000000000050097       0.41099964948641049     
   4.9200000000050164       0.40524215611694392     
   4.9400000000050230       0.39932147787194572     
   4.9600000000050297       0.39325067868763380     
   4.9800000000050364       0.38704265962054724     
   5.0000000000050431       0.38071013342873744     
   5.0200000000050498       0.37426560020933008     
   5.0400000000050564       0.36772132424442661     
   5.0600000000050631       0.36108931219323903     
   5.0800000000050698       0.35438129275037206     
   5.1000000000050765       0.34760869786898219     
   5.1200000000050832       0.34078264562406885     
   5.1400000000050898       0.33391392476644816     
   5.1600000000050965       0.32701298099285014     
   5.1800000000051032       0.32008990493325740     
   5.2000000000051099       0.31315442183382503     
   5.2200000000051165       0.30621588289338858     
   5.2400000000051232       0.29928325819431878     
   5.2600000000051299       0.29236513115487700     
   5.2800000000051366       0.28546969442051373     
   5.3000000000051433       0.27860474710594652     
   5.3200000000051499       0.27177769329820978     
   5.3400000000051566       0.26499554173300177     
   5.3600000000051633       0.25826490656202589     
   5.3800000000051700       0.25159200913719965     
   5.4000000000051767       0.24498268074772186     
   5.4200000000051833       0.23844236625742696     
   5.4400000000051900       0.23197612860167371     
   5.4600000000051967       0.22558865411449111     
   5.4800000000052034       0.21928425866697981     
   5.5000000000052101       0.21306689460645625     
   5.5200000000052167       0.20694015849181316     
   5.5400000000052234       0.20090729962374826     
   5.5600000000052301       0.19497122936850259     
   5.5800000000052368       0.18913453127051619     
   5.6000000000052435       0.18339947194295636     
   5.6200000000052501       0.17776801271574114     
   5.6400000000052568       0.17224182200877103     
   5.6600000000052635       0.16682228838422333     
   5.6800000000052702       0.16151053421657510     
   5.7000000000052768       0.15630742990326815     
   5.7200000000052835       0.15121360852335680     
   5.7400000000052902       0.14622948083695261     
   5.7600000000052969       0.14135525050548325     
   5.7800000000053036       0.13659092940247064     
   5.8000000000053102       0.13193635287727112     
   5.8200000000053169       0.12739119483050329     
   5.8400000000053236       0.12295498245998325     
   5.8600000000053303       0.11862711054014506     
   5.8800000000053370       0.11440685510597283     
   5.9000000000053436       0.11029338642441260     
   5.9200000000053503       0.10628578115150993     
   5.9400000000053570       0.10238303359179771     
   5.9600000000053637        9.8584065996996553E-002
   5.9800000000053704        9.4887737863220273E-002
   6.0000000000053770        9.1292854208787175E-002
   6.0200000000053837        8.7798172837599248E-002
   6.0400000000053904        8.4402410615066661E-002
   6.0600000000053971        8.1104248803927526E-002
   6.0800000000054037        7.7902337525354248E-002
   6.1000000000054104        7.4795299425843800E-002
   6.1200000000054171        7.1781732642097362E-002
   6.1400000000054238        6.8860213164070941E-002
   6.1600000000054305        6.6029296700471238E-002
   6.1800000000054371        6.3287520151177251E-002
   6.2000000000054438        6.0633402787538461E-002
   6.2200000000054505        5.8065447234580951E-002
   6.2400000000054572        5.5582140339236759E-002
   6.2600000000054639        5.3181953996430262E-002
   6.2800000000054705        5.0863345990787116E-002
   6.3000000000054772        4.8624760896638940E-002
   6.3200000000054839        4.6464631063558359E-002
   6.3400000000054906        4.4381377699638701E-002
   6.3600000000054973        4.2373412050760340E-002
   6.3800000000055039        4.0439136661815658E-002
   6.4000000000055106        3.8576946695761144E-002
   6.4200000000055173        3.6785231278861616E-002
   6.4400000000055240        3.5062374835813870E-002
   6.4600000000055307        3.3406758376725056E-002
   6.4800000000055373        3.1816760699135485E-002
   6.5000000000055440        3.0290759472255749E-002
   6.5200000000055507        2.8827132177020910E-002
   6.5400000000055574        2.7424256884063060E-002
   6.5600000000055640        2.6080512861729924E-002
   6.5800000000055707        2.4794281017283346E-002
   6.6000000000055774        2.3563944185772311E-002
   6.6200000000055841        2.2387887292157415E-002
   6.6400000000055908        2.1264497422482070E-002
   6.6600000000055974        2.0192163848651409E-002
   6.6800000000056041        1.9169278058233187E-002
   6.7000000000056108        1.8194233845213740E-002
   6.7200000000056175        1.7265427519570959E-002
   6.7400000000056242        1.6381258292683845E-002
   6.7600000000056308        1.5540128891971310E-002
   6.7800000000056375        1.4740446451841889E-002
   6.8000000000056442        1.3980623719264715E-002
   6.8200000000056509        1.3259080601393544E-002
   6.8400000000056576        1.2574246070122645E-002
   6.8600000000056642        1.1924560424755705E-002
   6.8800000000056709        1.1308477899695376E-002
   6.9000000000056776        1.0724469589815074E-002
   6.9200000000056843        1.0171026652569906E-002
   6.9400000000056909        9.6466637335057351E-003
   6.9600000000056976        9.1499225511776621E-003
   6.9800000000057043        8.6793755690354694E-003
   7.0000000000057110        8.2336296759439632E-003
   7.0200000000057177        7.8113297939271971E-003
   7.0400000000057243        7.4111623315961826E-003
   7.0600000000057310        7.0318584045468294E-003
   7.0800000000057377        6.6721967496866322E-003
   7.1000000000057444        6.3310062687317679E-003
   7.1200000000057511        6.0071681466748114E-003
   7.1400000000057577        5.6996175034230009E-003
   7.1600000000057644        5.4073445505512857E-003
   7.1800000000057711        5.1293952396419653E-003
   7.2000000000057778        4.8648714034246190E-003
   7.2200000000057845        4.6129304052962335E-003
   7.2400000000057911        4.3727843262416259E-003
   7.2600000000057978        4.1436987301734455E-003
   7.2800000000058045        3.9249910588303625E-003
   7.3000000000058112        3.7160287152497528E-003
   7.3200000000058179        3.5162269002141145E-003
   7.3400000000058245        3.3250462688055203E-003
   7.3600000000058312        3.1419904742581708E-003
   7.3800000000058379        2.9666036637502830E-003
   7.4000000000058446        2.7984679858122506E-003
   7.4200000000058512        2.6372011619312159E-003
   7.4400000000058579        2.4824541660723775E-003
   7.4600000000058646        2.3339090456534328E-003
   7.4800000000058713        2.1912769064809869E-003
   7.5000000000058780        2.0542960728005240E-003
   7.5200000000058846        1.9227304224366370E-003
   7.5400000000058913        1.7963678865017250E-003
   7.5600000000058980        1.6750190937863607E-003
   7.5800000000059047        1.5585161321077744E-003
   7.6000000000059114        1.4467113929059502E-003
   7.6200000000059180        1.3394764614731280E-003
   7.6400000000059247        1.2367010135185877E-003
   7.6600000000059314        1.1382916793419217E-003
   7.6800000000059381        1.0441708396493243E-003
   7.7000000000059448        9.5427532183681629E-004
   7.7200000000059514        8.6855497212963905E-004
   7.7400000000059581        7.8697108698283708E-004
   7.7600000000059648        7.0949469622604206E-004
   7.7800000000059715        6.3610470014264066E-004
   7.8000000000059782        5.6678587255636179E-004
   7.8200000000059848        5.0152675159567304E-004
   7.8400000000059915        4.4031744867471752E-004
   7.8600000000059982        3.8314741395985730E-004
   7.8800000000060049        3.3000320282633569E-004
   7.9000000000060115        2.8086629226064126E-004
   7.9200000000060182        2.3571099861883935E-004
   7.9400000000060249        1.9450254848666173E-004
   7.9600000000060316        1.5719535256983856E-004
   7.9800000000060383        1.2373152863472700E-004
   8.0000000000060449        9.4039713665155250E-005
   8.0200000000060516        6.8034197834782538E-005
   8.0400000000060583        4.5614403914234925E-005
   8.0600000000060650        2.6664725699569269E-005
   8.0800000000060717        1.1054728362625810E-005
   8.1000000000060783       -1.3602972865198849E-006
   8.1200000000060850       -1.0738445338161292E-005
   8.1400000000060917       -1.7249998908054567E-005
   8.1600000000060984       -2.1075965683828835E-005
   8.1800000000061051       -2.2406390401603832E-005
   8.2000000000061117       -2.1438495773026284E-005
   8.2200000000061184       -1.8374707507241897E-005
   8.2400000000061251       -1.3420621169726418E-005
   8.2600000000061318       -6.7829686276098111E-006
   8.2800000000061384        1.3323602232267623E-006
   8.3000000000061451        1.0722188765106500E-005
   8.3200000000061518        2.1187772097406865E-005
   8.3400000000061585        3.2536324006118113E-005
   8.3600000000061652        4.4582322370826771E-005
   8.3800000000061718        5.7148572278400858E-005
   8.4000000000061785        7.0067015944219881E-005
   8.4200000000061852        8.3179288448605941E-005
   8.4400000000061919        9.6337027883254282E-005
   8.4600000000061986        1.0940195739824699E-004
   8.4800000000062052        1.2224576450492138E-004
   8.5000000000062119        1.3474980953158240E-004
   8.5200000000062186        1.4680470011597954E-004
   8.5400000000062253        1.5830977188343426E-004
   8.5600000000062320        1.6917251691150862E-004
   8.5800000000062386        1.7930800120273532E-004
   8.6000000000062453        1.8863831023367805E-004
   8.6200000000062520        1.9709205785324141E-004
   8.6400000000062587        2.0460398855655867E-004
   8.6600000000062654        2.1111469671589639E-004
   8.6800000000062720        2.1657047900312809E-004
   8.7000000000062787        2.2092332831336167E-004
   8.7200000000062854        2.2413106934757675E-004
   8.7400000000062921        2.2615762797990974E-004
   8.7600000000062987        2.2697341896447609E-004
   8.7800000000063054        2.2655582974183516E-004
   8.8000000000063121        2.2488977236796248E-004
   8.8200000000063188        2.2196827113691572E-004
   8.8400000000063255        2.1779305048287180E-004
   8.8600000000063321        2.1237508633763211E-004
   8.8800000000063388        2.0573508433383093E-004
   8.9000000000063455        1.9790385006461362E-004
   8.9200000000063522        1.8892251994821326E-004
   8.9400000000063589        1.7884262595727003E-004
   8.9600000000063655        1.6772597335586794E-004
   8.9800000000063722        1.5564431739579755E-004
   9.0000000000063789        1.4267883237701289E-004
   9.0200000000063856        1.2891937427009348E-004
   9.0400000000063923        1.1446354591657005E-004
   9.0600000000063989        9.9415581352160621E-005
   9.0800000000064056        8.3885072740765072E-005
   9.1000000000064123        6.7985569489432669E-005
   9.1200000000064190        5.1833084102493636E-005
   9.1400000000064257        3.5544543035847494E-005
   9.1600000000064323        1.9236223091813435E-005
   9.1800000000064390        3.0222146725576834E-006
   9.2000000000064457       -1.2987047536239559E-005
   9.2200000000064524       -2.8686148109801465E-005
   9.2400000000064590       -4.3975913931755069E-005
   9.2600000000064657       -5.8764466874947382E-005
   9.2800000000064724       -7.2968082140875112E-005
   9.3000000000064791       -8.6511834987983689E-005
   9.3200000000064858       -9.9330025826913822E-005
   9.3400000000064924       -1.1136638117626791E-004
   9.3600000000064991       -1.2257403546456254E-004
   9.3800000000065058       -1.3291530585487102E-004
   9.4000000000065125       -1.4236127888755544E-004
   9.4200000000065192       -1.5089123354613244E-004
   9.4400000000065258       -1.5849193014289944E-004
   9.4600000000065325       -1.6515679803054718E-004
   9.4800000000065392       -1.7088505745731466E-004
   9.5000000000065459       -1.7568081183017524E-004
   9.5200000000065526       -1.7955214622100718E-004
   9.5400000000065592       -1.8251026618539004E-004
   9.5600000000065659       -1.8456870795358987E-004
   9.5800000000065726       -1.8574264693486324E-004
   9.6000000000065793       -1.8604832642752966E-004
   9.6200000000065859       -1.8550262265751906E-004
   9.6400000000065926       -1.8412275601114236E-004
   9.6600000000065993       -1.8192615183325821E-004
   9.6800000000066060       -1.7893044768230892E-004
   9.7000000000066127       -1.7515363771900173E-004
   9.7200000000066193       -1.7061433918958289E-004
   9.7400000000066260       -1.6533216096046313E-004
   9.7600000000066327       -1.5932814994835202E-004
   9.7800000000066394       -1.5262528821529458E-004
   9.8000000000066461       -1.4524901156075994E-004
   9.8200000000066527       -1.3722771970325562E-004
   9.8400000000066594       -1.2859324861054172E-004
   9.8600000000066661       -1.1938127717558184E-004
   9.8800000000066728       -1.0963164316603051E-004
   9.9000000000066795       -9.9388547077502092E-005
   9.9200000000066861       -8.8700627040663493E-005
   9.9400000000066928       -7.7620893085944356E-005
   9.9600000000066995       -6.6206514651455319E-005
   9.9800000000067062       -5.4518461012555112E-005
