  -10.000000000000000       -2.4613036979248618E-002
  -9.9799999999999933       -2.5910367214258847E-002
  -9.9599999999999866       -2.7269521011946466E-002
  -9.9399999999999800       -2.8693744021993688E-002
  -9.9199999999999733       -3.0186396961348658E-002
  -9.8999999999999666       -3.1750938542578877E-002
  -9.8799999999999599       -3.3390906433458677E-002
  -9.8599999999999532       -3.5109896600581524E-002
  -9.8399999999999466       -3.6911541439883039E-002
  -9.8199999999999399       -3.8799487135871245E-002
  -9.7999999999999332       -4.0777370717399959E-002
  -9.7799999999999265       -4.2848797289631729E-002
  -9.7599999999999199       -4.5017317918543992E-002
  -9.7399999999999132       -4.7286408625479795E-002
  -9.7199999999999065       -4.9659450914996212E-002
  -9.6999999999998998       -5.2139714210197786E-002
  -9.6799999999998931       -5.4730340507080713E-002
  -9.6599999999998865       -5.7434331484800101E-002
  -9.6399999999998798       -6.0254538224354080E-002
  -9.6199999999998731       -6.3193653596528496E-002
  -9.5999999999998664       -6.6254207283897831E-002
  -9.5799999999998597       -6.9438563304381598E-002
  -9.5599999999998531       -7.2748919808552401E-002
  -9.5399999999998464       -7.6187310832848923E-002
  -9.5199999999998397       -7.9755609609263464E-002
  -9.4999999999998330       -8.3455532961936835E-002
  -9.4799999999998263       -8.7288646265074085E-002
  -9.4599999999998197       -9.1256368396935017E-002
  -9.4399999999998130       -9.5359976103150404E-002
  -9.4199999999998063       -9.9600607180363399E-002
  -9.3999999999997996      -0.10397926190883466     
  -9.3799999999997929      -0.10849680219991481     
  -9.3599999999997863      -0.11315394798051062     
  -9.3399999999997796      -0.11795127041021966     
  -9.3199999999997729      -0.12288918161570037     
  -9.2999999999997662      -0.12796792072827801     
  -9.2799999999997596      -0.13318753612173220     
  -9.2599999999997529      -0.13854786386396836     
  -9.2399999999997462      -0.14404850251518320     
  -9.2199999999997395      -0.14968878452211970     
  -9.1999999999997328      -0.15546774456929308     
  -9.1799999999997262      -0.16138408534968238     
  -9.1599999999997195      -0.16743614130603976     
  -9.1399999999997128      -0.17362184096640942     
  -9.1199999999997061      -0.17993866855129734     
  -9.0999999999996994      -0.18638362556315879     
  -9.0799999999996928      -0.19295319308039730     
  -9.0599999999996861      -0.19964329546738241     
  -9.0399999999996794      -0.20644926617964188     
  -9.0199999999996727      -0.21336581629027146     
  -8.9999999999996660      -0.22038700629201477     
  -8.9799999999996594      -0.22750622164167003     
  -8.9599999999996527      -0.23471615241305532     
  -8.9399999999996460      -0.24200877731508277     
  -8.9199999999996393      -0.24937535221709975     
  -8.8999999999996326      -0.25680640320827813     
  -8.8799999999996260      -0.26429172410646090     
  -8.8599999999996193      -0.27182037822818256     
  -8.8399999999996126      -0.27938070413989530     
  -8.8199999999996059      -0.28696032503414326     
  -8.7999999999995993      -0.29454616131648115     
  -8.7799999999995926      -0.30212444595163973     
  -8.7599999999995859      -0.30968074210228386     
  -8.7399999999995792      -0.31719996260119177     
  -8.7199999999995725      -0.32466639082780147     
  -8.6999999999995659      -0.33206370261120971     
  -8.6799999999995592      -0.33937498885244927     
  -8.6599999999995525      -0.34658277864575715     
  -8.6399999999995458      -0.35366906277861754     
  -8.6199999999995391      -0.36061531759912824     
  -8.5999999999995325      -0.36740252935257084     
  -8.5799999999995258      -0.37401121920182095     
  -8.5599999999995191      -0.38042146925407455     
  -8.5399999999995124      -0.38661295001419727     
  -8.5199999999995057      -0.39256494976868661     
  -8.4999999999994991      -0.39825640646986160     
  -8.4799999999994924      -0.40366594273410106     
  -8.4599999999994857      -0.40877190458831092     
  -8.4399999999994790      -0.41355240459384679     
  -8.4199999999994724      -0.41798536994585350     
  -8.3999999999994657      -0.42204859608924566     
  -8.3799999999994590      -0.42571980631112466     
  -8.3599999999994523      -0.42897671766615819     
  -8.3399999999994456      -0.43179711346889404     
  -8.3199999999994390      -0.43415892244964793     
  -8.2999999999994323      -0.43604030452246378     
  -8.2799999999994256      -0.43741974296010028     
  -8.2599999999994189      -0.43827614261682979     
  -8.2399999999994122      -0.43858893369084101     
  -8.2199999999994056      -0.43833818037851946     
  -8.1999999999993989      -0.43750469364854111     
  -8.1799999999993922      -0.43607014725772297     
  -8.1599999999993855      -0.43401719604728412     
  -8.1399999999993788      -0.43132959549941852     
  -8.1199999999993722      -0.42799232150211924     
  -8.0999999999993655      -0.42399168926506281     
  -8.0799999999993588      -0.41931547035111966     
  -8.0599999999993521      -0.41395300683451042     
  -8.0399999999993454      -0.40789532166612108     
  -8.0199999999993388      -0.40113522441457566     
  -7.9999999999993321      -0.39366741165517954     
  -7.9799999999993254      -0.38548856139229026     
  -7.9599999999993187      -0.37659742101931437     
  -7.9399999999993121      -0.36699488843889078     
  -7.9199999999993054      -0.35668408607882857     
  -7.8999999999992987      -0.34567042764164274     
  -7.8799999999992920      -0.33396167751326838     
  -7.8599999999992853      -0.32156800282513742     
  -7.8399999999992787      -0.30850201821102247     
  -7.8199999999992720      -0.29477882332349159     
  -7.7999999999992653      -0.28041603317391828     
  -7.7799999999992586      -0.26543380133480282     
  -7.7599999999992519      -0.24985483599532776     
  -7.7399999999992453      -0.23370440879302737     
  -7.7199999999992386      -0.21701035625966758     
  -7.6999999999992319      -0.19980307362258373     
  -7.6799999999992252      -0.18211550059852158     
  -7.6599999999992185      -0.16398309871156833     
  -7.6399999999992119      -0.14544381956538854     
  -7.6199999999992052      -0.12653806340907622     
  -7.5999999999991985      -0.10730862726069791     
  -7.5799999999991918       -8.7800641798616089E-002
  -7.5599999999991851       -6.8061496202027560E-002
  -7.5399999999991785       -4.8140750122790635E-002
  -7.5199999999991718       -2.8090032002654353E-002
  -7.4999999999991651       -7.9629230151487488E-003
  -7.4799999999991584        1.2185173990673313E-002
  -7.4599999999991518        3.2297181037628034E-002
  -7.4399999999991451        5.2314507393013639E-002
  -7.4199999999991384        7.2177227915918629E-002
  -7.3999999999991317        9.1824277323362347E-002
  -7.3799999999991250       0.11119366009866649     
  -7.3599999999991184       0.13022267553574901     
  -7.3399999999991117       0.14884815718079031     
  -7.3199999999991050       0.16700672570487507     
  -7.2999999999990983       0.18463505402423674     
  -7.2799999999990916       0.20167014328501098     
  -7.2599999999990850       0.21804960815237781     
  -7.2399999999990783       0.23371196969445265     
  -7.2199999999990716       0.24859695403288376     
  -7.1999999999990649       0.26264579484719691     
  -7.1799999999990582       0.27580153776974986     
  -7.1599999999990516       0.28800934469232042     
  -7.1399999999990449       0.29921679602250872     
  -7.1199999999990382       0.30937418897528957     
  -7.0999999999990315       0.31843483005845979     
  -7.0799999999990249       0.32635532000544382     
  -7.0599999999990182       0.33309582951941635     
  -7.0399999999990115       0.33862036431298798     
  -7.0199999999990048       0.34289701805160500     
  -6.9999999999989981       0.34589821193014508     
  -6.9799999999989915       0.34760091972549656     
  -6.9599999999989848       0.34798687726792060     
  -6.9399999999989781       0.34704277535683964     
  -6.9199999999989714       0.34476043520918187     
  -6.8999999999989647       0.34113696556901207     
  -6.8799999999989581       0.33617490062530109     
  -6.8599999999989514       0.32988231788160033     
  -6.8399999999989447       0.32227293509927601     
  -6.8199999999989380       0.31336618539871502     
  -6.7999999999989313       0.30318726955517816     
  -6.7799999999989247       0.29176718447370276     
  -6.7599999999989180       0.27914272677683838     
  -6.7399999999989113       0.26535647039721844     
  -6.7199999999989046       0.25045671704048444     
  -6.6999999999988979       0.23449741838015173     
  -6.6799999999988913       0.21753806887015820     
  -6.6599999999988846       0.19964356811897255     
  -6.6399999999988779       0.18088405186492407     
  -6.6199999999988712       0.16133469072913822     
  -6.5999999999988646       0.14107545610107788     
  -6.5799999999988579       0.12019085273233315     
  -6.5599999999988512        9.8769617874653451E-002
  -6.5399999999988445        7.6904387095127008E-002
  -6.5199999999988378        5.4691327229464987E-002
  -6.4999999999988312        3.2229737287464234E-002
  -6.4799999999988245        9.6216184950201795E-003
  -6.4599999999988178       -1.3028784963494373E-002
  -6.4399999999988111       -3.5615472559416862E-002
  -6.4199999999988044       -5.8031199077130537E-002
  -6.3999999999987978       -8.0168008649084188E-002
  -6.3799999999987911      -0.10191778817737965     
  -6.3599999999987844      -0.12317283685955328     
  -6.3399999999987777      -0.14382644828554825     
  -6.3199999999987710      -0.16377350136829549     
  -6.2999999999987644      -0.18291105621517856     
  -6.2799999999987577      -0.20113895094411557     
  -6.2599999999987510      -0.21836039539605878     
  -6.2399999999987443      -0.23448255769411933     
  -6.2199999999987376      -0.24941713964508005     
  -6.1999999999987310      -0.26308093706737912     
  -6.1799999999987243      -0.27539638125508947     
  -6.1599999999987176      -0.28629205794339374     
  -6.1399999999987109      -0.29570320032062530     
  -6.1199999999987043      -0.30357215282760946     
  -6.0999999999986976      -0.30984880268986520     
  -6.0799999999986909      -0.31449097633541623     
  -6.0599999999986842      -0.31746479805477179     
  -6.0399999999986775      -0.31874500845531795     
  -6.0199999999986709      -0.31831524044660270     
  -5.9999999999986642      -0.31616825066379317     
  -5.9799999999986575      -0.31230610439389195     
  -5.9599999999986508      -0.30674031221413273     
  -5.9399999999986441      -0.29949191668754549     
  -5.9199999999986375      -0.29059152759086770     
  -5.8999999999986308      -0.28007930428058597     
  -5.8799999999986241      -0.26800488393972299     
  -5.8599999999986174      -0.25442725459843613     
  -5.8399999999986107      -0.23941457199191907     
  -5.8199999999986041      -0.22304391951689700     
  -5.7999999999985974      -0.20540101077875153     
  -5.7799999999985907      -0.18657983449065843     
  -5.7599999999985840      -0.16668224179745891     
  -5.7399999999985774      -0.14581747645294610     
  -5.7199999999985707      -0.12410164867974934     
  -5.6999999999985640      -0.10165715398490542     
  -5.6799999999985573       -7.8612038687342470E-002
  -5.6599999999985506       -5.5099314430693165E-002
  -5.6399999999985440       -3.1256224498044063E-002
  -5.6199999999985373       -7.2234653056346323E-003
  -5.5999999999985306        1.6855632980990170E-002
  -5.5799999999985239        4.0835962203574432E-002
  -5.5599999999985172        6.4571523292192526E-002
  -5.5399999999985106        8.7916339109245317E-002
  -5.5199999999985039       0.11072538702412382     
  -5.4999999999984972       0.13285554476971817     
  -5.4799999999984905       0.15416654277978337     
  -5.4599999999984838       0.17452191592755736     
  -5.4399999999984772       0.19378994738773950     
  -5.4199999999984705       0.21184459723115631     
  -5.3999999999984638       0.22856640833661793     
  -5.3799999999984571       0.24384338226813923     
  -5.3599999999984504       0.25757181791570705     
  -5.3399999999984438       0.26965710593011510     
  -5.3199999999984371       0.28001447229085075     
  -5.2999999999984304       0.28856966472283191     
  -5.2799999999984237       0.29525957611388054     
  -5.2599999999984171       0.30003279957013645     
  -5.2399999999984104       0.30285011027079140     
  -5.2199999999984037       0.30368486983600101     
  -5.1999999999983970       0.30252334949273696     
  -5.1799999999983903       0.29936496890340997     
  -5.1599999999983837       0.29422244810343223     
  -5.1399999999983770       0.28712187057008437     
  -5.1199999999983703       0.27810265601123285     
  -5.0999999999983636       0.26721744201582015     
  -5.0799999999983569       0.25453187424734958     
  -5.0599999999983503       0.24012430538750165     
  -5.0399999999983436       0.22408540355164408     
  -5.0199999999983369       0.20651767140474214     
  -4.9999999999983302       0.18753487770939523     
  -4.9799999999983235       0.16726140354220631     
  -4.9599999999983169       0.14583150592543959     
  -4.9399999999983102       0.12338850214237754     
  -4.9199999999983035       0.10008387854075242     
  -4.8999999999982968        7.6076328181510000E-002
  -4.8799999999982901        5.1530722260821130E-002
  -4.8599999999982835        2.6617020820705200E-002
  -4.8399999999982768        1.5091288646038204E-003
  -4.8199999999982701       -2.3616295396469537E-002
  -4.7999999999982634       -4.8581072831640953E-002
  -4.7799999999982568       -7.3206768275125525E-002
  -4.7599999999982501       -9.7315979491118212E-002
  -4.7399999999982434      -0.12073364115394496     
  -4.7199999999982367      -0.14328833427875720     
  -4.6999999999982300      -0.16481359109996624     
  -4.6799999999982234      -0.18514918503311556     
  -4.6599999999982167      -0.20414239508508478     
  -4.6399999999982100      -0.22164923391043145     
  -4.6199999999982033      -0.23753562865957803     
  -4.5999999999981966      -0.25167854383667598     
  -4.5799999999981900      -0.26396703558786266     
  -4.5599999999981833      -0.27430322717793554     
  -4.5399999999981766      -0.28260319588570787     
  -4.5199999999981699      -0.28879776215273600     
  -4.4999999999981632      -0.29283317255075703     
  -4.4799999999981566      -0.29467166898098052     
  -4.4599999999981499      -0.29429193747146926     
  -4.4399999999981432      -0.29168943098300998     
  -4.4199999999981365      -0.28687656175276471     
  -4.3999999999981299      -0.27988275988105982     
  -4.3799999999981232      -0.27075439608142660     
  -4.3599999999981165      -0.25955456774876062     
  -4.3399999999981098      -0.24636274873701519     
  -4.3199999999981031      -0.23127430445891300     
  -4.2999999999980965      -0.21439987510990174     
  -4.2799999999980898      -0.19586463096326437     
  -4.2599999999980831      -0.17580740477118270     
  -4.2399999999980764      -0.15437970732861056     
  -4.2199999999980697      -0.13174463320636226     
  -4.1999999999980631      -0.10807566453284599     
  -4.1799999999980564       -8.3555381498568088E-002
  -4.1599999999980497       -5.8374088974288120E-002
  -4.1399999999980430       -3.2728369274483429E-002
  -4.1199999999980363       -6.8195716659144555E-003
  -4.0999999999980297        1.9147750279453743E-002
  -4.0799999999980230        4.4967441952865728E-002
  -4.0599999999980163        7.0433379689637740E-002
  -4.0399999999980096        9.5341119236337646E-002
  -4.0199999999980029       0.11948954821629344     
  -3.9999999999979963       0.14268252989861546     
  -3.9799999999979896       0.16473052542552530     
  -3.9599999999979829       0.18545218156218743     
  -3.9399999999979762       0.20467587100762297     
  -3.9199999999979696       0.22224117235169488     
  -3.8999999999979629       0.23800027688996911     
  -3.8799999999979562       0.25181930972507804     
  -3.8599999999979495       0.26357955290010621     
  -3.8399999999979428       0.27317855873663444     
  -3.8199999999979362       0.28053114209692714     
  -3.7999999999979295       0.28557024096457390     
  -3.7799999999979228       0.28824763554701471     
  -3.7599999999979161       0.28853451705073352     
  -3.7399999999979094       0.28642189836624488     
  -3.7199999999979028       0.28192086012284928     
  -3.6999999999978961       0.27506262692610545     
  -3.6799999999978894       0.26589847006409828     
  -3.6599999999978827       0.25449943454764606     
  -3.6399999999978760       0.24095589001722609     
  -3.6199999999978694       0.22537690678437572     
  -3.5999999999978627       0.20788946005397274     
  -3.5799999999978560       0.18863746716995547     
  -3.5599999999978493       0.16778066451310261     
  -3.5399999999978427       0.14549333242708645     
  -3.5199999999978360       0.12196287822990720     
  -3.4999999999978293        9.7388288954609104E-002
  -3.4799999999978226        7.1978466930359863E-002
  -3.4599999999978159        4.5950462639385542E-002
  -3.4399999999978093        1.9527620447016992E-002
  -3.4199999999978026       -7.0623462150854969E-003
  -3.3999999999977959       -3.3589332840762286E-002
  -3.3799999999977892       -5.9822857051809057E-002
  -3.3599999999977825       -8.5534088656589735E-002
  -3.3399999999977759      -0.11049787802228798     
  -3.3199999999977692      -0.13449476422766962     
  -3.2999999999977625      -0.15731294466200677     
  -3.2799999999977558      -0.17875018811301652     
  -3.2599999999977491      -0.19861567392895807     
  -3.2399999999977425      -0.21673174053260560     
  -3.2199999999977358      -0.23293552739183904     
  -3.1999999999977291      -0.24708049549730116     
  -3.1799999999977224      -0.25903781244648671     
  -3.1599999999977157      -0.26869758937156724     
  -3.1399999999977091      -0.27596995816250930     
  -3.1199999999977024      -0.28078597871682603     
  -3.0999999999976957      -0.28309836728389937     
  -3.0799999999976890      -0.28288203835865505     
  -3.0599999999976824      -0.28013445401178200     
  -3.0399999999976757      -0.27487577601871449     
  -3.0199999999976690      -0.26714881766546661     
  -2.9999999999976623      -0.25701879366513208     
  -2.9799999999976556      -0.24457286821341917     
  -2.9599999999976490      -0.22991950284354629     
  -2.9399999999976423      -0.21318760740739917     
  -2.9199999999976356      -0.19452549920646633     
  -2.8999999999976289      -0.17409967701585757     
  -2.8799999999976222      -0.15209341847781443     
  -2.8599999999976156      -0.12870521107480187     
  -2.8399999999976089      -0.10414702861039307     
  -2.8199999999976022       -7.8642466809576567E-002
  -2.7999999999975955       -5.2424753276690363E-002
  -2.7799999999975888       -2.5734648594365639E-002
  -2.7599999999975822        1.1817432157811842E-003
  -2.7399999999975755        2.8075235347963121E-002
  -2.7199999999975688        5.4695869320871511E-002
  -2.6999999999975621        8.0795254929664412E-002
  -2.6799999999975554       0.10612891669731897     
  -2.6599999999975488       0.13045862398578764     
  -2.6399999999975421       0.15355468168855660     
  -2.6199999999975354       0.17519815845843845     
  -2.5999999999975287       0.19518302973691637     
  -2.5799999999975221       0.21331821344740290     
  -2.5599999999975154       0.22942947709181066     
  -2.5399999999975087       0.24336119613895621     
  -2.5199999999975020       0.25497794499974102     
  -2.4999999999974953       0.26416590352729619     
  -2.4799999999974887       0.27083406383478759     
  -2.4599999999974820       0.27491522425959297     
  -2.4399999999974753       0.27636675948690531     
  -2.4199999999974686       0.27517115814317211     
  -2.3999999999974619       0.27133632154354431     
  -2.3799999999974553       0.26489561969132353     
  -2.3599999999974486       0.25590770304586774     
  -2.3399999999974419       0.24445607096553543     
  -2.3199999999974352       0.23064840006404477     
  -2.2999999999974285       0.21461563796607858     
  -2.2799999999974219       0.19651087008947579     
  -2.2599999999974152       0.17650796910007258     
  -2.2399999999974085       0.15480003856923427     
  -2.2199999999974018       0.13159766410604323     
  -2.1999999999973952       0.10712698683302491     
  -2.1799999999973885        8.1627615526983693E-002
  -2.1599999999973818        5.5350395058729025E-002
  -2.1399999999973751        2.8555049943085456E-002
  -2.1199999999973684        1.5077228606450342E-003
  -2.0999999999973618       -2.5521571057574723E-002
  -2.0799999999973551       -5.2261552575558486E-002
  -2.0599999999973484       -7.8442327014038901E-002
  -2.0399999999973417      -0.10379805031461428     
  -2.0199999999973350      -0.12806958909921023     
  -1.9999999999973281      -0.15100715093560113     
  -1.9799999999973212      -0.17237286075548430     
  -1.9599999999973143      -0.19194325923591193     
  -1.9399999999973074      -0.20951169896119828     
  -1.9199999999973005      -0.22489061434670518     
  -1.8999999999972936      -0.23791364164571502     
  -1.8799999999972867      -0.24843756589440710     
  -1.8599999999972798      -0.25634407239589846     
  -1.8399999999972729      -0.26154128131942139     
  -1.8199999999972660      -0.26396504520957476     
  -1.7999999999972591      -0.26357999067464760     
  -1.7799999999972522      -0.26038028725940476     
  -1.7599999999972453      -0.25439012850878545     
  -1.7399999999972384      -0.24566391249164538     
  -1.7199999999972315      -0.23428611156906742     
  -1.6999999999972246      -0.22037082394539051     
  -1.6799999999972177      -0.20406100251174636     
  -1.6599999999972108      -0.18552735965618206     
  -1.6399999999972039      -0.16496695004149525     
  -1.6199999999971970      -0.14260143680787715     
  -1.5999999999971901      -0.11867505020577908     
  -1.5799999999971832       -9.3452251266311959E-002
  -1.5599999999971763       -6.7215116732336461E-002
  -1.5399999999971694       -4.0260465063280633E-002
  -1.5199999999971625       -1.2896746851406781E-002
  -1.4999999999971556        1.4559273591284777E-002
  -1.4799999999971487        4.1786015434528909E-002
  -1.4599999999971418        6.8460724171101855E-002
  -1.4399999999971349        9.4263224049047648E-002
  -1.4199999999971280       0.11887974138413542     
  -1.3999999999971211       0.14200675764926191     
  -1.3799999999971142       0.16335484914432155     
  -1.3599999999971073       0.18265246828706186     
  -1.3399999999971004       0.19964962016466584     
  -1.3199999999970935       0.21412138698135633     
  -1.2999999999970866       0.22587125246588544     
  -1.2799999999970797       0.23473417820411907     
  -1.2599999999970728       0.24057938427877235     
  -1.2399999999970659       0.24331278757624328     
  -1.2199999999970590       0.24287905270678156     
  -1.1999999999970521       0.23926321272707488     
  -1.1799999999970452       0.23249181980062100     
  -1.1599999999970383       0.22263358962461821     
  -1.1399999999970314       0.20979950793001703     
  -1.1199999999970245       0.19414237265216344     
  -1.0999999999970176       0.17585575148899688     
  -1.0799999999970107       0.15517234151188056     
  -1.0599999999970038       0.13236172525134920     
  -1.0399999999969969       0.10772752620416252     
  -1.0199999999969900        8.1603975931402395E-002
 -0.99999999999698319        5.4351914744492059E-002
 -0.97999999999697640        2.6354258282221470E-002
 -0.95999999999696961       -1.9890270875048588E-003
 -0.93999999999696282       -3.0266386336445298E-002
 -0.91999999999695603       -5.8060510910897652E-002
 -0.89999999999694924       -8.4954472136504269E-002
 -0.87999999999694245      -0.11053806827014326     
 -0.85999999999693566      -0.13441429158669574     
 -0.83999999999692887      -0.15620581401709013     
 -0.81999999999692208      -0.17556138338194452     
 -0.79999999999691529      -0.19216201746588601     
 -0.77999999999690850      -0.20572688030759592     
 -0.75999999999690171      -0.21601872436963682     
 -0.73999999999689492      -0.22284878389386584     
 -0.71999999999688813      -0.22608100889100446     
 -0.69999999999688134      -0.22563553595125338     
 -0.67999999999687455      -0.22149130142988621     
 -0.65999999999686776      -0.21368771452332766     
 -0.63999999999686097      -0.20232532220158286     
 -0.61999999999685418      -0.18756541472209984     
 -0.59999999999684739      -0.16962853926437135     
 -0.57999999999684060      -0.14879190976793968     
 -0.55999999999683381      -0.12538572293601000     
 -0.53999999999682702       -9.9788413129560549E-002
 -0.51999999999682023       -7.2420902019025013E-002
 -0.49999999999681344       -4.3739921839712009E-002
 -0.47999999999680665       -1.4230513344995029E-002
 -0.45999999999679986        1.5602179510614446E-002
 -0.43999999999679307        4.5241677071053712E-002
 -0.41999999999678628        7.4169335951400503E-002
 -0.39999999999677949       0.10187375409648015     
 -0.37999999999677270       0.12786022726057866     
 -0.35999999999676591       0.15166006875015853     
 -0.33999999999675912       0.17283960186185301     
 -0.31999999999675233       0.19100863632441831     
 -0.29999999999674554       0.20582824631184188     
 -0.27999999999673875       0.21701767821883028     
 -0.25999999999673196       0.22436023124669668     
 -0.23999999999672514       0.22770797268870147     
 -0.21999999999671832       0.22698517226828768     
 -0.19999999999671150       0.22219036550530427     
 -0.17999999999670468       0.21339698430344897     
 -0.15999999999669787       0.20075252312463188     
 -0.13999999999669105       0.18447624053577771     
 -0.11999999999668425       0.16485542782715121     
  -9.9999999996677441E-002  0.14224030802894330     
  -7.9999999996670637E-002  0.11703765921008048     
  -5.9999999996663833E-002   8.9703284662603827E-002
  -3.9999999996657029E-002   6.0733478727896702E-002
  -1.9999999996650222E-002   3.0655659938434183E-002
   3.3565858426065631E-012   1.8362240366558663E-005
   2.0000000003363393E-002  -3.0619210166195159E-002
   4.0000000003370201E-002  -6.0697848764821205E-002
   6.0000000003377005E-002  -8.9669006732953874E-002
   8.0000000003383809E-002 -0.11700524431793755     
  0.10000000000339061      -0.14221023797054863     
  0.12000000000339742      -0.16482814769263185     
  0.14000000000340423      -0.18445215182458613     
  0.16000000000341105      -0.20073197758783681     
  0.18000000000341787      -0.21338027861281442     
  0.20000000000342469      -0.22217773683414457     
  0.22000000000343151      -0.22697679485268471     
  0.24000000000343832      -0.22770395542015864     
  0.26000000000344514      -0.22436061632899787     
  0.28000000000345193      -0.21702244090317335     
  0.30000000000345872      -0.20583729570553444     
  0.32000000000346551      -0.19102181724997305     
  0.34000000000347230      -0.17285669772549328     
  0.36000000000347909      -0.15168080536191283     
  0.38000000000348588      -0.12788427753259266     
  0.40000000000349267      -0.10190074353215732     
  0.42000000000349946       -7.4198848825784855E-002
  0.44000000000350625       -4.5273263192622294E-002
  0.46000000000351304       -1.5635361446555130E-002
  0.48000000000351983        1.4196232703800974E-002
  0.50000000000352662        4.3705051501353544E-002
  0.52000000000353341        7.2385955029462476E-002
  0.54000000000354020        9.9753898755342588E-002
  0.56000000000354699       0.12535213901515874     
  0.58000000000355378       0.14875973534805595     
  0.60000000000356057       0.16959822763978974     
  0.62000000000356736       0.18753738697295858     
  0.64000000000357415       0.20229996132718486     
  0.66000000000358094       0.21366536025039989     
  0.68000000000358773       0.22147224576352589     
  0.70000000000359452       0.22562001952277164     
  0.72000000000360131       0.22606921814277775     
  0.74000000000360810       0.22284084912697477     
  0.76000000000361490       0.21601471866574334     
  0.78000000000362169       0.20572681932246126     
  0.80000000000362848       0.19216586007835440     
  0.82000000000363527       0.17556903316937039     
  0.84000000000364206       0.15621712151621461     
  0.86000000000364885       0.13442905728807333     
  0.88000000000365564       0.11055604628451385     
  0.90000000000366243        8.4975374463096054E-002
  0.92000000000366922        5.8084012230622963E-002
  0.94000000000367601        3.0292129247375867E-002
  0.96000000000368280        2.0166276958835183E-003
  0.98000000000368959       -2.6325204504834294E-002
   1.0000000000036964       -5.4321826928560552E-002
   1.0200000000037033       -8.1573281691714308E-002
   1.0400000000037102      -0.10769665552606440     
   1.0600000000037171      -0.13233110446717961     
   1.0800000000037240      -0.15514238745000897     
   1.1000000000037309      -0.17582686587298449     
   1.1200000000037378      -0.19411493682177472     
   1.1400000000037447      -0.20977387794922947     
   1.1600000000037516      -0.22261009183454208     
   1.1800000000037585      -0.23247074686748448     
   1.2000000000037654      -0.23924482022727064     
   1.2200000000037723      -0.24286355628254197     
   1.2400000000037792      -0.24330036068693897     
   1.2600000000037861      -0.24057015656421293     
   1.2800000000037930      -0.23472823446771213     
   1.3000000000037999      -0.22586863227715631     
   1.3200000000038068      -0.21412208488925236     
   1.3400000000038137      -0.19965358650537074     
   1.3600000000038206      -0.18265961056275709     
   1.3800000000038275      -0.16336503394258595     
   1.4000000000038344      -0.14201981306659811     
   1.4200000000038413      -0.11889545991155305     
   1.4400000000038482       -9.4281365872726688E-002
   1.4600000000038551       -6.8481020836963807E-002
   1.4800000000038620       -4.1808173822077570E-002
   1.5000000000038689       -1.4582980139357739E-002
   1.5200000000038758        1.2871821726291147E-002
   1.5400000000038827        4.0234662416477517E-002
   1.5600000000038896        6.7188784469468771E-002
   1.5800000000038965        9.3425739511104069E-002
   1.6000000000039034       0.11864870671688411     
   1.6200000000039103       0.14257560250247248     
   1.6400000000039172       0.16494195468099790     
   1.6600000000039241       0.18550351774634374     
   1.6800000000039310       0.20403860946572985     
   1.7000000000039379       0.22035015255423065     
   1.7200000000039448       0.23426740881922176     
   1.7400000000039517       0.24564739676427183     
   1.7600000000039586       0.25437598718991328     
   1.7800000000039655       0.26036867478446879     
   1.8000000000039724       0.26357102702492552     
   1.8200000000039793       0.26395881487203915     
   1.8400000000039862       0.26153783271543779     
   1.8600000000039931       0.25634341777813502     
   1.8800000000040000       0.24843968170541797     
   1.9000000000040069       0.23791846932588784     
   1.9200000000040138       0.22489806157378511     
   1.9400000000040207       0.20952164129844553     
   1.9600000000040276       0.19195554216116589     
   1.9800000000040345       0.17238730203909511     
   2.0000000000040412       0.15102354333134038     
   2.0200000000040479       0.12808770330898350     
   2.0400000000040546       0.10381763818505672     
   2.0600000000040612        7.8463124920939320E-002
   2.0800000000040679        5.2283284950505333E-002
   2.1000000000040746        2.5543954010300150E-002
   2.1200000000040813       -1.4849778710712524E-003
   2.1400000000040880       -2.8532232434783443E-002
   2.1600000000040946       -5.5327791896971630E-002
   2.1800000000041013       -8.1605507381904030E-002
   2.2000000000041080      -0.10710564476744286     
   2.2200000000041147      -0.13157734633338700     
   2.2400000000041214      -0.15478098741868082     
   2.2600000000041280      -0.17649040822279399     
   2.2800000000041347      -0.19649500193631370     
   2.3000000000041414      -0.21460164156309650     
   2.3200000000041481      -0.23063642910832546     
   2.3400000000041548      -0.24444625225931985     
   2.3600000000041614      -0.25590013528273664     
   2.3800000000041681      -0.26489037260367176     
   2.4000000000041748      -0.27133343541611954     
   2.4200000000041815      -0.27517064369300714     
   2.4400000000041882      -0.27636859810562453     
   2.4600000000041948      -0.27491936860983662     
   2.4800000000042015      -0.27084043878844866     
   2.5000000000042082      -0.26417440742940956     
   2.5200000000042149      -0.25498845123828218     
   2.5400000000042215      -0.24337355499746580     
   2.5600000000042282      -0.22944351785877820     
   2.5800000000042349      -0.21333374675365618     
   2.6000000000042416      -0.19519985008996435     
   2.6200000000042483      -0.17521604694077983     
   2.6400000000042549      -0.15357340878544373     
   2.6600000000042616      -0.13047795250680697     
   2.6800000000042683      -0.10614860475544936     
   2.7000000000042750       -8.0815058941204720E-002
   2.7200000000042817       -5.4715546989767133E-002
   2.7400000000042883       -2.8094548598643146E-002
   2.7600000000042950       -1.2004610396058432E-003
   2.7800000000043017        2.5716747412555922E-002
   2.8000000000043084        5.2407877583642029E-002
   2.8200000000043151        7.8626810689874121E-002
   2.8400000000043217       0.10413276920095985     
   2.8600000000043284       0.12869250661190818     
   2.8800000000043351       0.15208240659775135     
   2.9000000000043418       0.17409047332710370     
   2.9200000000043485       0.19451819614763549     
   2.9400000000043551       0.21318227340156545     
   2.9600000000043618       0.22991618175575015     
   2.9800000000043685       0.24457157911428959     
   3.0000000000043752       0.25701953089971807     
   3.0200000000043818       0.26715155122253292     
   3.0400000000043885       0.27488045219206564     
   3.0600000000043952       0.28014099634159340     
   3.0800000000044019       0.28289034883742048     
   3.1000000000044086       0.28310832780849488     
   3.1200000000044152       0.28079745276532236     
   3.1400000000044219       0.27598279267185910     
   3.1600000000044286       0.26871161679012195     
   3.1800000000044353       0.25905285293349500     
   3.2000000000044420       0.24709635924015999     
   3.2200000000044486       0.23295201701087689     
   3.2400000000044553       0.21674865354260239     
   3.2600000000044620       0.19863280522645893     
   3.2800000000044687       0.17876733245874710     
   3.3000000000044754       0.15732989912833617     
   3.3200000000044820       0.13451133058208317     
   3.3400000000044887       0.11051386501920746     
   3.3600000000044954        8.5549314211548280E-002
   3.3800000000045021        5.9837150273964988E-002
   3.4000000000045087        3.3602535901945951E-002
   3.4200000000045154        7.0743160360092717E-003
   3.4400000000045221       -1.9517010710164380E-002
   3.4600000000045288       -4.5941322322005290E-002
   3.4800000000045355       -7.1970886811397711E-002
   3.5000000000045421       -9.7382340441744694E-002
   3.5200000000045488      -0.12195861278344307     
   3.5400000000045555      -0.14549078122512324     
   3.5600000000045622      -0.16777983835776827     
   3.5800000000045689      -0.18863835663171924     
   3.6000000000045755      -0.20789203584843172     
   3.6200000000045822      -0.22538112037340735     
   3.6400000000045889      -0.24096167442403815     
   3.6600000000045956      -0.25450670537307551     
   3.6800000000046023      -0.26590712668950262     
   3.7000000000046089      -0.27507255388638613     
   3.7200000000046156      -0.28193192863153793     
   3.7400000000046223      -0.28643396797321280     
   3.7600000000046290      -0.28854743741188527     
   3.7800000000046357      -0.28826124828443522     
   3.8000000000046423      -0.28558438159483840     
   3.8200000000046490      -0.28054564200486121     
   3.8400000000046557      -0.27319324717152743     
   3.8600000000046624      -0.26359425897142846     
   3.8800000000046690      -0.25183386437495220     
   3.9000000000046757      -0.23801451482016356     
   3.9200000000046824      -0.22225493388358225     
   3.9400000000046891      -0.20468900385451441     
   3.9600000000046958      -0.18546454249460431     
   3.9800000000047024      -0.16474198181135533     
   4.0000000000047091      -0.14269296110167359     
   4.0200000000047158      -0.11949884683858505     
   4.0400000000047225       -9.5349192191249404E-002
   4.0600000000047292       -7.0440149095389801E-002
   4.0800000000047358       -4.4972845837752906E-002
   4.1000000000047425       -1.9151743092744127E-002
   4.1200000000047492        6.8170187411746427E-003
   4.1400000000047559        3.2727268208071460E-002
   4.1600000000047626        5.8374434973682846E-002
   4.1800000000047692        8.3557153288546598E-002
   4.2000000000047759       0.10807882482389093     
   4.2200000000047826       0.13174912934368341     
   4.2400000000047893       0.15438547211145831     
   4.2600000000047960       0.17581435743012755     
   4.2800000000048026       0.19587267828132338     
   4.3000000000048093       0.21440891267180320     
   4.3200000000048160       0.23128421801143453     
   4.3400000000048227       0.24637341564223655     
   4.3600000000048293       0.25956585851123587     
   4.3800000000048360       0.27076617592972457     
   4.4000000000048427       0.27989489038384124     
   4.4200000000048494       0.28688890244957310     
   4.4400000000048561       0.29170184101020591     
   4.4600000000048627       0.29430427716427765     
   4.4800000000048694       0.29468380143337120     
   4.5000000000048761       0.29284496511587516     
   4.5200000000048828       0.28880908786777498     
   4.5400000000048895       0.28261393480646796     
   4.5600000000048961       0.27431326760979258     
   4.5800000000049028       0.26397627520148792     
   4.6000000000049095       0.25168689065852540     
   4.6200000000049162       0.23754300192888791     
   4.6400000000049229       0.22165556479624876     
   4.6600000000049295       0.20414762725858890     
   4.6800000000049362       0.18515327509224155     
   4.7000000000049429       0.16481650884501511     
   4.7200000000049496       0.14329006283931192     
   4.7400000000049562       0.12073417696895904     
   4.7600000000049629        9.7315332145490513E-002
   4.7800000000049696        7.3204960197450791E-002
   4.8000000000049763        4.8578138859074319E-002
   4.8200000000049830        2.3612282213801936E-002
   4.8400000000049896       -1.5141634035162363E-003
   4.8600000000049963       -2.6623008480072978E-002
   4.8800000000050030       -5.1537585308692728E-002
   4.9000000000050097       -7.6083980363521014E-002
   4.9200000000050164      -0.10009222613055846     
   4.9400000000050230      -0.12339744505692860     
   4.9600000000050297      -0.14584093889282168     
   4.9800000000050364      -0.16727121730941041     
   5.0000000000050431      -0.18754496027714251     
   5.0200000000050498      -0.20652790927631742     
   5.0400000000050564      -0.22409568298265981     
   5.0600000000050631      -0.24013451362354976     
   5.0800000000050698      -0.25454190073666860     
   5.1000000000050765      -0.26722717958439030     
   5.1200000000050832      -0.27811200198808905     
   5.1400000000050898      -0.28713072785118249     
   5.1600000000050965      -0.29423072614302553     
   5.1800000000051032      -0.29937258462268451     
   5.2000000000051099      -0.30253022809634400     
   5.2200000000051165      -0.30369094552814047     
   5.2400000000051232      -0.30285532686365513     
   5.2600000000051299      -0.30003711097873498     
   5.2800000000051366      -0.29526294673264020     
   5.3000000000051433      -0.28857206968074417     
   5.3200000000051499      -0.28001589758342899     
   5.3400000000051566      -0.26965754842793760     
   5.3600000000051633      -0.25757128525082729     
   5.3800000000051700      -0.24384189260118264     
   5.4000000000051767      -0.22856399000884503     
   5.4200000000051833      -0.21184128830719276     
   5.4400000000051900      -0.19378579509600274     
   5.4600000000051967      -0.17451697600662586     
   5.4800000000052034      -0.15416087874004328     
   5.5000000000052101      -0.13284922708052832     
   5.5200000000052167      -0.11071849223754278     
   5.5400000000052234       -8.7908948931892134E-002
   5.5600000000052301       -6.4563723617262009E-002
   5.5800000000052368       -4.0827842115163472E-002
   5.6000000000052435       -1.6847283742970245E-002
   5.6200000000052501        7.2319512642151137E-003
   5.6400000000052568        3.1264754589306269E-002
   5.6600000000052635        5.5107796894908509E-002
   5.6800000000052702        7.8620383549992429E-002
   5.7000000000052768       0.10166527397410854     
   5.7200000000052835       0.12410946009518439     
   5.7400000000052902       0.14582489997835504     
   5.7600000000052969       0.16668920324982711     
   5.7800000000053036       0.18658626550018867     
   5.8000000000053102       0.20540684939480031     
   5.8200000000053169       0.22304911073604816     
   5.8400000000053236       0.23941906820537751     
   5.8600000000053303       0.25443101595685985     
   5.8800000000053370       0.26800787863448766     
   5.9000000000053436       0.28008150874131527     
   5.9200000000053503       0.29059292659977082     
   5.9400000000053570       0.29949250341179984     
   5.9600000000053637       0.30674008815813630     
   5.9800000000053704       0.31230507927371831     
   6.0000000000053770       0.31616644220669160     
   6.0200000000053837       0.31831267411874542     
   6.0400000000053904       0.31874171712141369     
   6.0600000000053971       0.31746082157347610     
   6.0800000000054037       0.31448636109480604     
   6.1000000000054104       0.30984360108752579     
   6.1200000000054171       0.30356642270020162     
   6.1400000000054238       0.29569700432808560     
   6.1600000000054305       0.28628546291321583     
   6.1800000000054371       0.27538945749245680     
   6.2000000000054438       0.26307375763718804     
   6.2200000000054505       0.24940977963222483     
   6.2400000000054572       0.23447509344866971     
   6.2600000000054639       0.21835290377022620     
   6.2800000000054705       0.20113150852814207     
   6.3000000000054772       0.18290373857945030     
   6.3200000000054839       0.16376638231909724     
   6.3400000000054906       0.14381959914193418     
   6.3600000000054973       0.12316632575874413     
   6.3800000000055039       0.10191167941597520     
   6.4000000000055106        8.0162362067111956E-002
   6.4200000000055173        5.8026069491606110E-002
   6.4400000000055240        3.5610909253601365E-002
   6.4600000000055307        1.3024831237447397E-002
   6.4800000000055373       -9.6249257076985797E-003
   6.5000000000055440       -3.2232367732602490E-002
   6.5200000000055507       -5.4693257571827074E-002
   6.5400000000055574       -7.6905601082187136E-002
   6.5600000000055640       -9.8770106423482926E-002
   6.5800000000055707      -0.12019061393939125     
   6.6000000000055774      -0.14107449517587420     
   6.6200000000055841      -0.16133301985368101     
   6.6400000000055908      -0.18088168998198656     
   6.6600000000055974      -0.19964054065305309     
   6.6800000000056041      -0.21753440738600127     
   6.7000000000056108      -0.23449316018432448     
   6.7200000000056175      -0.25045190473229079     
   6.7400000000056242      -0.26535115137560705     
   6.7600000000056308      -0.27913695271045297     
   6.7800000000056375      -0.29176101074132332     
   6.8000000000056442      -0.30318075466399386     
   6.8200000000056509      -0.31335939038767546     
   6.8400000000056576      -0.32226592293468187     
   6.8600000000056642      -0.32987515285163854     
   6.8800000000056709      -0.33616764773992813     
   6.9000000000056776      -0.34112968997093551     
   6.9200000000056843      -0.34475320160121131     
   6.9400000000056909      -0.34703564745016763     
   6.9600000000056976      -0.34797991725529709     
   6.9800000000057043      -0.34759418778255757     
   7.0000000000057110      -0.34589176574759078     
   7.0200000000057177      -0.34289091240025477     
   7.0400000000057243      -0.33861465064329316     
   7.0600000000057310      -0.33309055559647416     
   7.0800000000057377      -0.32635052958023453     
   7.1000000000057444      -0.31843056257566305     
   7.1200000000057511      -0.30937047931788880     
   7.1400000000057577      -0.29921367429317336     
   7.1600000000057644      -0.28800683603155708     
   7.1800000000057711      -0.27579966221074653     
   7.2000000000057778      -0.26264456720736529     
   7.2200000000057845      -0.24859638384212751     
   7.2400000000057911      -0.23371206116031834     
   7.2600000000057978      -0.21805036016226870     
   7.2800000000058045      -0.20167154944574495     
   7.3000000000058112      -0.18463710273920747     
   7.3200000000058179      -0.16700940028907024     
   7.3400000000058245      -0.14885143601378659     
   7.3600000000058312      -0.13022653225266392     
   7.3800000000058379      -0.11119806381879048     
   7.4000000000058446       -9.1829192915845056E-002
   7.4200000000058512       -7.2182616301538494E-002
   7.4400000000058579       -5.2320325880538497E-002
   7.4600000000058646       -3.2303383692816288E-002
   7.4800000000058713       -1.2191712035365917E-002
   7.5000000000058780        7.9561007769225183E-003
   7.5200000000058846        2.8082978735259900E-002
   7.5400000000058913        4.8133520490447286E-002
   7.5600000000058980        6.8054145885917322E-002
   7.5800000000059047        8.7793227004772531E-002
   7.6000000000059114       0.10730120422426168     
   7.6200000000059180       0.12653068790065714     
   7.6400000000059247       0.14543654640552645     
   7.6600000000059314       0.16397598129919128     
   7.6800000000059381       0.18210859045927821     
   7.7000000000059448       0.19979641998258252     
   7.7200000000059514       0.21700400564985231     
   7.7400000000059581       0.23369840468881078     
   7.7600000000059648       0.24984921849557612     
   7.7800000000059715       0.26542860688342246     
   7.8000000000059782       0.28041129432662038     
   7.8200000000059848       0.29477456856131223     
   7.8400000000059915       0.30849827180141370     
   7.8600000000059982       0.32156478473045325     
   7.8800000000060049       0.33395900334566109     
   7.9000000000060115       0.34566830866254328     
   7.9200000000060182       0.35668252924044247     
   7.9400000000060249       0.36699389646449282     
   7.9600000000060316       0.37659699251859885     
   7.9800000000060383       0.38548869100763095     
   8.0000000000060449       0.39366809023436278     
   8.0200000000060516       0.40113643920548681     
   8.0400000000060583       0.40789705652887875     
   8.0600000000060650       0.41395524246665727     
   8.0800000000060717       0.41931818452184738     
   8.1000000000060783       0.42399485705475043     
   8.1200000000060850       0.42799591554403532     
   8.1400000000060917       0.43133358622095508     
   8.1600000000060984       0.43402155190868125     
   8.1800000000061051       0.43607483498691785     
   8.2000000000061117       0.43750967847131289     
   8.2200000000061184       0.43834342624375661     
   8.2400000000061251       0.43859440349121315     
   8.2600000000061318       0.43828179840563652     
   8.2800000000061384       0.43742554616536033     
   8.3000000000061451       0.43604621615959854     
   8.3200000000061518       0.43416490333412278     
   8.3400000000061585       0.43180312443028324     
   8.3600000000061652       0.42898271976484681     
   8.3800000000061718       0.42572576105864834     
   8.4000000000061785       0.42205446567289501     
   8.4200000000061852       0.41799111745769579     
   8.4400000000061919       0.41355799426379797     
   8.4600000000061986       0.40877730202030171     
   8.4800000000062052       0.40367111514380077     
   8.5000000000062119       0.39826132292180300     
   8.5200000000062186       0.39256958141011078     
   8.5400000000062253       0.38661727030241577     
   8.5600000000062320       0.38042545417375140     
   8.5800000000062386       0.37401484746825153     
   8.6000000000062453       0.36740578259690071     
   8.6200000000062520       0.36061818053135891     
   8.6400000000062587       0.35367152332443391     
   8.6600000000062654       0.34658482805338992     
   8.6800000000062720       0.33937662176625710     
   8.7000000000062787       0.33206491710922686     
   8.7200000000062854       0.32466718842111031     
   8.7400000000062921       0.31720034819384529     
   8.7600000000062987       0.30968072391130957     
   8.7800000000063054       0.30212403538764698     
   8.8000000000063121       0.29454537282626225     
   8.8200000000063188       0.28695917590772119     
   8.8400000000063255       0.27937921428525486     
   8.8600000000063321       0.27181856991788672     
   8.8800000000063388       0.26428962170098891     
   8.9000000000063455       0.25680403286161807     
   8.9200000000063522       0.24937274157055317     
   8.9400000000063589       0.24200595518553794     
   8.9600000000063655       0.23471314848211910     
   8.9800000000063722       0.22750306615197605     
   9.0000000000063789       0.22038372975670767     
   9.0200000000063856       0.21336244922133704     
   9.0400000000063923       0.20644583883997575     
   9.0600000000063989       0.19963983765087445     
   9.0800000000064056       0.19294973392327233     
   9.1000000000064123       0.18638019338889728     
   9.1200000000064190       0.17993529075031056     
   9.1400000000064257       0.17361854391059248     
   9.1600000000064323       0.16743295029712693     
   9.1800000000064390       0.16138102459932568     
   9.2000000000064457       0.15546483720771320     
   9.2200000000064524       0.14968605263130316     
   9.2400000000064590       0.14404596718180715     
   9.2600000000064657       0.13854554524664595     
   9.2800000000064724       0.13318545352672193     
   9.3000000000064791       0.12796609268759410     
   9.3200000000064858       0.12288762596151213     
   9.3400000000064924       0.11795000433965104     
   9.3600000000064991       0.11315298810531491     
   9.3800000000065058       0.10849616457611098     
   9.4000000000065125       0.10397896204212967     
   9.4200000000065192        9.9600660004136921E-002
   9.4400000000065258        9.5360395926780264E-002
   9.4600000000065325        9.1257168823412615E-002
   9.4800000000065392        8.7289840078009925E-002
   9.5000000000065459        8.3457131983293853E-002
   9.5200000000065526        7.9757624530316068E-002
   9.5400000000065592        7.6189751022005328E-002
   9.5600000000065659        7.2751793100691659E-002
   9.5800000000065726        6.9441875777271900E-002
   9.6000000000065793        6.6257963027982966E-002
   9.6200000000065859        6.3197854484941210E-002
   9.6400000000065926        6.0259183690347246E-002
   9.6600000000065993        5.7439418313937521E-002
   9.6800000000066060        5.4735862651423946E-002
   9.7000000000066127        5.2145662631425088E-002
   9.7200000000066193        4.9665813462856846E-002
   9.7400000000066260        4.7293169957258518E-002
   9.7600000000066327        4.5024459464301121E-002
   9.7800000000066394        4.2856297266925879E-002
   9.8000000000066461        4.0785204197999143E-002
   9.8200000000066527        3.8807626165691070E-002
   9.8400000000066594        3.6919955212044622E-002
   9.8600000000066661        3.5118551680146187E-002
   9.8800000000066728        3.3399767031052477E-002
   9.9000000000066795        3.1759966832874319E-002
   9.9200000000066861        3.0195553441187576E-002
   9.9400000000066928        2.8702987901909643E-002
   9.9600000000066995        2.7278810633958053E-002
   9.9800000000067062        2.5919660488122082E-002
