  -10.000000000000000        2.7076685723055459E-005
  -9.9799999999999933        3.3673297079273929E-005
  -9.9599999999999866        4.0157557949025450E-005
  -9.9399999999999800        4.6494740649750249E-005
  -9.9199999999999733        5.2651346430488396E-005
  -9.8999999999999666        5.8595351531279045E-005
  -9.8799999999999599        6.4296399617375631E-005
  -9.8599999999999532        6.9725938252181637E-005
  -9.8399999999999466        7.4857299323717049E-005
  -9.8199999999999399        7.9665725594482546E-005
  -9.7999999999999332        8.4128347715676800E-005
  -9.7799999999999265        8.8224118049584066E-005
  -9.7599999999999199        9.1933709396747605E-005
  -9.7399999999999132        9.5239388156765194E-005
  -9.7199999999999065        9.8124872501822809E-005
  -9.6999999999998998        1.0057518676410861E-004
  -9.6799999999998931        1.0257652340122089E-004
  -9.6599999999998865        1.0411612359407138E-004
  -9.6399999999998798        1.0518218675440305E-004
  -9.6199999999998731        1.0576381799686441E-004
  -9.5999999999998664        1.0585102100423005E-004
  -9.5799999999998597        1.0543474174120033E-004
  -9.5599999999998531        1.0450696622376359E-004
  -9.5399999999998464        1.0306087311070660E-004
  -9.5199999999998397        1.0109103934479310E-004
  -9.4999999999998330        9.8593694530786882E-005
  -9.4799999999998263        9.5567017295832804E-005
  -9.4599999999998197        9.2011464633064984E-005
  -9.4399999999998130        8.7930123272783942E-005
  -9.4199999999998063        8.3329070539989311E-005
  -9.3999999999997996        7.8217731011957089E-005
  -9.3799999999997929        7.2609214637767909E-005
  -9.3599999999997863        6.6520621859672419E-005
  -9.3399999999997796        5.9973301698073970E-005
  -9.3199999999997729        5.2993049723933635E-005
  -9.2999999999997662        4.5610234316640837E-005
  -9.2799999999997596        3.7859841546832502E-005
  -9.2599999999997529        2.9781431366283376E-005
  -9.2399999999997462        2.1419000448826576E-005
  -9.2199999999997395        1.2820749913104285E-005
  -9.1999999999997328        4.0387591635069513E-006
  -9.1799999999997262       -4.8714299013787334E-006
  -9.1599999999997195       -1.3851311154968277E-005
  -9.1399999999997128       -2.2839985133967816E-005
  -9.1199999999997061       -3.1774790332232802E-005
  -9.0999999999996994       -4.0591980712975969E-005
  -9.0799999999996928       -4.9227433782815733E-005
  -9.0599999999996861       -5.7617372645711103E-005
  -9.0399999999996794       -6.5699085116142144E-005
  -9.0199999999996727       -7.3411623233153445E-005
  -8.9999999999996660       -8.0696467373104873E-005
  -8.9799999999996594       -8.7498140577325749E-005
  -8.9599999999996527       -9.3764760637661261E-005
  -8.9399999999996460       -9.9448519843792972E-005
  -8.9199999999996393       -1.0450608499799557E-004
  -8.8999999999996326       -1.0889891324007304E-004
  -8.8799999999996260       -1.1259348227948001E-004
  -8.8599999999996193       -1.1556143668059759E-004
  -8.8399999999996126       -1.1777965476790358E-004
  -8.8199999999996059       -1.1923024338992537E-004
  -8.7999999999995993       -1.1990047009580710E-004
  -8.7799999999995926       -1.1978264413829541E-004
  -8.7599999999995859       -1.1887395904490560E-004
  -8.7399999999995792       -1.1717631023686138E-004
  -8.7199999999995725       -1.1469610129100103E-004
  -8.6999999999995659       -1.1144405192495015E-004
  -8.6799999999995592       -1.0743501966022540E-004
  -8.6599999999995525       -1.0268784542627768E-004
  -8.6399999999995458       -9.7225231179182681E-005
  -8.6199999999995391       -9.1073655014827127E-005
  -8.5999999999995325       -8.4263326366228276E-005
  -8.5799999999995258       -7.6828180811943614E-005
  -8.5599999999995191       -6.8805910922507959E-005
  -8.5399999999995124       -6.0238026568537682E-005
  -8.5199999999995057       -5.1169935346232830E-005
  -8.4999999999994991       -4.1651031368117479E-005
  -8.4799999999994924       -3.1734778737310528E-005
  -8.4599999999994857       -2.1478774666660494E-005
  -8.4399999999994790       -1.0944776497537578E-005
  -8.4199999999994724       -1.9867686338044229E-007
  -8.3999999999994657        1.0689588045632927E-005
  -8.3799999999994590        2.1646210738936903E-005
  -8.3599999999994523        3.2593776730301901E-005
  -8.3399999999994456        4.3451629717629781E-005
  -8.3199999999994390        5.4136343250078031E-005
  -8.2999999999994323        6.4562300884861293E-005
  -8.2799999999994256        7.4642382962790096E-005
  -8.2599999999994189        8.4288754145489333E-005
  -8.2399999999994122        9.3413741912504273E-005
  -8.2199999999994056        1.0193079247030167E-004
  -8.1999999999993989        1.0975548712963311E-004
  -8.1799999999993922        1.1680659930180227E-004
  -8.1599999999993855        1.2300716997211625E-004
  -8.1399999999993788        1.2828557792901712E-004
  -8.1199999999993722        1.3257658023286206E-004
  -8.0999999999993655        1.3582229844236196E-004
  -8.0799999999993588        1.3797312698803188E-004
  -8.0599999999993521        1.3898854176660038E-004
  -8.0399999999993454        1.3883778947349626E-004
  -8.0199999999993388        1.3750044130239700E-004
  -7.9999999999993321        1.3496679830889908E-004
  -7.9799999999993254        1.3123813981967523E-004
  -7.9599999999993187        1.2632681061549526E-004
  -7.9399999999993121        1.2025614705678264E-004
  -7.9199999999993054        1.1306024668671228E-004
  -7.8999999999992987        1.0478358996536992E-004
  -7.8799999999992920        9.5480526506188285E-005
  -7.8599999999992853        8.5214641356541674E-005
  -7.8399999999992787        7.4058019369769204E-005
  -7.8199999999992720        6.2090427465635964E-005
  -7.7999999999992653        4.9398435508711143E-005
  -7.7799999999992586        3.6074496626189703E-005
  -7.7599999999992519        2.2216007048486397E-005
  -7.7399999999992453        7.9243640359942295E-006
  -7.7199999999992386       -6.6959617677282584E-006
  -7.6999999999992319       -2.1538326026268079E-005
  -7.6799999999992252       -3.6494772177980269E-005
  -7.6599999999992185       -5.1456847969405159E-005
  -7.6399999999992119       -6.6316374019574420E-005
  -7.6199999999992052       -8.0966164998723855E-005
  -7.5999999999991985       -9.5300707390106424E-005
  -7.5799999999991918       -1.0921680078711867E-004
  -7.5599999999991851       -1.2261417211206318E-004
  -7.5399999999991785       -1.3539607390048258E-004
  -7.5199999999991718       -1.4746987878070156E-004
  -7.4999999999991651       -1.5874768243050524E-004
  -7.4799999999991584       -1.6914692659079163E-004
  -7.4599999999991518       -1.7859105217257984E-004
  -7.4399999999991451       -1.8701019016698726E-004
  -7.4199999999991384       -1.9434189505119275E-004
  -7.3999999999991317       -2.0053192180385739E-004
  -7.3799999999991250       -2.0553504365787415E-004
  -7.3599999999991184       -2.0931590350648519E-004
  -7.3399999999991117       -2.1184988763527443E-004
  -7.3199999999991050       -2.1312400637853239E-004
  -7.2999999999990983       -2.1313776259326611E-004
  -7.2799999999990916       -2.1190398569794611E-004
  -7.2599999999990850       -2.0944960660346129E-004
  -7.2399999999990783       -2.0581634731535990E-004
  -7.2199999999990716       -2.0106129841659619E-004
  -7.1999999999990649       -1.9525735812002672E-004
  -7.1799999999990582       -1.8849350813438326E-004
  -7.1599999999990516       -1.8087490420155006E-004
  -7.1399999999990449       -1.7252276277019999E-004
  -7.1199999999990382       -1.6357402976769953E-004
  -7.0999999999990315       -1.5418082267274293E-004
  -7.0799999999990249       -1.4450964289514551E-004
  -7.0599999999990182       -1.3474036163392935E-004
  -7.0399999999990115       -1.2506498868140696E-004
  -7.0199999999990048       -1.1568623984369436E-004
  -6.9999999999989981       -1.0681592451559797E-004
  -6.9799999999989915       -9.8673180265901431E-005
  -6.9599999999989848       -9.1482585853436296E-005
  -6.9399999999989781       -8.5472187727608575E-005
  -6.9199999999989714       -8.0871477639532803E-005
  -6.8999999999989647       -7.7909360401572412E-005
  -6.8799999999989581       -7.6812151037726389E-005
  -6.8599999999989514       -7.7801639565460443E-005
  -6.8399999999989447       -8.1093259493146512E-005
  -6.8199999999989380       -8.6894392898699657E-005
  -6.7999999999989313       -9.5402840820715400E-005
  -6.7799999999989247       -1.0680548281383017E-004
  -6.7599999999989180       -1.2127714410818056E-004
  -6.7399999999989113       -1.3897968308913553E-004
  -6.7199999999989046       -1.6006130602026780E-004
  -6.6999999999988979       -1.8465611030401519E-004
  -6.6799999999988913       -2.1288385233725934E-004
  -6.6599999999988846       -2.4484993137796331E-004
  -6.6399999999988779       -2.8064557697144452E-004
  -6.6199999999988712       -3.2034822452281541E-004
  -6.5999999999988646       -3.6402206164389261E-004
  -6.5799999999988579       -4.1171872698600844E-004
  -6.5599999999988512       -4.6347814339178138E-004
  -6.5399999999988445       -5.1932946829858580E-004
  -6.5199999999988378       -5.7929214629703126E-004
  -6.4999999999988312       -6.4337705144369413E-004
  -6.4799999999988245       -7.1158771015719614E-004
  -6.4599999999988178       -7.8392159908118432E-004
  -6.4399999999988111       -8.6037151594282142E-004
  -6.4199999999988044       -9.4092702493500917E-004
  -6.3999999999987978       -1.0255759812693439E-003
  -6.3799999999987911       -1.1143061420672050E-003
  -6.3599999999987844       -1.2071068724944186E-003
  -6.3399999999987777       -1.3039709568350246E-003
  -6.3199999999987710       -1.4048965239472015E-003
  -6.2999999999987644       -1.5098890951813853E-003
  -6.2799999999987577       -1.6189637603689566E-003
  -6.2599999999987510       -1.7321474839645584E-003
  -6.2399999999987443       -1.8494815389499427E-003
  -6.2199999999987376       -1.9710240608522027E-003
  -6.1999999999987310       -2.0968527083880446E-003
  -6.1799999999987243       -2.2270674110739077E-003
  -6.1599999999987176       -2.3617931778987752E-003
  -6.1399999999987109       -2.5011829351338690E-003
  -6.1199999999987043       -2.6454203558316730E-003
  -6.0999999999986976       -2.7947226388300157E-003
  -6.0799999999986909       -2.9493431913683861E-003
  -6.0599999999986842       -3.1095741669705419E-003
  -6.0399999999986775       -3.2757488092146412E-003
  -6.0199999999986709       -3.4482435525211028E-003
  -5.9999999999986642       -3.6274798331947626E-003
  -5.9799999999986575       -3.8139255676536035E-003
  -5.9599999999986508       -4.0080962599901085E-003
  -5.9399999999986441       -4.2105557076054859E-003
  -5.9199999999986375       -4.4219162814356531E-003
  -5.8999999999986308       -4.6428387660086400E-003
  -5.8799999999986241       -4.8740317539450028E-003
  -5.8599999999986174       -5.1162505992194216E-003
  -5.8399999999986107       -5.3702959432140656E-003
  -5.8199999999986041       -5.6370118369712856E-003
  -5.7999999999985974       -5.9172834917756807E-003
  -5.7799999999985907       -6.2120346979651639E-003
  -5.7599999999985840       -6.5222249584283324E-003
  -5.7399999999985774       -6.8488463883816771E-003
  -5.7199999999985707       -7.1929204365865709E-003
  -5.6999999999985640       -7.5554944850736057E-003
  -5.6799999999985573       -7.9376383846789019E-003
  -5.6599999999985506       -8.3404409823081976E-003
  -5.6399999999985440       -8.7650066929537383E-003
  -5.6199999999985373       -9.2124521652705311E-003
  -5.5999999999985306       -9.6839030841999567E-003
  -5.5799999999985239       -1.0180491147981514E-002
  -5.5599999999985172       -1.0703351250214863E-002
  -5.5399999999985106       -1.1253618890731088E-002
  -5.5199999999985039       -1.1832427832215459E-002
  -5.4999999999984972       -1.2440908013086702E-002
  -5.4799999999984905       -1.3080183721338538E-002
  -5.4599999999984838       -1.3751372029113338E-002
  -5.4399999999984772       -1.4455581483865559E-002
  -5.4199999999984705       -1.5193911049192689E-002
  -5.3999999999984638       -1.5967449286801778E-002
  -5.3799999999984571       -1.6777273770612090E-002
  -5.3599999999984504       -1.7624450724572048E-002
  -5.3399999999984438       -1.8510034877234811E-002
  -5.3199999999984371       -1.9435069528286129E-002
  -5.2999999999984304       -2.0400586824788337E-002
  -5.2799999999984237       -2.1407608247625307E-002
  -5.2599999999984171       -2.2457145311196944E-002
  -5.2399999999984104       -2.3550200481528623E-002
  -5.2199999999984037       -2.4687768319349438E-002
  -5.1999999999983970       -2.5870836855105959E-002
  -5.1799999999983903       -2.7100389202112142E-002
  -5.1599999999983837       -2.8377405411950253E-002
  -5.1399999999983770       -2.9702864572759127E-002
  -5.1199999999983703       -3.1077747146162044E-002
  -5.0999999999983636       -3.2503037532387188E-002
  -5.0799999999983569       -3.3979726845761456E-002
  -5.0599999999983503       -3.5508815874431297E-002
  -5.0399999999983436       -3.7091318189181655E-002
  -5.0199999999983369       -3.8728263356911471E-002
  -4.9999999999983302       -4.0420700205062013E-002
  -4.9799999999983235       -4.2169700074478227E-002
  -4.9599999999983169       -4.3976359990220613E-002
  -4.9399999999983102       -4.5841805673111399E-002
  -4.9199999999983035       -4.7767194309657181E-002
  -4.8999999999982968       -4.9753716994750445E-002
  -4.8799999999982901       -5.1802600760437856E-002
  -4.8599999999982835       -5.3915110105243851E-002
  -4.8399999999982768       -5.6092547942108724E-002
  -4.8199999999982701       -5.8336255888951527E-002
  -4.7999999999982634       -6.0647613834073084E-002
  -4.7799999999982568       -6.3028038718902515E-002
  -4.7599999999982501       -6.5478982492665636E-002
  -4.7399999999982434       -6.8001929207076831E-002
  -4.7199999999982367       -7.0598391233719693E-002
  -4.6999999999982300       -7.3269904601934638E-002
  -4.6799999999982234       -7.6018023470299359E-002
  -4.6599999999982167       -7.8844313759703979E-002
  -4.6399999999982100       -8.1750345990123444E-002
  -4.6199999999982033       -8.4737687376046977E-002
  -4.5999999999981966       -8.7807893246787991E-002
  -4.5799999999981900       -9.0962497867248401E-002
  -4.5599999999981833       -9.4203004741945540E-002
  -4.5399999999981766       -9.7530876490094010E-002
  -4.5199999999981699      -0.10094752438223206     
  -4.4999999999981632      -0.10445429762935614     
  -4.4799999999981566      -0.10805247251392068     
  -4.4599999999981499      -0.11174324144860755     
  -4.4399999999981432      -0.11552770204374797     
  -4.4199999999981365      -0.11940684625806988     
  -4.3999999999981299      -0.12338154970037903     
  -4.3799999999981232      -0.12745256114231079     
  -4.3599999999981165      -0.13162049229474909     
  -4.3399999999981098      -0.13588580789330812     
  -4.3199999999981031      -0.14024881613169737     
  -4.2999999999980965      -0.14470965947612638     
  -4.2799999999980898      -0.14926830588932269     
  -4.2599999999980831      -0.15392454048935567     
  -4.2399999999980764      -0.15867795766629603     
  -4.2199999999980697      -0.16352795367872391     
  -4.1999999999980631      -0.16847371975210357     
  -4.1799999999980564      -0.17351423570181329     
  -4.1599999999980497      -0.17864826410492426     
  -4.1399999999980430      -0.18387434504628797     
  -4.1199999999980363      -0.18919079146581441     
  -4.0999999999980297      -0.19459568513461897     
  -4.0799999999980230      -0.20008687328766372     
  -4.0599999999980163      -0.20566196593932778     
  -4.0399999999980096      -0.21131833390574059     
  -4.0199999999980029      -0.21705310755356796     
  -3.9999999999979963      -0.22286317628914715     
  -3.9799999999979896      -0.22874518879445210     
  -3.9599999999979829      -0.23469555400742645     
  -3.9399999999979762      -0.24071044283398793     
  -3.9199999999979696      -0.24678579056776961     
  -3.8999999999979629      -0.25291729998181717     
  -3.8799999999979562      -0.25910044504445429     
  -3.8599999999979495      -0.26533047519988195     
  -3.8399999999979428      -0.27160242014328428     
  -3.8199999999979362      -0.27791109501086164     
  -3.7999999999979295      -0.28425110589773228     
  -3.7799999999979228      -0.29061685561156447     
  -3.7599999999979161      -0.29700254956747585     
  -3.7399999999979094      -0.30340220173042493     
  -3.7199999999979028      -0.30980964051530668     
  -3.6999999999978961      -0.31621851456216915     
  -3.6799999999978894      -0.32262229831446532     
  -3.6599999999978827      -0.32901429734172677     
  -3.6399999999978760      -0.33538765336426546     
  -3.6199999999978694      -0.34173534895595153     
  -3.5999999999978627      -0.34805021192131519     
  -3.5799999999978560      -0.35432491936447880     
  -3.5599999999978493      -0.36055200148914679     
  -3.5399999999978427      -0.36672384519026224     
  -3.5199999999978360      -0.37283269751836651     
  -3.4999999999978293      -0.37887066911638778     
  -3.4799999999978226      -0.38482973774500545     
  -3.4599999999978159      -0.39070175202623109     
  -3.4399999999978093      -0.39647843554504281     
  -3.4199999999978026      -0.40215139145543721     
  -3.3999999999977959      -0.40771210773987804     
  -3.3799999999977892      -0.41315196326982712     
  -3.3599999999977825      -0.41846223480978972     
  -3.3399999999977759      -0.42363410509838939     
  -3.3199999999977692      -0.42865867212759123     
  -3.2999999999977625      -0.43352695972581240     
  -3.2799999999977558      -0.43822992953266993     
  -3.2599999999977491      -0.44275849443312937     
  -3.2399999999977425      -0.44710353349731952     
  -3.2199999999977358      -0.45125590844981306     
  -3.1999999999977291      -0.45520648166934824     
  -3.1799999999977224      -0.45894613569712056     
  -3.1599999999977157      -0.46246579420944228     
  -3.1399999999977091      -0.46575644438897906     
  -3.1199999999977024      -0.46880916060823163     
  -3.0999999999976957      -0.47161512931947941     
  -3.0799999999976890      -0.47416567502720763     
  -3.0599999999976824      -0.47645228720188698     
  -3.0399999999976757      -0.47846664797794203     
  -3.0199999999976690      -0.48020066046343618     
  -2.9999999999976623      -0.48164647747445100     
  -2.9799999999976556      -0.48279653049288979     
  -2.9599999999976490      -0.48364355863253161     
  -2.9399999999976423      -0.48418063738426104     
  -2.9199999999976356      -0.48440120689757016     
  -2.8999999999976289      -0.48429909954159234     
  -2.8799999999976222      -0.48386856647528320     
  -2.8599999999976156      -0.48310430294309192     
  -2.8399999999976089      -0.48200147199998572     
  -2.8199999999976022      -0.48055572635846877     
  -2.7999999999975955      -0.47876322804086852     
  -2.7799999999975888      -0.47662066551337740     
  -2.7599999999975822      -0.47412526797485754     
  -2.7399999999975755      -0.47127481647411240     
  -2.7199999999975688      -0.46806765153496221     
  -2.6999999999975621      -0.46450267697987618     
  -2.6799999999975554      -0.46057935966082614     
  -2.6599999999975488      -0.45629772483107073     
  -2.6399999999975421      -0.45165834692423068     
  -2.6199999999975354      -0.44666233554766127     
  -2.5999999999975287      -0.44131131654581940     
  -2.5799999999975221      -0.43560740804606468     
  -2.5599999999975154      -0.42955319146375287     
  -2.5399999999975087      -0.42315167751509436     
  -2.5199999999975020      -0.41640626736423647     
  -2.4999999999974953      -0.40932070911452006     
  -2.4799999999974887      -0.40189904994154180     
  -2.4599999999974820      -0.39414558425635354     
  -2.4399999999974753      -0.38606479837926538     
  -2.4199999999974686      -0.37766131229681449     
  -2.3999999999974619      -0.36893981916487556     
  -2.3799999999974553      -0.35990502330802426     
  -2.3599999999974486      -0.35056157754751571     
  -2.3399999999974419      -0.34091402076612015     
  -2.3199999999974352      -0.33096671668608091     
  -2.2999999999974285      -0.32072379489543285     
  -2.2799999999974219      -0.31018909520656224     
  -2.2599999999974152      -0.29936611646832512     
  -2.2399999999974085      -0.28825797097836947     
  -2.2199999999974018      -0.27686734565488758     
  -2.1999999999973952      -0.26519647112633093     
  -2.1799999999973885      -0.25324709988328326     
  -2.1599999999973818      -0.24102049460841743     
  -2.1399999999973751      -0.22851742775811609     
  -2.1199999999973684      -0.21573819341279318     
  -2.0999999999973618      -0.20268263234215386     
  -2.0799999999973551      -0.18935017114656336     
  -2.0599999999973484      -0.17573987623632734     
  -2.0399999999973417      -0.16185052329699007     
  -2.0199999999973350      -0.14768068276074567     
  -1.9999999999973281      -0.13322882166167563     
  -1.9799999999973212      -0.11849342209581572     
  -1.9599999999973143      -0.10347311633603548     
  -1.9399999999973074       -8.8166838466533531E-002
  -1.9199999999973005       -7.2573992202626725E-002
  -1.8999999999972936       -5.6694634348851754E-002
  -1.8799999999972867       -4.0529673122777228E-002
  -1.8599999999972798       -2.4081080334228514E-002
  -1.8399999999972729       -7.3521161609738954E-003
  -1.8199999999972660        9.6524349961848062E-003
  -1.7999999999972591        2.6926019361633954E-002
  -1.7799999999972522        4.4460061390157832E-002
  -1.7599999999972453        6.2243706456314093E-002
  -1.7399999999972384        8.0263561228053115E-002
  -1.7199999999972315        9.8503434593357239E-002
  -1.6999999999972246       0.11694408226917614     
  -1.6799999999972177       0.13556295846982416     
  -1.6599999999972108       0.15433397824261263     
  -1.6399999999972039       0.17322729428678130     
  -1.6199999999971970       0.19220909225267238     
  -1.5999999999971901       0.21124140866616981     
  -1.5799999999971832       0.23028197573352532     
  -1.5599999999971763       0.24928409734848650     
  -1.5399999999971694       0.26819656064215508     
  -1.5199999999971625       0.28696358738145339     
  -1.4999999999971556       0.30552482943006565     
  -1.4799999999971487       0.32381541233237510     
  -1.4599999999971418       0.34176603086283863     
  -1.4399999999971349       0.35930310009780619     
  -1.4199999999971280       0.37634896521193612     
  -1.3999999999971211       0.39282217277596548     
  -1.3799999999971142       0.40863780583631021     
  -1.3599999999971073       0.42370788449033903     
  -1.3399999999971004       0.43794183303574580     
  -1.3199999999970935       0.45124701407073442     
  -1.2999999999970866       0.46352932915724154     
  -1.2799999999970797       0.47469388483680219     
  -1.2599999999970728       0.48464572191357158     
  -1.2399999999970659       0.49329060499823957     
  -1.2199999999970590       0.50053586834808539     
  -1.1999999999970521       0.50629131305128805     
  -1.1799999999970452       0.51047014959807480     
  -1.1599999999970383       0.51298997886878805     
  -1.1399999999970314       0.51377380356203517     
  -1.1199999999970245       0.51275106109841884     
  -1.0999999999970176       0.50985866808171243     
  -1.0799999999970107       0.50504206549545672     
  -1.0599999999970038       0.49825625297544018     
  -1.0399999999969969       0.48946679974477475     
  -1.0199999999969900       0.47865081914616037     
 -0.99999999999698319       0.46579789317375758     
 -0.97999999999697640       0.45091093301309959     
 -0.95999999999696961       0.43400696135973765     
 -0.93999999999696282       0.41511780222326822     
 -0.91999999999695603       0.39429066404933616     
 -0.89999999999694924       0.37158860232314167     
 -0.87999999999694245       0.34709084836677245     
 -0.85999999999693566       0.32089299181988740     
 -0.83999999999692887       0.29310700530648581     
 -0.81999999999692208       0.26386110104378963     
 -0.79999999999691529       0.23329941064295065     
 -0.77999999999690850       0.20158148108125210     
 -0.75999999999690171       0.16888158178290458     
 -0.73999999999689492       0.13538781991665449     
 -0.71999999999688813       0.10130106338422512     
 -0.69999999999688134        6.6833673509746075E-002
 -0.67999999999687455        3.2208052117235784E-002
 -0.65999999999686776       -2.3449895338922585E-003
 -0.63999999999686097       -3.6588029635933259E-002
 -0.61999999999685418       -7.0278989351317392E-002
 -0.59999999999684739      -0.10317322492428184     
 -0.57999999999684060      -0.13502573957680106     
 -0.55999999999683381      -0.16559349373756629     
 -0.53999999999682702      -0.19463778969331891     
 -0.51999999999682023      -0.22192670452902225     
 -0.49999999999681344      -0.24723754329011138     
 -0.47999999999680665      -0.27035928270673443     
 -0.45999999999679986      -0.29109497461326528     
 -0.43999999999679307      -0.30926407741814255     
 -0.41999999999678628      -0.32470468366491567     
 -0.39999999999677949      -0.33727561190346506     
 -0.37999999999677270      -0.34685833178072406     
 -0.35999999999676591      -0.35335869247353435     
 -0.33999999999675912      -0.35670842632337968     
 -0.31999999999675233      -0.35686640178411905     
 -0.29999999999674554      -0.35381960253921019     
 -0.27999999999673875      -0.34758381285355394     
 -0.25999999999673196      -0.33820399285564778     
 -0.23999999999672514      -0.32575433144717403     
 -0.21999999999671832      -0.31033796884923776     
 -0.19999999999671150      -0.29208638534888914     
 -0.17999999999670468      -0.27115845753125634     
 -0.15999999999669787      -0.24773918809099624     
 -0.13999999999669105      -0.22203812012768429     
 -0.11999999999668425      -0.19428745155687882     
  -9.9999999996677441E-002 -0.16473986982558200     
  -7.9999999996670637E-002 -0.13366613142297237     
  -5.9999999996663833E-002 -0.10135241464359576     
  -3.9999999996657029E-002  -6.8097477615076174E-002
  -1.9999999996650222E-002  -3.4209656677459281E-002
   3.3565858426065631E-012  -3.7427368811054666E-006
   2.0000000003363393E-002   3.4202224837113104E-002
   4.0000000003370201E-002   6.8090205881762955E-002
   6.0000000003377005E-002  0.10134540712354066     
   8.0000000003383809E-002  0.13365948831738989     
  0.10000000000339061       0.16473368595332263     
  0.12000000000339742       0.19428181496005889     
  0.14000000000340423       0.22203311078166171     
  0.16000000000341105       0.24773487673835071     
  0.18000000000341787       0.27115490465741510     
  0.20000000000342469       0.29208364031473616     
  0.22000000000343151       0.31033606919350820     
  0.24000000000343832       0.32575330236869748     
  0.26000000000344514       0.33820384688261873     
  0.28000000000345193       0.34758454970403130     
  0.30000000000345872       0.35382120917400522     
  0.32000000000346551       0.35686885265021656     
  0.34000000000347230       0.35671168378305190     
  0.36000000000347909       0.35336270741144826     
  0.38000000000348588       0.34686304437861504     
  0.40000000000349267       0.33728095256941953     
  0.42000000000349946       0.32471057410203358     
  0.44000000000350625       0.30927043181529207     
  0.46000000000351304       0.29110170093894727     
  0.48000000000351983       0.27036628408564783     
  0.50000000000352662       0.24724471944095780     
  0.52000000000353341       0.22193395324137496     
  0.54000000000354020       0.19464500832102241     
  0.56000000000354699       0.16560058068615005     
  0.58000000000355378       0.13503259576274212     
  0.60000000000356057       0.10317975518465707     
  0.62000000000356736        7.0285103783401179E-002
  0.64000000000357415        3.6593644847634811E-002
  0.66000000000358094        2.3500297875090957E-003
  0.68000000000358773       -3.2203653883609670E-002
  0.70000000000359452       -6.6829974796782404E-002
  0.72000000000360131      -0.10129811139328061     
  0.74000000000360810      -0.13538565096807567     
  0.76000000000361490      -0.16888022089728708     
  0.78000000000362169      -0.20158094172771254     
  0.80000000000362848      -0.23329969465593356     
  0.82000000000363527      -0.26386219870743105     
  0.84000000000364206      -0.29310889560310388     
  0.86000000000364885      -0.32089564283682642     
  0.88000000000365564      -0.34709421785360417     
  0.90000000000366243      -0.37159263838916645     
  0.92000000000366922      -0.39429530598946055     
  0.94000000000367601      -0.41512298145867138     
  0.96000000000368280      -0.43401260247830292     
  0.98000000000368959      -0.45091695489341310     
   1.0000000000036964      -0.46580421017554602     
   1.0200000000037033      -0.47865734234936591     
   1.0400000000037102      -0.48947343821909700     
   1.0600000000037171      -0.49826291506202036     
   1.0800000000037240      -0.50504866008254656     
   1.1000000000037309      -0.50986510585654010     
   1.1200000000037378      -0.51275725575811282     
   1.1400000000037447      -0.51377967296734051     
   1.1600000000037516      -0.51299544612536563     
   1.1800000000037585      -0.51047514405147143     
   1.2000000000037654      -0.50629577118308022     
   1.2200000000037723      -0.50053973456230405     
   1.2400000000037792      -0.49329383228886303     
   1.2600000000037861      -0.48464827240570685     
   1.2800000000037930      -0.47469573019600758     
   1.3000000000037999      -0.46353045086336908     
   1.3200000000038068      -0.45124740355458043     
   1.3400000000038137      -0.43794149167870777     
   1.3600000000038206      -0.42370682348913996     
   1.3800000000038275      -0.40863604593665154     
   1.4000000000038344      -0.39281974388068858     
   1.4200000000038413      -0.37634590587088340     
   1.4400000000038482      -0.35929945688803772     
   1.4600000000038551      -0.34176185766921158     
   1.4800000000038620      -0.32381076953965970     
   1.5000000000038689      -0.30551978303877414     
   1.5200000000038758      -0.28695820806037925     
   1.5400000000038827      -0.26819092273126321     
   1.5600000000038896      -0.24927827782620540     
   1.5800000000038965      -0.23027605316276634     
   1.6000000000039034      -0.21123546213341929     
   1.6200000000039103      -0.19220320031437693     
   1.6400000000039172      -0.17322153393689493     
   1.6600000000039241      -0.15432842391468321     
   1.6800000000039310      -0.13555768108631244     
   1.7000000000039379      -0.11693914834985711     
   1.7200000000039448       -9.8498905433704251E-002
   1.7400000000039517       -8.0259492157373866E-002
   1.7600000000039586       -6.2240146184223286E-002
   1.7800000000039655       -4.4457051448656644E-002
   1.8000000000039724       -2.6923593648700318E-002
   1.8200000000039793       -9.6506194253458220E-003
   1.8400000000039862        7.3533039020674930E-003
   1.8600000000039931        2.4081630914683291E-002
   1.8800000000040000        4.0529585588715653E-002
   1.9000000000040069        5.6693916034415225E-002
   1.9200000000040138        7.2572658534484455E-002
   1.9400000000040207        8.8164912666000961E-002
   1.9600000000040276       0.10347062902416748     
   1.9800000000040345       0.11849041080800428     
   2.0000000000040412       0.13322533027935815     
   2.0200000000040479       0.14767676086877268     
   2.0400000000040546       0.16184622547601926     
   2.0600000000040612       0.17573526130031081     
   2.0800000000040679       0.18934530133593047     
   2.1000000000040746       0.20267757248370297     
   2.1200000000040813       0.21573301005754988     
   2.1400000000040880       0.22851218830853026     
   2.1600000000040946       0.24101526644622398     
   2.1800000000041013       0.25324194950916729     
   2.2000000000041080       0.26519146332221610     
   2.2200000000041147       0.27686254267920546     
   2.2400000000041214       0.28825343180409657     
   2.2600000000041280       0.29936189607286307     
   2.2800000000041347       0.31018524392176094     
   2.3000000000041414       0.32072035782513991     
   2.3200000000041481       0.33096373319765399     
   2.3400000000041548       0.34091152406128783     
   2.3600000000041614       0.35055959431689737     
   2.3800000000041681       0.35990357347248308     
   2.4000000000041748       0.36893891570575749     
   2.4200000000041815       0.37766096117593617     
   2.4400000000041882       0.38606499854840870     
   2.4600000000041948       0.39414632775487618     
   2.4800000000042015       0.40190032207963011     
   2.5000000000042082       0.40932248873857469     
   2.5200000000042149       0.41640852719989740     
   2.5400000000042215       0.42315438458250809     
   2.5600000000042282       0.42955630755885643     
   2.5800000000042349       0.43561089028092737     
   2.6000000000042416       0.44131511794045147     
   2.6200000000042483       0.44666640566515559     
   2.6400000000042549       0.45166263254070699     
   2.6600000000042616       0.45630217063155853     
   2.6800000000042683       0.46058390895205170     
   2.7000000000042750       0.46450727241083017     
   2.7200000000042817       0.46807223581617535     
   2.7400000000042883       0.47127933308671055     
   2.7600000000042950       0.47412966186073802     
   2.7800000000043017       0.47662488373820205     
   2.8000000000043084       0.47876722042204589     
   2.8200000000043151       0.48055944605083972     
   2.8400000000043217       0.48200487603257075     
   2.8600000000043284       0.48310735270095639     
   2.8800000000043351       0.48387122812135758     
   2.9000000000043418       0.48430134437409672     
   2.9200000000043485       0.48440301163955857     
   2.9400000000043551       0.48418198440269417     
   2.9600000000043618       0.48364443608518948     
   2.9800000000043685       0.48279693240235910     
   3.0000000000043752       0.48164640372932216     
   3.0200000000043818       0.48020011674774715     
   3.0400000000043885       0.47846564563075916     
   3.0600000000043952       0.47645084300975865     
   3.0800000000044019       0.47416381095298094     
   3.1000000000044086       0.47161287217172720     
   3.1200000000044152       0.46880654165616026     
   3.1400000000044219       0.46575349892831924     
   3.1600000000044286       0.46246256108529149     
   3.1800000000044353       0.45894265679018081     
   3.2000000000044420       0.45520280135231211     
   3.2200000000044486       0.45125207302093262     
   3.2400000000044553       0.44709959059834914     
   3.2600000000044620       0.44275449245890958     
   3.2800000000044687       0.43822591703961294     
   3.3000000000044754       0.43352298484644591     
   3.3200000000044820       0.42865478199812462     
   3.3400000000044887       0.42363034530602112     
   3.3600000000044954       0.41845864886610651     
   3.3800000000045021       0.41314859211624538     
   3.4000000000045087       0.40770898929060029     
   3.4200000000045154       0.40214856018284822     
   3.4400000000045221       0.39647592211190036     
   3.4600000000045288       0.39069958296835161     
   3.4800000000045355       0.38482793520751057     
   3.5000000000045421       0.37886925064586419     
   3.5200000000045488       0.37283167591259841     
   3.5400000000045555       0.36672322840647731     
   3.5600000000045622       0.36055179261099995     
   3.5800000000045689       0.35432511662730348     
   3.6000000000045755       0.34805080879447242     
   3.6200000000045822       0.34173633428045241     
   3.6400000000045889       0.33538901154321488     
   3.6600000000045956       0.32901600858054181     
   3.6800000000046023       0.32262433890728348     
   3.7000000000046089       0.31622085722036819     
   3.7200000000046156       0.30981225473362284     
   3.7400000000046223       0.30340505418578578     
   3.7600000000046290       0.29700560454534930     
   3.7800000000046357       0.29062007545439461     
   3.8000000000046423       0.28425445146984429     
   3.8200000000046490       0.27791452617412904     
   3.8400000000046557       0.27160589623779918     
   3.8600000000046624       0.26533395552393146     
   3.8800000000046690       0.25910388932817613     
   3.9000000000046757       0.25292066884909487     
   3.9200000000046824       0.24678904598114948     
   3.9400000000046891       0.24071354851768081     
   3.9600000000046958       0.23469847584380393     
   3.9800000000047024       0.22874789518982649     
   4.0000000000047091       0.22286563850505900     
   4.0200000000047158       0.21705530000026529     
   4.0400000000047225       0.21132023439503828     
   4.0600000000047292       0.20566355589454960     
   4.0800000000047358       0.20008813790891433     
   4.1000000000047425       0.19459661351817514     
   4.1200000000047492       0.18919137667698327     
   4.1400000000047559       0.18387458414562957     
   4.1600000000047626       0.17864815812828011     
   4.1800000000047692       0.17351378959510058     
   4.2000000000047759       0.16847294226235154     
   4.2200000000047826       0.16352685720330257     
   4.2400000000047893       0.15867655806273240     
   4.2600000000047960       0.15392285684855339     
   4.2800000000048026       0.14926636027535936     
   4.3000000000048093       0.14470747663614486     
   4.3200000000048160       0.14024642317967592     
   4.3400000000048227       0.13588323397173599     
   4.3600000000048293       0.13161776821840895     
   4.3800000000048360       0.12744971902850427     
   4.4000000000048427       0.12337862259000752     
   4.4200000000048494       0.11940386773200894     
   4.4400000000048561       0.11552470583892928     
   4.4600000000048627       0.11174026107814705     
   4.4800000000048694       0.10804954089551150     
   4.5000000000048761       0.10445144672597025     
   4.5200000000048828       0.10094478485897401     
   4.5400000000048895        9.7528277390787857E-002
   4.5600000000048961        9.4200573188761239E-002
   4.5800000000049028        9.0960258786347878E-002
   4.6000000000049095        8.7805869122630331E-002
   4.6200000000049162        8.4735898036620086E-002
   4.6400000000049229        8.1748808424987301E-002
   4.6600000000049295        7.8843041972322905E-002
   4.6800000000049362        7.6017028365736844E-002
   4.7000000000049429        7.3269193910567507E-002
   4.7200000000049496        7.0597969471212801E-002
   4.7400000000049562        6.8001797670455985E-002
   4.7600000000049629        6.5479139291922131E-002
   4.7800000000049696        6.3028478843181052E-002
   4.8000000000049763        6.0648329251126842E-002
   4.8200000000049830        5.8337235676202796E-002
   4.8400000000049896        5.6093778447332654E-002
   4.8600000000049963        5.3916575134602907E-002
   4.8800000000050030        5.1804281791331890E-002
   4.9000000000050097        4.9755593410717822E-002
   4.9200000000050164        4.7769243654376160E-002
   4.9400000000050230        4.5844003920385831E-002
   4.9600000000050297        4.3978681826724167E-002
   4.9800000000050364        4.2172119191944697E-002
   5.0000000000050431        4.0423189598571746E-002
   5.0200000000050498        3.8730795625915596E-002
   5.0400000000050564        3.7093865837942303E-002
   5.0600000000050631        3.5511351608624564E-002
   5.0800000000050698        3.3982223862090516E-002
   5.1000000000050765        3.2505469798193833E-002
   5.1200000000050832        3.1080089666187801E-002
   5.1400000000050898        2.9705093640403850E-002
   5.1600000000050965        2.8379498842593769E-002
   5.1800000000051032        2.7102326546309653E-002
   5.2000000000051099        2.5872599589724730E-002
   5.2200000000051165        2.4689340014992938E-002
   5.2400000000051232        2.3551566944883574E-002
   5.2600000000051299        2.2458294701233828E-002
   5.2800000000051366        2.1408531164887161E-002
   5.3000000000051433        2.0401276373307405E-002
   5.3200000000051499        1.9435521349969825E-002
   5.3400000000051566        1.8510247158861043E-002
   5.3600000000051633        1.7624424177824703E-002
   5.3800000000051700        1.6777011585865764E-002
   5.4000000000051767        1.5966957061631069E-002
   5.4200000000051833        1.5193196692830065E-002
   5.4400000000051900        1.4454655099062984E-002
   5.4600000000051967        1.3750245773072399E-002
   5.4800000000052034        1.3078871647561961E-002
   5.5000000000052101        1.2439425896167330E-002
   5.5200000000052167        1.1830792977718076E-002
   5.5400000000052234        1.1251849932435274E-002
   5.5600000000052301        1.0701467937073043E-002
   5.5800000000052368        1.0178514123206547E-002
   5.6000000000052435        9.6818536589290093E-003
   5.6200000000052501        9.2103520892588813E-003
   5.6400000000052568        8.7628779247326451E-003
   5.6600000000052635        8.3383054611956987E-003
   5.6800000000052702        7.9355178069655009E-003
   5.7000000000052768        7.5534100866119060E-003
   5.7200000000052835        7.1908927839032157E-003
   5.7400000000052902        6.8468951802963980E-003
   5.7600000000052969        6.5203688400163910E-003
   5.7800000000053036        6.2102910885343532E-003
   5.8000000000053102        5.9156684283483514E-003
   5.8200000000053169        5.6355398345740524E-003
   5.8400000000053236        5.3689798730753415E-003
   5.8600000000053303        5.1151015857706372E-003
   5.8800000000053370        4.8730590913082204E-003
   5.9000000000053436        4.6420498544411061E-003
   5.9200000000053503        4.4213165839870859E-003
   5.9400000000053570        4.2101487270328709E-003
   5.9600000000053637        4.0078835357664063E-003
   5.9800000000053704        3.8139066927072116E-003
   6.0000000000053770        3.6276524898226632E-003
   6.0200000000053837        3.4486035667353645E-003
   6.0400000000053904        3.2762902226126495E-003
   6.0600000000053971        3.1102893250590049E-003
   6.0800000000054037        2.9502228471297632E-003
   6.1000000000054104        2.7957560701908240E-003
   6.1200000000054171        2.6465954955817244E-003
   6.1400000000054238        2.5024865117512156E-003
   6.1600000000054305        2.3632108656594999E-003
   6.1800000000054371        2.2285839877675636E-003
   6.2000000000054438        2.0984522189212607E-003
   6.2200000000054505        1.9726899850009074E-003
   6.2400000000054572        1.8511969615185135E-003
   6.2600000000054639        1.7338952656248241E-003
   6.2800000000054705        1.6207267074836613E-003
   6.3000000000054772        1.5116501269650231E-003
   6.3200000000054839        1.4066388353814159E-003
   6.3400000000054906        1.3056781758318131E-003
   6.3600000000054973        1.2087632098940310E-003
   6.3800000000055039        1.1158965331580417E-003
   6.4000000000055106        1.0270862176327594E-003
   6.4200000000055173        9.4234387553863443E-004
   6.4400000000055240        8.6168283653735860E-004
   6.4600000000055307        7.8511642909177208E-004
   6.4800000000055373        7.1265635639965273E-004
   6.5000000000055440        6.4431115814179562E-004
   6.5200000000055507        5.8008475102026467E-004
   6.5400000000055574        5.1997504358584456E-004
   6.5600000000055640        4.6397262396984177E-004
   6.5800000000055707        4.1205952263235660E-004
   6.6000000000055774        3.6420805588037415E-004
   6.6200000000055841        3.2037975945717746E-004
   6.6400000000055908        2.8052442472973699E-004
   6.6600000000055974        2.4457925268663180E-004
   6.6800000000056041        2.1246814292396352E-004
   6.7000000000056108        1.8410113588499346E-004
   6.7200000000056175        1.5937402673147808E-004
   6.7400000000056242        1.3816816829862700E-004
   6.7600000000056308        1.2035047861436519E-004
   6.7800000000056375        1.0577366549159214E-004
   6.8000000000056442        9.4276676822860645E-005
   6.8200000000056509        8.5685380553831750E-005
   6.8400000000056576        7.9813473063138971E-005
   6.8600000000056642        7.6463609037099889E-005
   6.8800000000056709        7.5428740121581952E-005
   6.9000000000056776        7.6493643900525063E-005
   6.9200000000056843        7.9436619326713208E-005
   6.9400000000056909        8.4031319842189540E-005
   6.9600000000056976        9.0048691280335982E-005
   6.9800000000057043        9.7258978415814984E-005
   7.0000000000057110        1.0543376186288073E-004
   7.0200000000057177        1.1434798601410307E-004
   7.0400000000057243        1.2378193890894050E-004
   7.0600000000057310        1.3352314632859399E-004
   7.0800000000057377        1.4336814497956863E-004
   7.1000000000057444        1.5312410325959728E-004
   7.1200000000057511        1.6261026266004374E-004
   7.1400000000057577        1.7165917817387632E-004
   7.1600000000057644        1.8011774194724836E-004
   7.1800000000057711        1.8784798061191837E-004
   7.2000000000057778        1.9472762303602894E-004
   7.2200000000057845        2.0065044139410605E-004
   7.2400000000057911        2.0552637426597407E-004
   7.2600000000057978        2.0928144571559688E-004
   7.2800000000058045        2.1185749880273436E-004
   7.3000000000058112        2.1321176559211327E-004
   7.3200000000058179        2.1331629834276647E-004
   7.3400000000058245        2.1215728812139990E-004
   7.3600000000058312        2.0973429756922379E-004
   7.3800000000058379        2.0605943398781208E-004
   7.4000000000058446        2.0115648736903120E-004
   7.4200000000058512        1.9506005558021628E-004
   7.4400000000058579        1.8781467577742758E-004
   7.4600000000058646        1.7947397742151550E-004
   7.4800000000058713        1.7009986820506145E-004
   7.5000000000058780        1.5976175996162682E-004
   7.5200000000058846        1.4853583742427024E-004
   7.5400000000058913        1.3650436872157440E-004
   7.5600000000058980        1.2375505292672618E-004
   7.5800000000059047        1.1038039696430722E-004
   7.6000000000059114        9.6477111859115278E-005
   7.6200000000059180        8.2145516774252101E-005
   7.6400000000059247        6.7488938587243573E-005
   7.6600000000059314        5.2613094911083203E-005
   7.6800000000059381        3.7625449456725310E-005
   7.7000000000059448        2.2634530395132352E-005
   7.7200000000059514        7.7492048137154733E-006
   7.7400000000059581       -6.9220946511673461E-006
   7.7600000000059648       -2.1272191537058839E-005
   7.7800000000059715       -3.5196032544746960E-005
   7.8000000000059782       -4.8591593027829564E-005
   7.8200000000059848       -6.1360810660153909E-005
   7.8400000000059915       -7.3410533696236825E-005
   7.8600000000059982       -8.4653467428196265E-005
   7.8800000000060049       -9.5009100222072623E-005
   7.9000000000060115       -1.0440458899610774E-004
   7.9200000000060182       -1.1277558326867442E-004
   7.9400000000060249       -1.2006696699573637E-004
   7.9600000000060316       -1.2623349835443824E-004
   7.9800000000060383       -1.3124032937993747E-004
   8.0000000000060449       -1.3506338987243405E-004
   8.0200000000060516       -1.3768962316409761E-004
   8.0400000000060583       -1.3911706505723661E-004
   8.0600000000060650       -1.3935476136676822E-004
   8.0800000000060717       -1.3842252387008557E-004
   8.1000000000060783       -1.3635052891194973E-004
   8.1200000000060850       -1.3317876726185449E-004
   8.1400000000060917       -1.2895635791080752E-004
   8.1600000000060984       -1.2374074216512854E-004
   8.1800000000061051       -1.1759677751210543E-004
   8.2000000000061117       -1.1059575317768640E-004
   8.2200000000061184       -1.0281435098607307E-004
   8.2400000000061251       -9.4333576005783401E-005
   8.2600000000061318       -8.5237681503598343E-005
   8.2800000000061384       -7.5613111937641172E-005
   8.3000000000061451       -6.5547486143750867E-005
   8.3200000000061518       -5.5128640580117838E-005
   8.3400000000061585       -4.4443749591944615E-005
   8.3600000000061652       -3.3578536265131730E-005
   8.3800000000061718       -2.2616583693898901E-005
   8.4000000000061785       -1.1638752544569079E-005
   8.4200000000061852       -7.2270681346199847E-007
   8.4400000000061919        1.0057454195059046E-005
   8.4600000000061986        2.0631463252849197E-005
   8.4800000000062052        3.0933060750847925E-005
   8.5000000000062119        4.0900089896617790E-005
   8.5200000000062186        5.0474525157212074E-005
   8.5400000000062253        5.9602448959336087E-005
   8.5600000000062320        6.8233992370429818E-005
   8.5800000000062386        7.6323255474752228E-005
   8.6000000000062453        8.3828222452957813E-005
   8.6200000000062520        9.0710685017632452E-005
   8.6400000000062587        9.6936185928412404E-005
   8.6600000000062654        1.0247399190446065E-004
   8.6800000000062720        1.0729710248471069E-004
   8.7000000000062787        1.1138229838573787E-004
   8.7200000000062854        1.1471022980762825E-004
   8.7400000000062921        1.1726554207819637E-004
   8.7600000000062987        1.1903703313777903E-004
   8.7800000000063054        1.2001783477390872E-004
   8.8000000000063121        1.2020560732904626E-004
   8.8200000000063188        1.1960273591449175E-004
   8.8400000000063255        1.1821651503964171E-004
   8.8600000000063321        1.1605930805364815E-004
   8.8800000000063388        1.1314866791346684E-004
   8.9000000000063455        1.0950740653245605E-004
   8.9200000000063522        1.0516360129346243E-004
   8.9400000000063589        1.0015052917192879E-004
   8.9600000000063655        9.4506521231629967E-005
   8.9800000000063722        8.8274732929123943E-005
   9.0000000000063789        8.1502828585347029E-005
   9.0200000000063856        7.4242581433571860E-005
   9.0400000000063923        6.6549393708087266E-005
   9.0600000000063989        5.8481744176608267E-005
   9.0800000000064056        5.0100573222285134E-005
   9.1000000000064123        4.1468617943084299E-005
   9.1200000000064190        3.2649711663924906E-005
   9.1400000000064257        2.3708063676399044E-005
   9.1600000000064323        1.4707535877514566E-005
   9.1800000000064390        5.7109332419629295E-006
   9.2000000000064457       -3.2206752759310439E-006
   9.2200000000064524       -1.2028589739321753E-005
   9.2400000000064590       -2.0657051925988217E-005
   9.2600000000064657       -2.9053745487992993E-005
   9.2800000000064724       -3.7170213708796636E-005
   9.3000000000064791       -4.4962187685529134E-005
   9.3200000000064858       -5.2389820671496779E-005
   9.3400000000064924       -5.9417827328333050E-005
   9.3600000000064991       -6.6015529642293467E-005
   9.3800000000065058       -7.2156814146944013E-005
   9.4000000000065125       -7.7820007756480229E-005
   9.4200000000065192       -8.2987681857417666E-005
   9.4400000000065258       -8.7646396248111452E-005
   9.4600000000065325       -9.1786395991004668E-005
   9.4800000000065392       -9.5401275204607763E-005
   9.5000000000065459       -9.8487622245788418E-005
   9.5200000000065526       -1.0104466061085087E-004
   9.5400000000065592       -1.0307389923381075E-004
   9.5600000000065659       -1.0457880471554802E-004
   9.5800000000065726       -1.0556450643316628E-004
   9.6000000000065793       -1.0603754352328512E-004
   9.6200000000065859       -1.0600566048922004E-004
   9.6400000000065926       -1.0547765574128550E-004
   9.6600000000065993       -1.0446328484030956E-004
   9.6800000000066060       -1.0297321767587726E-004
   9.7000000000066127       -1.0101904637157630E-004
   9.7200000000066193       -9.8613338461951445E-005
   9.7400000000066260       -9.5769727913336429E-005
   9.7600000000066327       -9.2503034935244197E-005
   9.7800000000066394       -8.8829404307619325E-005
   9.8000000000066461       -8.4766451172213245E-005
   9.8200000000066527       -8.0333402927811170E-005
   9.8400000000066594       -7.5551226032021369E-005
   9.8600000000066661       -7.0442727135211364E-005
   9.8800000000066728       -6.5032619022758654E-005
   9.9000000000066795       -5.9347543274169445E-005
   9.9200000000066861       -5.3416043301163529E-005
   9.9400000000066928       -4.7268483429344450E-005
   9.9600000000066995       -4.0936911859789495E-005
   9.9800000000067062       -3.4454867601981163E-005
