  -10.000000000000000       -1.9423922842408999E-004
  -9.9799999999999933       -1.9073460270111357E-004
  -9.9599999999999866       -1.8636459776161032E-004
  -9.9399999999999800       -1.8115736125962433E-004
  -9.9199999999999733       -1.7514438284585158E-004
  -9.8999999999999666       -1.6835958215000814E-004
  -9.8799999999999599       -1.6083844037901611E-004
  -9.8599999999999532       -1.5261721048143639E-004
  -9.8399999999999466       -1.4373223755877542E-004
  -9.8199999999999399       -1.3421941667327930E-004
  -9.7999999999999332       -1.2411380956367976E-004
  -9.7799999999999265       -1.1344943523478717E-004
  -9.7599999999999199       -1.0225924217131628E-004
  -9.7399999999999132       -9.0575262307613678E-005
  -9.7199999999999065       -7.8428939147487861E-005
  -9.6999999999998998       -6.5851614869332387E-005
  -9.6799999999998931       -5.2875154161805782E-005
  -9.6599999999998865       -3.9532676197086911E-005
  -9.6399999999998798       -2.5859360815634912E-005
  -9.6199999999998731       -1.1893290892270608E-005
  -9.5999999999998664        2.3237098445058985E-006
  -9.5799999999998597        1.6745285430055655E-005
  -9.5599999999998531        3.1319844165093103E-005
  -9.5399999999998464        4.5989982386061648E-005
  -9.5199999999998397        6.0692071260227334E-005
  -9.4999999999998330        7.5356037275245500E-005
  -9.4799999999998263        8.9905360718108311E-005
  -9.4599999999998197        1.0425730899538326E-004
  -9.4399999999998130        1.1832341339999261E-004
  -9.4199999999998063        1.3201018917855756E-004
  -9.3999999999997996        1.4522008982179884E-004
  -9.3799999999997929        1.5785267772352755E-004
  -9.3599999999997863        1.6980598506614075E-004
  -9.3399999999997796        1.8097803131342813E-004
  -9.3199999999997729        1.9126845731944829E-004
  -9.2999999999997662        2.0058023105195186E-004
  -9.2799999999997596        2.0882137648826248E-004
  -9.2599999999997529        2.1590667552197994E-004
  -9.2399999999997462        2.2175929280549844E-004
  -9.2199999999997395        2.2631227536736861E-004
  -9.1999999999997328        2.2950988252892226E-004
  -9.1799999999997262        2.3130870698581050E-004
  -9.1599999999997195        2.3167855472516961E-004
  -9.1399999999997128        2.3060305947794507E-004
  -9.1199999999997061        2.2808001635937590E-004
  -9.0999999999996994        2.2412142889524365E-004
  -9.0799999999996928        2.1875327340536570E-004
  -9.0599999999996861        2.1201499434351370E-004
  -9.0399999999996794        2.0395875330210319E-004
  -9.0199999999996727        1.9464846262260807E-004
  -8.9999999999996660        1.8415864158335957E-004
  -8.9799999999996594        1.7257313868240999E-004
  -8.9599999999996527        1.5998376736838231E-004
  -8.9399999999996460        1.4648890453470691E-004
  -8.9199999999996393        1.3219210109597453E-004
  -8.8999999999996326        1.1720075199661833E-004
  -8.8799999999996260        1.0162486913176186E-004
  -8.8599999999996193        8.5575995031175097E-005
  -8.8399999999996126        6.9166287989916021E-005
  -8.8199999999996059        5.2507800904138363E-005
  -8.7999999999995993        3.5711966725013487E-005
  -8.7799999999995926        1.8889293557313456E-005
  -8.7599999999995859        2.1492624049101563E-006
  -8.7399999999995792       -1.4399589178737299E-005
  -8.7199999999995725       -3.0649423332622752E-005
  -8.6999999999995659       -4.6492731797164202E-005
  -8.6799999999995592       -6.1821879818662589E-005
  -8.6599999999995525       -7.6528609206013065E-005
  -8.6399999999995458       -9.0503548577695840E-005
  -8.6199999999995391       -1.0363577961169582E-004
  -8.5999999999995325       -1.1581250671354108E-004
  -8.5799999999995258       -1.2691887396702967E-004
  -8.5599999999995191       -1.3683796763386022E-004
  -8.5399999999995124       -1.4545103501960633E-004
  -8.5199999999995057       -1.5263794149307990E-004
  -8.4999999999994991       -1.5827787717826269E-004
  -8.4799999999994924       -1.6225031373150173E-004
  -8.4599999999994857       -1.6443620010891556E-004
  -8.4399999999994790       -1.6471937478602046E-004
  -8.4199999999994724       -1.6298816098119187E-004
  -8.3999999999994657       -1.5913710151090488E-004
  -8.3799999999994590       -1.5306878139391175E-004
  -8.3599999999994523       -1.4469567959262520E-004
  -8.3399999999994456       -1.3394198664177568E-004
  -8.3199999999994390       -1.2074532259469541E-004
  -8.2999999999994323       -1.0505828985074685E-004
  -8.2799999999994256       -8.6849798057160092E-005
  -8.2599999999994189       -6.6106103341788828E-005
  -8.2399999999994122       -4.2831511473771157E-005
  -8.2199999999994056       -1.7048703912842877E-005
  -8.1999999999993989        1.1201343241563049E-005
  -8.1799999999993922        4.1859865063237907E-005
  -8.1599999999993855        7.4851242898653575E-005
  -8.1399999999993788        1.1008435983172979E-004
  -8.1199999999993722        1.4745435436381348E-004
  -8.0999999999993655        1.8684473766125454E-004
  -8.0799999999993588        2.2812982845394706E-004
  -8.0599999999993521        2.7117745007379951E-004
  -8.0399999999993454        3.1585182658775714E-004
  -8.0199999999993388        3.6201660980843541E-004
  -7.9999999999993321        4.0953796636536107E-004
  -7.9799999999993254        4.5828765409837256E-004
  -7.9599999999993187        5.0814601978366311E-004
  -7.9399999999993121        5.5900485551179432E-004
  -7.9199999999993054        6.1077005868187442E-004
  -7.8999999999992987        6.6336405023728715E-004
  -7.8799999999992920        7.1672791704135671E-004
  -7.8599999999992853        7.7082325669864022E-004
  -7.8399999999992787        8.2563371614468456E-004
  -7.8199999999992720        8.8116622839724107E-004
  -7.7999999999992653        9.3745196442667010E-004
  -7.7799999999992586        9.9454702861937112E-004
  -7.7599999999992519        1.0525329362746751E-003
  -7.7399999999992453        1.1115169195572317E-003
  -7.7199999999992386        1.1716321139677523E-003
  -7.6999999999992319        1.2330376804413157E-003
  -7.6799999999992252        1.2959189184874398E-003
  -7.6599999999992185        1.3604874233304404E-003
  -7.6399999999992119        1.4269813348788834E-003
  -7.6199999999992052        1.4956657187734652E-003
  -7.5999999999991985        1.5668331100510172E-003
  -7.5799999999991918        1.6408042385466449E-003
  -7.5599999999991851        1.7179289425387715E-003
  -7.5399999999991785        1.7985872638901486E-003
  -7.5199999999991718        1.8831907046511314E-003
  -7.4999999999991651        1.9721836123864174E-003
  -7.4799999999991584        2.0660446499579646E-003
  -7.4599999999991518        2.1652882957035493E-003
  -7.4399999999991451        2.2704663123815859E-003
  -7.4199999999991384        2.3821691183102786E-003
  -7.3999999999991317        2.5010269921078182E-003
  -7.3799999999991250        2.6277110435118118E-003
  -7.3599999999991184        2.7629338869607938E-003
  -7.3399999999991117        2.9074499618658716E-003
  -7.3199999999991050        3.0620554535552001E-003
  -7.2999999999990983        3.2275877813886613E-003
  -7.2799999999990916        3.4049246350420941E-003
  -7.2599999999990850        3.5949825558943059E-003
  -7.2399999999990783        3.7987150771782085E-003
  -7.2199999999990716        4.0171104534039801E-003
  -7.1999999999990649        4.2511890258246253E-003
  -7.1799999999990582        4.5020002857159656E-003
  -7.1599999999990516        4.7706197103297796E-003
  -7.1399999999990449        5.0581454569847226E-003
  -7.1199999999990382        5.3656950083978035E-003
  -7.0999999999990315        5.6944018666706987E-003
  -7.0799999999990249        6.0454123940956051E-003
  -7.0599999999990182        6.4198828960527927E-003
  -7.0399999999990115        6.8189770347968949E-003
  -7.0199999999990048        7.2438636530885638E-003
  -6.9999999999989981        7.6957150737738070E-003
  -6.9799999999989915        8.1757059260293072E-003
  -6.9599999999989848        8.6850125316708313E-003
  -6.9399999999989781        9.2248128663323624E-003
  -6.9199999999989714        9.7962870912035940E-003
  -6.8999999999989647        1.0400618632112484E-002
  -6.8799999999989581        1.1038995764807189E-002
  -6.8599999999989514        1.1712613649035423E-002
  -6.8399999999989447        1.2422676740075803E-002
  -6.8199999999989380        1.3170401495281207E-002
  -6.7999999999989313        1.3957019285366868E-002
  -6.7799999999989247        1.4783779415884392E-002
  -6.7599999999989180        1.5651952163689316E-002
  -6.7399999999989113        1.6562831736192864E-002
  -6.7199999999989046        1.7517739067581001E-002
  -6.6999999999988979        1.8518024375645738E-002
  -6.6799999999988913        1.9565069414901520E-002
  -6.6599999999988846        2.0660289375662697E-002
  -6.6399999999988779        2.1805134394042001E-002
  -6.6199999999988712        2.3001090653637462E-002
  -6.5999999999988646        2.4249681075252060E-002
  -6.5799999999988579        2.5552465605553080E-002
  -6.5599999999988512        2.6911041128435207E-002
  -6.5399999999988445        2.8327041033349303E-002
  -6.5199999999988378        2.9802134482487749E-002
  -6.4999999999988312        3.1338025423080451E-002
  -6.4799999999988245        3.2936451391919447E-002
  -6.4599999999988178        3.4599182156539086E-002
  -6.4399999999988111        3.6328018231321327E-002
  -6.4199999999988044        3.8124789297474246E-002
  -6.3999999999987978        3.9991352543762279E-002
  -6.3799999999987911        4.1929590930646861E-002
  -6.3599999999987844        4.3941411364820222E-002
  -6.3399999999987777        4.6028742754764318E-002
  -6.3199999999987710        4.8193533901794199E-002
  -6.2999999999987644        5.0437751165894350E-002
  -6.2799999999987577        5.2763375832366004E-002
  -6.2599999999987510        5.5172401094644094E-002
  -6.2399999999987443        5.7666828561273580E-002
  -6.2199999999987376        6.0248664191518822E-002
  -6.1999999999987310        6.2919913564766672E-002
  -6.1799999999987243        6.5682576394009914E-002
  -6.1599999999987176        6.8538640203241782E-002
  -6.1399999999987109        7.1490073102403379E-002
  -6.1199999999987043        7.4538815611187192E-002
  -6.0999999999986976        7.7686771504009017E-002
  -6.0799999999986909        8.0935797672048559E-002
  -6.0599999999986842        8.4287693023644666E-002
  -6.0399999999986775        8.7744186470529298E-002
  -6.0199999999986709        9.1306924073453519E-002
  -5.9999999999986642        9.4977455445657513E-002
  -5.9799999999986575        9.8757219535441795E-002
  -5.9599999999986508       0.10264752992886750     
  -5.9399999999986441       0.10664955982961176     
  -5.9199999999986375       0.11076432688456361     
  -5.8999999999986308       0.11499267803044756     
  -5.8799999999986241       0.11933527453829539     
  -5.8599999999986174       0.12379257742898400     
  -5.8399999999986107       0.12836483342439997     
  -5.8199999999986041       0.13305206158553043     
  -5.7999999999985974       0.13785404077142774     
  -5.7799999999985907       0.14277029803233279     
  -5.7599999999985840       0.14780009802708502     
  -5.7399999999985774       0.15294243353032352     
  -5.7199999999985707       0.15819601706985320     
  -5.6999999999985640       0.16355927370998841     
  -5.6799999999985573       0.16903033497363470     
  -5.6599999999985506       0.17460703387527263     
  -5.6399999999985440       0.18028690101960593     
  -5.6199999999985373       0.18606716170707427     
  -5.5999999999985306       0.19194473397812611     
  -5.5799999999985239       0.19791622752327820     
  -5.5599999999985172       0.20397794338565786     
  -5.5399999999985106       0.21012587438655977     
  -5.5199999999985039       0.21635570621228153     
  -5.4999999999984972       0.22266281911136537     
  -5.4799999999984905       0.22904229016473407     
  -5.4599999999984838       0.23548889610602977     
  -5.4399999999984772       0.24199711668491042     
  -5.4199999999984705       0.24856113858097834     
  -5.3999999999984638       0.25517485988958849     
  -5.3799999999984571       0.26183189521192118     
  -5.3599999999984504       0.26852558138976707     
  -5.3399999999984438       0.27524898392966130     
  -5.3199999999984371       0.28199490416103778     
  -5.2999999999984304       0.28875588716851247     
  -5.2799999999984237       0.29552423052946131     
  -5.2599999999984171       0.30229199387476580     
  -5.2399999999984104       0.30905100927359164     
  -5.2199999999984037       0.31579289242288083     
  -5.1999999999983970       0.32250905459985518     
  -5.1799999999983903       0.32919071531218536     
  -5.1599999999983837       0.33582891555670386     
  -5.1399999999983770       0.34241453157485152     
  -5.1199999999983703       0.34893828897251916     
  -5.0999999999983636       0.35539077705478150     
  -5.0799999999983569       0.36176246321315364     
  -5.0599999999983503       0.36804370719528379     
  -5.0399999999983436       0.37422477508509489     
  -5.0199999999983369       0.38029585282565070     
  -4.9999999999983302       0.38624705912765550     
  -4.9799999999983235       0.39206845762327242     
  -4.9599999999983169       0.39775006814759106     
  -4.9399999999983102       0.40328187705779239     
  -4.9199999999983035       0.40865384653205628     
  -4.8999999999982968       0.41385592282539652     
  -4.8799999999982901       0.41887804349663416     
  -4.8599999999982835       0.42371014365835047     
  -4.8399999999982768       0.42834216133841241     
  -4.8199999999982701       0.43276404207629499     
  -4.7999999999982634       0.43696574290853790     
  -4.7799999999982568       0.44093723592420925     
  -4.7599999999982501       0.44466851159218890     
  -4.7399999999982434       0.44814958207675804     
  -4.7199999999982367       0.45137048476587233     
  -4.6999999999982300       0.45432128623747248     
  -4.6799999999982234       0.45699208688335263     
  -4.6599999999982167       0.45937302639782907     
  -4.6399999999982100       0.46145429032048590     
  -4.6199999999982033       0.46322611779942230     
  -4.5999999999981966       0.46467881071484723     
  -4.5799999999981900       0.46580274427381352     
  -4.5599999999981833       0.46658837915660295     
  -4.5399999999981766       0.46702627526515883     
  -4.5199999999981699       0.46710710709531017     
  -4.4999999999981632       0.46682168072844282     
  -4.4799999999981566       0.46616095241588651     
  -4.4599999999981499       0.46511604871126838     
  -4.4399999999981432       0.46367828809310713     
  -4.4199999999981365       0.46183920401215528     
  -4.3999999999981299       0.45959056929546488     
  -4.3799999999981232       0.45692442184157134     
  -4.3599999999981165       0.45383309154783058     
  -4.3399999999981098       0.45030922842118604     
  -4.3199999999981031       0.44634583183622067     
  -4.2999999999980965       0.44193628091820558     
  -4.2799999999980898       0.43707436604268185     
  -4.2599999999980831       0.43175432145555165     
  -4.2399999999980764       0.42597085902748266     
  -4.2199999999980697       0.41971920316248706     
  -4.1999999999980631       0.41299512688179257     
  -4.1799999999980564       0.40579498909986772     
  -4.1599999999980497       0.39811577309918922     
  -4.1399999999980430       0.38995512619382788     
  -4.1199999999980363       0.38131140054933427     
  -4.0999999999980297       0.37218369509819976     
  -4.0799999999980230       0.36257189845702126     
  -4.0599999999980163       0.35247673271451874     
  -4.0399999999980096       0.34189979791997271     
  -4.0199999999980029       0.33084361706086118     
  -3.9999999999979963       0.31931168127807691     
  -3.9799999999979896       0.30730849502867252     
  -3.9599999999979829       0.29483962087109350     
  -3.9399999999979762       0.28191172351784466     
  -3.9199999999979696       0.26853261277669749     
  -3.8999999999979629       0.25471128498483769     
  -3.8799999999979562       0.24045796253165613     
  -3.8599999999979495       0.22578413106533529     
  -3.8399999999979428       0.21070257398626641     
  -3.8199999999979362       0.19522740384607029     
  -3.7999999999979295       0.17937409029408216     
  -3.7799999999979228       0.16315948424245305     
  -3.7599999999979161       0.14660183795530915     
  -3.7399999999979094       0.12972082080513966     
  -3.7199999999979028       0.11253753047911297     
  -3.6999999999978961        9.5074499457598508E-002
  -3.6799999999978894        7.7355696625104692E-002
  -3.6599999999978827        5.9406523908468199E-002
  -3.6399999999978760        4.1253807867020008E-002
  -3.6199999999978694        2.2925786183385272E-002
  -3.5999999999978627        4.4520890206458889E-003
  -3.5799999999978560       -1.4136284778745895E-002
  -3.5599999999978493       -3.2806996674806889E-002
  -3.5399999999978427       -5.1526402620380697E-002
  -3.5199999999978360       -7.0259592499716722E-002
  -3.4999999999978293       -8.8970434872656518E-002
  -3.4799999999978226      -0.10762162710387713     
  -3.4599999999978159      -0.12617475098154049     
  -3.4399999999978093      -0.14459033395561163     
  -3.4199999999978026      -0.16282791615121026     
  -3.3999999999977959      -0.18084612333464314     
  -3.3799999999977892      -0.19860274602749259     
  -3.3599999999977825      -0.21605482497548181     
  -3.3399999999977759      -0.23315874318245269     
  -3.3199999999977692      -0.24987032471440374     
  -3.2999999999977625      -0.26614494046339288     
  -3.2799999999977558      -0.28193762103575665     
  -3.2599999999977491      -0.29720317689354447     
  -3.2399999999977425      -0.31189632583266663     
  -3.2199999999977358      -0.32597182782685907     
  -3.1999999999977291      -0.33938462720425461     
  -3.1799999999977224      -0.35209000205458407     
  -3.1599999999977157      -0.36404372069144658     
  -3.1399999999977091      -0.37520220491747869     
  -3.1199999999977024      -0.38552269976247350     
  -3.0999999999976957      -0.39496344928733734     
  -3.0799999999976890      -0.40348387797188806     
  -3.0599999999976824      -0.41104477713340448     
  -3.0399999999976757      -0.41760849575666820     
  -3.0199999999976690      -0.42313913505585793     
  -2.9999999999976623      -0.42760274603459275     
  -2.9799999999976556      -0.43096752926265103     
  -2.9599999999976490      -0.43320403604630514     
  -2.9399999999976423      -0.43428537013295015     
  -2.9199999999976356      -0.43418738905900239     
  -2.8999999999976289      -0.43288890422155407     
  -2.8799999999976222      -0.43037187872774751     
  -2.8599999999976156      -0.42662162204969845     
  -2.8399999999976089      -0.42162698048576780     
  -2.8199999999976022      -0.41538052239967077     
  -2.7999999999975955      -0.40787871717626106     
  -2.7799999999975888      -0.39912210679609733     
  -2.7599999999975822      -0.38911546888964549     
  -2.7399999999975755      -0.37786797008630313     
  -2.7199999999975688      -0.36539330842383311     
  -2.6999999999975621      -0.35170984353128198     
  -2.6799999999975554      -0.33684071324456805     
  -2.6599999999975488      -0.32081393526056173     
  -2.6399999999975421      -0.30366249238494458     
  -2.6199999999975354      -0.28542439988417306     
  -2.5999999999975287      -0.26614275341517812     
  -2.5799999999975221      -0.24586575598111843     
  -2.5599999999975154      -0.22464672235036989     
  -2.5399999999975087      -0.20254405938190770     
  -2.5199999999975020      -0.17962122072577127     
  -2.4999999999974953      -0.15594663441467366     
  -2.4799999999974887      -0.13159360193374148     
  -2.4599999999974820      -0.10664016745104719     
  -2.4399999999974753       -8.1168956012717383E-002
  -2.4199999999974686       -5.5266979652941577E-002
  -2.3999999999974619       -2.9025410540634636E-002
  -2.3799999999974553       -2.5393204796150290E-003
  -2.3599999999974486        2.4092613703707372E-002
  -2.3399999999974419        5.0768439114198871E-002
  -2.3199999999974352        7.7383290058229262E-002
  -2.2999999999974285       0.10382978533633609     
  -2.2799999999974219       0.12999845898412554     
  -2.2599999999974152       0.15577822359843205     
  -2.2399999999974085       0.18105686509135499     
  -2.2199999999974018       0.20572156741755027     
  -2.1999999999973952       0.22965946552255287     
  -2.1799999999973885       0.25275822446409713     
  -2.1599999999973818       0.27490664236617096     
  -2.1399999999973751       0.29599527457831676     
  -2.1199999999973684       0.31591707613146647     
  -2.0999999999973618       0.33456805930709543     
  -2.0799999999973551       0.35184796286915265     
  -2.0599999999973484       0.36766092924828825     
  -2.0399999999973417       0.38191618571562636     
  -2.0199999999973350       0.39452872533891042     
  -1.9999999999973281       0.40541998327784007     
  -1.9799999999973212       0.41451850374844729     
  -1.9599999999973143       0.42176059276982031     
  -1.9399999999973074       0.42709095160196853     
  -1.9199999999973005       0.43046328559361002     
  -1.8999999999972936       0.43184088298621781     
  -1.8799999999972867       0.43119715806950876     
  -1.8599999999972798       0.42851615295823653     
  -1.8399999999972729       0.42379299216575755     
  -1.8199999999972660       0.41703428409205051     
  -1.7999999999972591       0.40825846352891115     
  -1.7799999999972522       0.39749606931926040     
  -1.7599999999972453       0.38478995139754668     
  -1.7399999999972384       0.37019540159061592     
  -1.7199999999972315       0.35378020277929623     
  -1.6999999999972246       0.33562459131618638     
  -1.6799999999972177       0.31582112796968365     
  -1.6599999999972108       0.29447447312236269     
  -1.6399999999972039       0.27170106249644771     
  -1.6199999999971970       0.24762868031219459     
  -1.5999999999971901       0.22239592750694151     
  -1.5799999999971832       0.19615158345243888     
  -1.5599999999971763       0.16905386050331722     
  -1.5399999999971694       0.14126955168608729     
  -1.5199999999971625       0.11297307289030814     
  -1.4999999999971556        8.4345402044335674E-002
  -1.4799999999971487        5.5572918938763663E-002
  -1.4599999999971418        2.6846150591307148E-002
  -1.4399999999971349       -1.6415716838697793E-003
  -1.4199999999971280       -2.9695536043967987E-002
  -1.3999999999971211       -5.7121145956165444E-002
  -1.3799999999971142       -8.3725478034799961E-002
  -1.3599999999971073      -0.10931889051656792     
  -1.3399999999971004      -0.13371666975877358     
  -1.3199999999970935      -0.15674070094220158     
  -1.2999999999970866      -0.17822114802549210     
  -1.2799999999970797      -0.19799812695030899     
  -1.2599999999970728      -0.21592335515507288     
  -1.2399999999970659      -0.23186175963893632     
  -1.2199999999970590      -0.24569302514678892     
  -1.1999999999970521      -0.25731306354037831     
  -1.1799999999970452      -0.26663538510013601     
  -1.1599999999970383      -0.27359235238690821     
  -1.1399999999970314      -0.27813629740192275     
  -1.1199999999970245      -0.28024048313558136     
  -1.0999999999970176      -0.27989989120849001     
  -1.0799999999970107      -0.27713181819716898     
  -1.0599999999970038      -0.27197626441558764     
  -1.0399999999969969      -0.26449610040254617     
  -1.0199999999969900      -0.25477699815092275     
 -0.99999999999698319      -0.24292711621070393     
 -0.97999999999697640      -0.22907653020119995     
 -0.95999999999696961      -0.21337640297102317     
 -0.93999999999696282      -0.19599789163310616     
 -0.91999999999695603      -0.17713079195515896     
 -0.89999999999694924      -0.15698192407508357     
 -0.87999999999694245      -0.13577326720000799     
 -0.85999999999693566      -0.11373985479288230     
 -0.83999999999692887       -9.1127445700512594E-002
 -0.81999999999692208       -6.8189990672518866E-002
 -0.79999999999691529       -4.5186917696189766E-002
 -0.77999999999690850       -2.2380263455688602E-002
 -0.75999999999690171       -3.1681938669753054E-005
 -0.73999999999689492        2.1600635321410891E-002
 -0.71999999999688813        4.2265089745746956E-002
 -0.69999999999688134        6.1719816613417820E-002
 -0.67999999999687455        7.9735793804923433E-002
 -0.65999999999686776        9.6099874174230576E-002
 -0.63999999999686097       0.11061769633263294     
 -0.61999999999685418       0.12311642833006146     
 -0.59999999999684739       0.13344729918139914     
 -0.57999999999684060       0.14148787444653060     
 -0.55999999999683381       0.14714403415844945     
 -0.53999999999682702       0.15035161431264790     
 -0.51999999999682023       0.15107767687460683     
 -0.49999999999681344       0.14932137780328919     
 -0.47999999999680665       0.14511440788089910     
 -0.45999999999679986       0.13852098711749428     
 -0.43999999999679307       0.12963740007933297     
 -0.41999999999678628       0.11859106657053432     
 -0.39999999999677949       0.10553914956097037     
 -0.37999999999677270        9.0666709967469533E-002
 -0.35999999999676591        7.4184425716960267E-002
 -0.33999999999675912        5.6325900297022481E-002
 -0.31999999999675233        3.7344593573985403E-002
 -0.29999999999674554        1.7510414871949789E-002
 -0.27999999999673875       -2.8939749993203839E-003
 -0.25999999999673196       -2.3577100055225522E-002
 -0.23999999999672514       -4.4242785860758284E-002
 -0.21999999999671832       -6.4594394470703115E-002
 -0.19999999999671150       -8.4339112166318592E-002
 -0.17999999999670468      -0.10319222249012369     
 -0.15999999999669787      -0.12088129621192761     
 -0.13999999999669105      -0.13715023024453643     
 -0.11999999999668425      -0.15176306918307239     
  -9.9999999996677441E-002 -0.16450754605635123     
  -7.9999999996670637E-002 -0.17519828301313628     
  -5.9999999996663833E-002 -0.18367959795370711     
  -3.9999999996657029E-002 -0.18982786946515048     
  -1.9999999996650222E-002 -0.19355341970974183     
   3.3565858426065631E-012 -0.19480188301049481     
   2.0000000003363393E-002 -0.19355503661834439     
   4.0000000003370201E-002 -0.18983107935825502     
   6.0000000003377005E-002 -0.18368435335239713     
   8.0000000003383809E-002 -0.17520451361620382     
  0.10000000000339061      -0.16451515982408391     
  0.12000000000339742      -0.15177195375459515     
  0.14000000000340423      -0.13716025466559617     
  0.16000000000341105      -0.12089231294499626     
  0.18000000000341787      -0.10320406967419481     
  0.20000000000342469       -8.4351616089827219E-002
  0.22000000000343151       -6.4607372217701173E-002
  0.24000000000343832       -4.4256048087867872E-002
  0.26000000000344514       -2.3590453855013630E-002
  0.28000000000345193       -2.9072268046236201E-003
  0.30000000000345872        1.7497456388574299E-002
  0.32000000000346551        3.7332114651079953E-002
  0.34000000000347230        5.6314079329542209E-002
  0.36000000000347909        7.4173430638401344E-002
  0.38000000000348588        9.0656695808549376E-002
  0.40000000000349267       0.10553025622138151     
  0.42000000000349946       0.11858341683651973     
  0.44000000000350625       0.12963109791555588     
  0.46000000000351304       0.13851611625699720     
  0.48000000000351983       0.14511103073193821     
  0.50000000000352662       0.14931953468659451     
  0.52000000000353341       0.15107738559922934     
  0.54000000000354020       0.15035287009313314     
  0.56000000000354699       0.14714680987068576     
  0.58000000000355378       0.14149212121436530     
  0.60000000000356057       0.13345294728108825     
  0.62000000000356736       0.12312338839486675     
  0.64000000000357415       0.11062586083551587     
  0.66000000000358094        9.6109119162649262E-002
  0.68000000000358773        7.9745980858278831E-002
  0.70000000000359452        6.1730794990773052E-002
  0.72000000000360131        4.2276698689079580E-002
  0.74000000000360810        2.1612706477883513E-002
  0.76000000000361490       -1.9322013105520642E-005
  0.78000000000362169       -2.2367790749606781E-002
  0.80000000000362848       -4.5174508191141223E-002
  0.82000000000363527       -6.8177817824225787E-002
  0.84000000000364206       -9.1115677989234034E-002
  0.86000000000364885      -0.11372865337768484     
  0.88000000000365564      -0.13576278370949393     
  0.90000000000366243      -0.15697229856450215     
  0.92000000000366922      -0.17712215105682727     
  0.94000000000367601      -0.19599034692372297     
  0.96000000000368280      -0.21337004957585171     
  0.98000000000368959      -0.22907144565127668     
   1.0000000000036964      -0.24292335956526007     
   1.0200000000037033      -0.25477460939316160     
   1.0400000000037102      -0.26449510011282790     
   1.0600000000037171      -0.27197665372204227     
   1.0800000000037240      -0.27713357899981683     
   1.1000000000037309      -0.27990298666912583     
   1.1200000000037378      -0.28024485842209390     
   1.1400000000037447      -0.27814188067236068     
   1.1600000000037516      -0.27359905599551104     
   1.1800000000037585      -0.26664310700480603     
   1.2000000000037654      -0.25732168888865448     
   1.2200000000037723      -0.24570242801534906     
   1.2400000000037792      -0.23187180490000966     
   1.2600000000037861      -0.21593390044190844     
   1.2800000000037930      -0.19800902469301510     
   1.3000000000037999      -0.17823224752814695     
   1.3200000000038068      -0.15675185047212226     
   1.3400000000038137      -0.13372771861922303     
   1.3600000000038206      -0.10932969107494785     
   1.3800000000038275       -8.3735887679508986E-002
   1.4000000000038344       -5.7131028956774119E-002
   1.4200000000038413       -2.9704765291143385E-002
   1.4400000000038482       -1.6500302875521809E-003
   1.4600000000038551        2.6838567864678364E-002
   1.4800000000038620        5.5566304406645825E-002
   1.5000000000038689        8.4339834040087561E-002
   1.5200000000038758       0.11296861489797347     
   1.5400000000038827       0.14126625168620016     
   1.5600000000038896       0.16905175053502564     
   1.5800000000038965       0.19615067939425196     
   1.6000000000039034       0.22239622907546910     
   1.6200000000039103       0.24763017127535814     
   1.6400000000039172       0.27170371109487540     
   1.6600000000039241       0.29447823269003842     
   1.6800000000039310       0.31582593774243967     
   1.7000000000039379       0.33563037741437352     
   1.7200000000039448       0.35378687934890435     
   1.7400000000039517       0.37020287208531966     
   1.7600000000039586       0.38479810998261355     
   1.7800000000039655       0.39750480237699298     
   1.8000000000039724       0.40826765124433123     
   1.8200000000039793       0.41704380209684289     
   1.8400000000039862       0.42380271321814539     
   1.8600000000039931       0.42852594863633614     
   1.8800000000040000       0.43120690045596177     
   1.9000000000040069       0.43185044632238345     
   1.9200000000040138       0.43047254788234546     
   1.9400000000040207       0.42709979613908472     
   1.9600000000040276       0.42176890958552754     
   1.9800000000040345       0.41452619094159826     
   2.0000000000040412       0.40542694822744318     
   2.0200000000040479       0.39453488577921536     
   2.0400000000040546       0.38192147066307469     
   2.0600000000040612       0.36766527977070429     
   2.0800000000040679       0.35185133268972069     
   2.1000000000040746       0.33457041523791975     
   2.1200000000040813       0.31591839833373808     
   2.1400000000040880       0.29599555664839683     
   2.1600000000040946       0.27490589124909781     
   2.1800000000041013       0.25275646019820708     
   2.2000000000041080       0.22965672082097255     
   2.2200000000041147       0.20571788709429767     
   2.2400000000041214       0.18105230534162756     
   2.2600000000041280       0.15577285114434108     
   2.2800000000041347       0.12999235009866483     
   2.3000000000041414       0.10382302475969850     
   2.3200000000041481        7.7375969821719640E-002
   2.3400000000041548        5.0760657287919474E-002
   2.3600000000041614        2.4084473084895860E-002
   2.3800000000041681       -2.5477137202349499E-003
   2.4000000000041748       -2.9033948236862093E-002
   2.4200000000041815       -5.5275553027812625E-002
   2.4400000000041882       -8.1177457052448929E-002
   2.4600000000041948      -0.10664849025114327     
   2.4800000000042015      -0.13160164400079430     
   2.5000000000042082      -0.15595429790820087     
   2.5200000000042149      -0.17962841362541232     
   2.5400000000042215      -0.20255069656645808     
   2.5600000000042282      -0.22465272657642912     
   2.5800000000042349      -0.24587105875057549     
   2.6000000000042416      -0.26614729572228368     
   2.6200000000042483      -0.28542813283460650     
   2.6400000000042549      -0.30366537768098267     
   2.6600000000042616      -0.32081594554819887     
   2.6800000000042683      -0.33684183232023612     
   2.7000000000042750      -0.35171006640757807     
   2.7200000000042817      -0.36539264125543469     
   2.7400000000042883      -0.37786642995895514     
   2.7600000000042950      -0.38911308347677664     
   2.7800000000043017      -0.39911891388916970     
   2.8000000000043084      -0.40787476409644619     
   2.8200000000043151      -0.41537586529978865     
   2.8400000000043217      -0.42162168355265817     
   2.8600000000043284      -0.42661575661824463     
   2.8800000000043351      -0.43036552231872632     
   2.9000000000043418      -0.43288213951620935     
   2.9200000000043485      -0.43418030282383918     
   2.9400000000043551      -0.43427805210864701     
   2.9600000000043618      -0.43319657781487092     
   2.9800000000043685      -0.43096002310701143     
   3.0000000000043752      -0.42759528380464940     
   3.0200000000043818      -0.42313180705479020     
   3.0400000000043885      -0.41760138966077121     
   3.0600000000043952      -0.41103797695816302     
   3.0800000000044019      -0.40347746309619070     
   3.1000000000044086      -0.39495749354689558     
   3.1200000000044152      -0.38551727062244801     
   3.1400000000044219      -0.37519736273323268     
   3.1600000000044286      -0.36403951806512236     
   3.1800000000044353      -0.35208648329391928     
   3.2000000000044420      -0.33938182788872995     
   3.2200000000044486      -0.32596977448488001     
   3.2400000000044553      -0.31189503573208621     
   3.2600000000044620      -0.29720265794643802     
   3.2800000000044687      -0.28193787181696200     
   3.3000000000044754      -0.26614595034096800     
   3.3200000000044820      -0.24987207408884141     
   3.3400000000044887      -0.23316120383022565     
   3.3600000000044954      -0.21605796049132084     
   3.3800000000045021      -0.19860651235868371     
   3.4000000000045087      -0.18085046939964797     
   3.4200000000045154      -0.16283278453400946     
   3.4400000000045221      -0.14459566166640656     
   3.4600000000045288      -0.12618047027378562     
   3.4800000000045355      -0.10762766633711157     
   3.5000000000045421       -8.8976719410199079E-002
   3.5200000000045488       -7.0266045630054993E-002
   3.5400000000045555       -5.1532946490956973E-002
   3.5600000000045622       -3.2813553226938755E-002
   3.5800000000045689       -1.4142776672567182E-002
   3.6000000000045755        4.4457375020453714E-003
   3.6200000000045822        2.2919648261037092E-002
   3.6400000000045889        4.1247953434254032E-002
   3.6600000000045956        5.9401018749444555E-002
   3.6800000000046023        7.7350601692203244E-002
   3.7000000000046089        9.5069870215361910E-002
   3.7200000000046156       0.11253341632151564     
   3.7400000000046223       0.12971726455199775     
   3.7600000000046290       0.14659887543261588     
   3.7800000000046357       0.16315714395036235     
   3.8000000000046423       0.17937239316516576     
   3.8200000000046490       0.19522636309537983     
   3.8400000000046557       0.21070219505360885     
   3.8600000000046624       0.22578441164909741     
   3.8800000000046690       0.24045889271242832     
   3.9000000000046757       0.25471284743607348     
   3.9200000000046824       0.26853478305865847     
   3.9400000000046891       0.28191447045016499     
   3.9600000000046958       0.29484290697844506     
   3.9800000000047024       0.30731227705326220     
   4.0000000000047091       0.31931591075199528     
   4.0200000000047158       0.33084824093074844     
   4.0400000000047225       0.34190475921595659     
   4.0600000000047292       0.35248197125499803     
   4.0800000000047358       0.36257735158060583     
   4.1000000000047425       0.37218929841391413     
   4.1200000000047492       0.38131708869615749     
   4.1400000000047559       0.38996083360066675     
   4.1600000000047626       0.39812143473652062     
   4.1800000000047692       0.40580054121454079     
   4.2000000000047759       0.41300050770681651     
   4.2200000000047826       0.41972435359403953     
   4.2400000000047893       0.42597572326190769     
   4.2600000000047960       0.43175884757968197     
   4.2800000000048026       0.43707850657146680     
   4.3000000000048093       0.44193999327434108     
   4.3200000000048160       0.44634907876723273     
   4.3400000000048227       0.45031197835019093     
   4.3600000000048293       0.45383531885504558     
   4.3800000000048360       0.45692610707446507     
   4.4000000000048427       0.45959169930628985     
   4.4200000000048494       0.46183977202246068     
   4.4400000000048561       0.46367829368565144     
   4.4600000000048627       0.46511549775056549     
   4.4800000000048694       0.46615985689942052     
   4.5000000000048761       0.46682005857131997     
   4.5200000000048828       0.46710498185182131     
   4.5400000000048895       0.46702367579138049     
   4.5600000000048961       0.46658533921875489     
   4.5800000000049028       0.46579930210761950     
   4.6000000000049095       0.46467500854160948     
   4.6200000000049162       0.46322200130489571     
   4.6400000000049229       0.46144990810296704     
   4.6600000000049295       0.45936842939209088     
   4.6800000000049362       0.45698732776723233     
   4.7000000000049429       0.45431641882797169     
   4.7200000000049496       0.45136556341165063     
   4.7400000000049562       0.44814466105381318     
   4.7600000000049629       0.44466364450935542     
   4.7800000000049696       0.44093247514490586     
   4.8000000000049763       0.43696113899487138     
   4.8200000000049830       0.43275964326130756     
   4.8400000000049896       0.42833801303181779     
   4.8600000000049963       0.42370628799065568     
   4.8800000000050030       0.41887451890603156     
   4.9000000000050097       0.41385276369125051     
   4.9200000000050164       0.40865108285824692     
   4.9400000000050230       0.40327953420853674     
   4.9600000000050297       0.39774816663777979     
   4.9800000000050364       0.39206701296468432     
   5.0000000000050431       0.38624608173179903     
   5.0200000000050498       0.38029534796332815     
   5.0400000000050564       0.37422474290217539     
   5.0600000000050631       0.36804414278355596     
   5.0800000000050698       0.36176335673454058     
   5.1000000000050765       0.35539211391667458     
   5.1200000000050832       0.34894005005143142     
   5.1400000000050898       0.34241669348515802     
   5.1600000000050965       0.33583145096077593     
   5.1800000000051032       0.32919359326786485     
   5.2000000000051099       0.32251224094087649     
   5.2200000000051165       0.31579635016757801     
   5.2400000000051232       0.30905469905701799     
   5.2600000000051299       0.30229587439918398     
   5.2800000000051366       0.29552825902807534     
   5.3000000000051433       0.28876001987725936     
   5.3200000000051499       0.28199909679327012     
   5.3400000000051566       0.27525319214864313     
   5.3600000000051633       0.26852976127399397     
   5.3800000000051700       0.26183600370849247     
   5.4000000000051767       0.25517885525103495     
   5.4200000000051833       0.24856498078126435     
   5.4400000000051900       0.24200076781058610     
   5.4600000000051967       0.23549232071889931     
   5.4800000000052034       0.22904545563273576     
   5.5000000000052101       0.22266569590479734     
   5.5200000000052167       0.21635826816289275     
   5.5400000000052234       0.21012809890750228     
   5.5600000000052301       0.20397981165070886     
   5.5800000000052368       0.19791772460423090     
   5.6000000000052435       0.19194584893967459     
   5.6200000000052501       0.18606788765900506     
   5.6400000000052568       0.18028723512652595     
   5.6600000000052635       0.17460697732456834     
   5.6800000000052702       0.16902989290273890     
   5.7000000000052768       0.16355845509447492     
   5.7200000000052835       0.15819483457421171     
   5.7400000000052902       0.15294090332363763     
   5.7600000000052969       0.14779823956614960     
   5.7800000000053036       0.14276813381502437     
   5.8000000000053102       0.13785159606339301     
   5.8200000000053169       0.13304936412347709     
   5.8400000000053236       0.12836191309942899     
   5.8600000000053303       0.12378946595356490     
   5.8800000000053370       0.11933200510055247     
   5.9000000000053436       0.11498928493950050     
   5.9200000000053503       0.11076084521067248     
   5.9400000000053570       0.10664602504285534     
   5.9600000000053637       0.10264397754002524     
   5.9800000000053704        9.8753684742647771E-002
   6.0000000000053770        9.4973972790273573E-002
   6.0200000000053837        9.1303527108431926E-002
   6.0400000000053904        8.7740907444352284E-002
   6.0600000000053971        8.4284562582703837E-002
   6.0800000000054037        8.0932844584081731E-002
   6.1000000000054104        7.7684022404944916E-002
   6.1200000000054171        7.4536294777466733E-002
   6.1400000000054238        7.1487802250543728E-002
   6.1600000000054305        6.8536638318102694E-002
   6.1800000000054371        6.5680859586899787E-002
   6.2000000000054438        6.2918494962206237E-002
   6.2200000000054505        6.0247553855155497E-002
   6.2400000000054572        5.7666033439119760E-002
   6.2600000000054639        5.5171925003497241E-002
   6.2800000000054705        5.2763219470961381E-002
   6.3000000000054772        5.0437912158049533E-002
   6.3200000000054839        4.8194006868521662E-002
   6.3400000000054906        4.6029519414068243E-002
   6.3600000000054973        4.3942480657648920E-002
   6.3800000000055039        4.1930939171251222E-002
   6.4000000000055106        3.9992963592508493E-002
   6.4200000000055173        3.8126644753989740E-002
   6.4400000000055240        3.6330097645696786E-002
   6.4600000000055307        3.4601463256190984E-002
   6.4800000000055373        3.2938910321618158E-002
   6.5000000000055440        3.1340636995580040E-002
   6.5200000000055507        2.9804872437151419E-002
   6.5400000000055574        2.8329878300145044E-002
   6.5600000000055640        2.6913950094689464E-002
   6.5800000000055707        2.5555418382879082E-002
   6.6000000000055774        2.4252649764132942E-002
   6.6200000000055841        2.3004047603220626E-002
   6.6400000000055908        2.1808052454805254E-002
   6.6600000000055974        2.0663142142733043E-002
   6.6800000000056041        1.9567831459947060E-002
   6.7000000000056108        1.8520671465416440E-002
   6.7200000000056175        1.7520248367342440E-002
   6.7400000000056242        1.6565181996480521E-002
   6.7600000000056308        1.5654123888999869E-002
   6.7800000000056375        1.4785755014121806E-002
   6.8000000000056442        1.3958783197066397E-002
   6.8200000000056509        1.3171940301842287E-002
   6.8400000000056576        1.2423979250447996E-002
   6.8600000000056642        1.1713670964510814E-002
   6.8800000000056709        1.1039801321783076E-002
   6.9000000000056776        1.0401168222892531E-002
   6.9200000000056843        9.7965788631050425E-003
   6.9400000000056909        9.2248472995595659E-003
   6.9600000000056976        8.6847923965981729E-003
   6.9800000000057043        8.1752362207093907E-003
   7.0000000000057110        7.6950029426488230E-003
   7.0200000000057177        7.2429182880298596E-003
   7.0400000000057243        6.8178095597337058E-003
   7.0600000000057310        6.4185062365701455E-003
   7.0800000000057377        6.0438411334856525E-003
   7.1000000000057444        5.6926520900102903E-003
   7.1200000000057511        5.3637841362969762E-003
   7.1400000000057577        5.0560920707052029E-003
   7.1600000000057644        4.7684433700115473E-003
   7.1800000000057711        4.4997213434703719E-003
   7.2000000000057778        4.2488284354584250E-003
   7.2200000000057845        4.0146895785261342E-003
   7.2400000000057911        3.7962554994155177E-003
   7.2600000000057978        3.5925058848986094E-003
   7.2800000000058045        3.4024523219165158E-003
   7.3000000000058112        3.2251409370898819E-003
   7.3200000000058179        3.0596546737482709E-003
   7.3400000000058245        2.9051151596126740E-003
   7.3600000000058312        2.7606841345227304E-003
   7.3800000000058379        2.6255644244332485E-003
   7.4000000000058446        2.4990004646290903E-003
   7.4200000000058512        2.3802783910323129E-003
   7.4400000000058579        2.2687257329749026E-003
   7.4600000000058646        2.1637107533202843E-003
   7.4800000000058713        2.0646414918699166E-003
   7.5000000000058780        1.9709645752356616E-003
   7.5200000000058846        1.8821638605638178E-003
   7.5400000000058913        1.7977589815699347E-003
   7.5600000000058980        1.7173038633253291E-003
   7.5800000000059047        1.6403852672965649E-003
   7.6000000000059114        1.5666214205776728E-003
   7.6200000000059180        1.4956607734645108E-003
   7.6400000000059247        1.4271809180021200E-003
   7.6600000000059314        1.3608876874352325E-003
   7.6800000000059381        1.2965144432163763E-003
   7.7000000000059448        1.2338215429804119E-003
   7.7200000000059514        1.1725959702884681E-003
   7.7400000000059581        1.1126510955354559E-003
   7.7600000000059648        1.0538265277163970E-003
   7.7800000000059715        9.9598800917350652E-004
   7.8000000000059782        9.3902730032982312E-004
   7.8200000000059848        8.8286199896609645E-004
   7.8400000000059915        8.2743523891455097E-004
   7.8600000000059982        7.7271521609729857E-004
   7.8800000000060049        7.1869449548906468E-004
   7.9000000000060115        6.6538906057237216E-004
   7.9200000000060182        6.1283707683024125E-004
   7.9400000000060249        5.6109735234475405E-004
   7.9600000000060316        5.1024749114204459E-004
   7.9800000000060383        4.6038174800281322E-004
   8.0000000000060449        4.1160860647965078E-004
   8.0200000000060516        3.6404811427714608E-004
   8.0400000000060583        3.1782902142813866E-004
   8.0600000000060650        2.7308577636617090E-004
   8.0800000000060717        2.2995544264366757E-004
   8.1000000000060783        1.8857460435580756E-004
   8.1200000000060850        1.4907633108461827E-004
   8.1400000000060917        1.1158727325637001E-004
   8.1600000000060984        7.6224956207835698E-005
   8.1800000000061051        4.3095336086313483E-005
   8.2000000000061117        1.2290673173710832E-005
   8.2200000000061184       -1.6112231369220160E-005
   8.2400000000061251       -4.2053400612822929E-005
   8.2600000000061318       -6.5490626596042520E-005
   8.2800000000061384       -8.6399985696041415E-005
   8.3000000000061451       -1.0477592908264702E-004
   8.3200000000061518       -1.2063096585127402E-004
   8.3400000000061585       -1.3399496875837448E-004
   8.3600000000061652       -1.4491414353852224E-004
   8.3800000000061718       -1.5344971214994673E-004
   8.4000000000061785       -1.5967636764088118E-004
   8.4200000000061852       -1.6368056339781091E-004
   8.4400000000061919       -1.6555870217108677E-004
   8.4600000000061986       -1.6541529041297801E-004
   8.4800000000062052       -1.6336112114812340E-004
   8.5000000000062119       -1.5951154396484947E-004
   8.5200000000062186       -1.5398487399185759E-004
   8.5400000000062253       -1.4690098322013825E-004
   8.5600000000062320       -1.3838010761159413E-004
   8.5800000000062386       -1.2854189253095567E-004
   8.6000000000062453       -1.1750468759973238E-004
   8.6200000000062520       -1.0538509056854444E-004
   8.6400000000062587       -9.2297728701840677E-005
   8.6600000000062654       -7.8355255905892456E-005
   8.6800000000062720       -6.3668534804998194E-005
   8.7000000000062787       -4.8346965524764660E-005
   8.7200000000062854       -3.2498917347445977E-005
   8.7400000000062921       -1.6232215856323033E-005
   8.7600000000062987        3.4536320941024999E-007
   8.7800000000063054        1.7125641389348560E-005
   8.8000000000063121        3.3999671345218604E-005
   8.8200000000063188        5.0857497400052710E-005
   8.8400000000063255        6.7588076507032240E-005
   8.8600000000063321        8.4079385402865755E-005
   8.8800000000063388        1.0021873064519958E-004
   8.9000000000063455        1.1589326848903431E-004
   8.9200000000063522        1.3099073153336626E-004
   8.9400000000063589        1.4540034918263667E-004
   8.9600000000063655        1.5901393962395319E-004
   8.9800000000063722        1.7172714259584701E-004
   9.0000000000063789        1.8344075505880467E-004
   9.0200000000063856        1.9406212625029863E-004
   9.0400000000063923        2.0350656473815926E-004
   9.0600000000063989        2.1169870811981121E-004
   9.0800000000064056        2.1857380601926095E-004
   9.1000000000064123        2.2407886899980452E-004
   9.1200000000064190        2.2817363984623201E-004
   9.1400000000064257        2.3083134921996019E-004
   9.1600000000064323        2.3203922472257607E-004
   9.1800000000064390        2.3179873063941439E-004
   9.2000000000064457        2.3012552474535074E-004
   9.2200000000064524        2.2704912818630169E-004
   9.2400000000064590        2.2261231422522629E-004
   9.2600000000064657        2.1687023118974096E-004
   9.2800000000064724        2.0988928391380224E-004
   9.3000000000064791        2.0174580599699389E-004
   9.3200000000064858        1.9252456201370458E-004
   9.3400000000064924        1.8231712414640657E-004
   9.3600000000064991        1.7122017140667472E-004
   9.3800000000065058        1.5933376152261602E-004
   9.4000000000065125        1.4675962566091348E-004
   9.4200000000065192        1.3359953443387498E-004
   9.4400000000065258        1.1995378020319947E-004
   9.4600000000065325        1.0591981568390211E-004
   9.4800000000065392        9.1591082481244908E-005
   9.5000000000065459        7.7056055717704839E-005
   9.5200000000065526        6.2397522621181187E-005
   9.5400000000065592        4.7692104169410304E-005
   9.5600000000065659        3.3010019955055116E-005
   9.5800000000065726        1.8415087685720263E-005
   9.6000000000065793        3.9649404867561985E-006
   9.6200000000065859       -1.0288562267518031E-005
   9.6400000000065926       -2.4298761243325300E-005
   9.6600000000065993       -3.8023496292758644E-005
   9.6800000000066060       -5.1424317819106130E-005
   9.7000000000066127       -6.4465651788700540E-005
   9.7200000000066193       -7.7113960259286954E-005
   9.7400000000066260       -8.9336938133157746E-005
   9.7600000000066327       -1.0110278414621292E-004
   9.7800000000066394       -1.1237958000035860E-004
   9.8000000000066461       -1.2313480621478997E-004
   9.8200000000066527       -1.3333501693374683E-004
   9.8400000000066594       -1.4294568883994538E-004
   9.8600000000066661       -1.5193125176423756E-004
   9.8800000000066728       -1.6025530084622943E-004
   9.9000000000066795       -1.6788098248229775E-004
   9.9200000000066861       -1.7477153908355942E-004
   9.9400000000066928       -1.8089099112147315E-004
   9.9600000000066995       -1.8620492930208687E-004
   9.9800000000067062       -1.9068138517954960E-004
