  -10.000000000000000        8.2353761825268914E-005
  -9.9799999999999933        8.0609157950989988E-005
  -9.9599999999999866        7.8491306221309545E-005
  -9.9399999999999800        7.6008360583479709E-005
  -9.9199999999999733        7.3170142858281905E-005
  -9.8999999999999666        6.9987937768948520E-005
  -9.8799999999999599        6.6474294549633464E-005
  -9.8599999999999532        6.2642843415398652E-005
  -9.8399999999999466        5.8508134382437676E-005
  -9.8199999999999399        5.4085504828739834E-005
  -9.7999999999999332        4.9390980818730670E-005
  -9.7799999999999265        4.4441215629986858E-005
  -9.7599999999999199        3.9253467175137793E-005
  -9.7399999999999132        3.3845614171614986E-005
  -9.7199999999999065        2.8236209047359232E-005
  -9.6999999999998998        2.2444563753296535E-005
  -9.6799999999998931        1.6490862955743190E-005
  -9.6599999999998865        1.0396297571854605E-005
  -9.6399999999998798        4.1832103513426333E-006
  -9.6199999999998731       -2.1247557477196177E-006
  -9.5999999999998664       -8.5025162497299335E-006
  -9.5799999999998597       -1.4923421009217342E-005
  -9.5599999999998531       -2.1359157140446146E-005
  -9.5399999999998464       -2.7779688391306828E-005
  -9.5199999999998397       -3.4153239376762169E-005
  -9.4999999999998330       -4.0446331783679515E-005
  -9.4799999999998263       -4.6623878040905551E-005
  -9.4599999999998197       -5.2649336070467106E-005
  -9.4399999999998130       -5.8484926664040076E-005
  -9.4199999999998063       -6.4091912835936621E-005
  -9.3999999999997996       -6.9430938271694515E-005
  -9.3799999999997929       -7.4462419800532843E-005
  -9.3599999999997863       -7.9146986754445776E-005
  -9.3399999999997796       -8.3445958214983595E-005
  -9.3199999999997729       -8.7321847562989898E-005
  -9.2999999999997662       -9.0738882500606579E-005
  -9.2799999999997596       -9.3663527859125795E-005
  -9.2599999999997529       -9.6064998078115537E-005
  -9.2399999999997462       -9.7915746261547580E-005
  -9.2199999999997395       -9.9191917190651532E-005
  -9.1999999999997328       -9.9873752586652893E-005
  -9.1799999999997262       -9.9945938241478060E-005
  -9.1599999999997195       -9.9397884323499910E-005
  -9.1399999999997128       -9.8223932159168713E-005
  -9.1199999999997061       -9.6423483017114378E-005
  -9.0999999999996994       -9.4001046796773010E-005
  -9.0799999999996928       -9.0966210959588133E-005
  -9.0599999999996861       -8.7333532446648592E-005
  -9.0399999999996794       -8.3122357609129139E-005
  -9.0199999999996727       -7.8356577250954576E-005
  -8.9999999999996660       -7.3064325666417069E-005
  -8.9799999999996594       -6.7277633978986198E-005
  -8.9599999999996527       -6.1032049098040169E-005
  -8.9399999999996460       -5.4366230165283081E-005
  -8.9199999999996393       -4.7321534443826342E-005
  -8.8999999999996326       -3.9941604204902360E-005
  -8.8799999999996260       -3.2271965308548254E-005
  -8.8599999999996193       -2.4359646889936649E-005
  -8.8399999999996126       -1.6252829905347477E-005
  -8.8199999999996059       -8.0005303307679900E-006
  -8.7999999999995993        3.4767937709150541E-007
  -8.7799999999995926        8.7419092602493786E-006
  -8.7599999999995859        1.7132152325635302E-005
  -8.7399999999995792        2.5468449818450168E-005
  -8.7199999999995725        3.3701026727240146E-005
  -8.6999999999995659        4.1780404786047952E-005
  -8.6799999999995592        4.9657501733111047E-005
  -8.6599999999995525        5.7283726660059477E-005
  -8.6399999999995458        6.4611081887789540E-005
  -8.6199999999995391        7.1592281897506831E-005
  -8.5999999999995325        7.8180899413719243E-005
  -8.5799999999995258        8.4331547785892211E-005
  -8.5599999999995191        9.0000107374949500E-005
  -8.5399999999995124        9.5144001769267169E-005
  -8.5199999999995057        9.9722527399781404E-005
  -8.4999999999994991        1.0369723758089966E-004
  -8.4799999999994924        1.0703237927149565E-004
  -8.4599999999994857        1.0969537803713489E-004
  -8.4399999999994790        1.1165736391480845E-004
  -8.4199999999994724        1.1289372825134602E-004
  -8.3999999999994657        1.1338469921559368E-004
  -8.3799999999994590        1.1311592167978294E-004
  -8.3599999999994523        1.1207902561411964E-004
  -8.3399999999994456        1.1027216611862862E-004
  -8.3199999999994390        1.0770051778084653E-004
  -8.2999999999994323        1.0437670622934068E-004
  -8.2799999999994256        1.0032116056204173E-004
  -8.2599999999994189        9.5562371746324009E-005
  -8.2399999999994122        9.0137044076405416E-005
  -8.2199999999994056        8.4090129268439353E-005
  -8.1999999999993989        7.7474735690827808E-005
  -8.1799999999993922        7.0351908464250649E-005
  -8.1599999999993855        6.2790279606664360E-005
  -8.1399999999993788        5.4865590919238377E-005
  -8.1199999999993722        4.6660095777418654E-005
  -8.0999999999993655        3.8261849281848493E-005
  -8.0799999999993588        2.9763899210450329E-005
  -8.0599999999993521        2.1263392786831001E-005
  -8.0399999999993454        1.2860616344064867E-005
  -8.0199999999993388        4.6579864412140575E-006
  -7.9999999999993321       -3.2409881699828188E-006
  -7.9799999999993254       -1.0732754156093921E-005
  -7.9599999999993187       -1.7714751710532400E-005
  -7.9399999999993121       -2.4086425209484125E-005
  -7.9199999999993054       -2.9750190184155088E-005
  -7.8999999999992987       -3.4612342604348910E-005
  -7.8799999999992920       -3.8583899108735983E-005
  -7.8599999999992853       -4.1581359753728069E-005
  -7.8399999999992787       -4.3527387957860287E-005
  -7.8199999999992720       -4.4351405461251972E-005
  -7.7999999999992653       -4.3990103158786259E-005
  -7.7799999999992586       -4.2387871475657052E-005
  -7.7599999999992519       -3.9497156408931832E-005
  -7.7399999999992453       -3.5278749355950877E-005
  -7.7199999999992386       -2.9702020303192786E-005
  -7.6999999999992319       -2.2745104796262369E-005
  -7.6799999999992252       -1.4395055318260095E-005
  -7.6599999999992185       -4.6479672650011430E-006
  -7.6399999999992119        6.4909113554182468E-006
  -7.6199999999992052        1.9007079002148379E-005
  -7.5999999999991985        3.2876683084335049E-005
  -7.5799999999991918        4.8066422980039805E-005
  -7.5599999999991851        6.4533453497657653E-005
  -7.5399999999991785        8.2225291588887875E-005
  -7.5199999999991718        1.0107973200753840E-004
  -7.4999999999991651        1.2102478033010029E-004
  -7.4799999999991584        1.4197861416839820E-004
  -7.4599999999991518        1.6384958537842467E-004
  -7.4399999999991451        1.8653627748800613E-004
  -7.4199999999991384        2.0992763333401842E-004
  -7.3999999999991317        2.3390316795090407E-004
  -7.3799999999991250        2.5833328104858818E-004
  -7.3599999999991184        2.8307968195561919E-004
  -7.3399999999991117        3.0799593770875898E-004
  -7.3199999999991050        3.3292815210721611E-004
  -7.2999999999990983        3.5771578010799723E-004
  -7.2799999999990916        3.8219257803768152E-004
  -7.2599999999990850        4.0618768587948181E-004
  -7.2399999999990783        4.2952683352011844E-004
  -7.2199999999990716        4.5203365847867796E-004
  -7.1999999999990649        4.7353111846817577E-004
  -7.1799999999990582        4.9384297832232309E-004
  -7.1599999999990516        5.1279534752438516E-004
  -7.1399999999990449        5.3021824193783462E-004
  -7.1199999999990382        5.4594714148159789E-004
  -7.0999999999990315        5.5982451450464971E-004
  -7.0799999999990249        5.7170127955277143E-004
  -7.0599999999990182        5.8143817610382010E-004
  -7.0399999999990115        5.8890701765976130E-004
  -7.0199999999990048        5.9399180327023753E-004
  -6.9999999999989981        5.9658966703587252E-004
  -6.9799999999989915        5.9661164927386420E-004
  -6.9599999999989848        5.9398327768189080E-004
  -6.9399999999989781        5.8864495183564083E-004
  -6.9199999999989714        5.8055212951815057E-004
  -6.8999999999989647        5.6967531851756319E-004
  -6.8799999999989581        5.5599988245429795E-004
  -6.8599999999989514        5.3952567373065840E-004
  -6.8399999999989447        5.2026651067646761E-004
  -6.8199999999989380        4.9824951925249374E-004
  -6.7999999999989313        4.7351436216391623E-004
  -6.7799999999989247        4.4611237985663494E-004
  -6.7599999999989180        4.1610566858157286E-004
  -6.7399999999989113        3.8356612052252280E-004
  -6.7199999999989046        3.4857444993350494E-004
  -6.6999999999988979        3.1121922740059933E-004
  -6.6799999999988913        2.7159594184394584E-004
  -6.6599999999988846        2.2980610685041254E-004
  -6.6399999999988779        1.8595642453507239E-004
  -6.6199999999988712        1.4015801655188728E-004
  -6.5999999999988646        9.2525728287348383E-005
  -6.5799999999988579        4.3177508861760085E-005
  -6.5599999999988512       -7.7661335064509318E-006
  -6.5399999999988445       -6.0182603790408297E-005
  -6.5199999999988378       -1.1394762507509501E-004
  -6.4999999999988312       -1.6893558233278396E-004
  -6.4799999999988245       -2.2501981176797426E-004
  -6.4599999999988178       -2.8207284215683566E-004
  -6.4399999999988111       -3.3996659357105811E-004
  -6.4199999999988044       -3.9857253715876428E-004
  -6.3999999999987978       -4.5776181736439952E-004
  -6.3799999999987911       -5.1740533524248001E-004
  -6.3599999999987844       -5.7737378852613268E-004
  -6.3399999999987777       -6.3753766103316883E-004
  -6.3199999999987710       -6.9776715103380554E-004
  -6.2999999999987644       -7.5793202555895936E-004
  -6.2799999999987577       -8.1790138549388031E-004
  -6.2599999999987510       -8.7754332485463836E-004
  -6.2399999999987443       -9.3672446703055594E-004
  -6.2199999999987376       -9.9530936111906412E-004
  -6.1999999999987310       -1.0531597228517079E-003
  -6.1799999999987243       -1.1101335070460743E-003
  -6.1599999999987176       -1.1660838020060968E-003
  -6.1399999999987109       -1.2208575407640075E-003
  -6.1199999999987043       -1.2742940294075918E-003
  -6.0999999999986976       -1.3262232988057688E-003
  -6.0799999999986909       -1.3764642926483426E-003
  -6.0599999999986842       -1.4248229116237911E-003
  -6.0399999999986775       -1.4710899405312291E-003
  -6.0199999999986709       -1.5150388918992075E-003
  -5.9999999999986642       -1.5564238060056534E-003
  -5.9799999999986575       -1.5949770528128574E-003
  -5.9599999999986508       -1.6304071860134956E-003
  -5.9399999999986441       -1.6623969029315414E-003
  -5.9199999999986375       -1.6906011662696761E-003
  -5.8999999999986308       -1.7146455445270113E-003
  -5.8799999999986241       -1.7341248272586453E-003
  -5.8599999999986174       -1.7486019691994698E-003
  -5.8399999999986107       -1.7576074136702335E-003
  -5.8199999999986041       -1.7606388407180478E-003
  -5.7999999999985974       -1.7571613792588044E-003
  -5.7799999999985907       -1.7466083152735447E-003
  -5.7599999999985840       -1.7283823200852336E-003
  -5.7399999999985774       -1.7018572141546643E-003
  -5.7199999999985707       -1.6663802729473792E-003
  -5.6999999999985640       -1.6212750725021509E-003
  -5.6799999999985573       -1.5658448636403336E-003
  -5.6599999999985506       -1.4993764555268567E-003
  -5.6399999999985440       -1.4211445817483754E-003
  -5.6199999999985373       -1.3304167153811903E-003
  -5.5999999999985306       -1.2264582938131536E-003
  -5.5799999999985239       -1.1085383094412739E-003
  -5.5599999999985172       -9.7593521881921756E-004
  -5.5399999999985106       -8.2794312035118511E-004
  -5.5199999999985039       -6.6387814915247966E-004
  -5.4999999999984972       -4.8308503709925489E-004
  -5.4799999999984905       -2.8494378622237574E-004
  -5.4599999999984838       -6.8876404270778335E-005
  -5.4399999999984772        1.6564634771552234E-004
  -5.4199999999984705        4.1909824484266385E-004
  -5.3999999999984638        6.9189097276109771E-004
  -5.3799999999984571        9.8436763417609867E-004
  -5.3599999999984504        1.2967964342443365E-003
  -5.3399999999984438        1.6293645918097125E-003
  -5.3199999999984371        1.9821725242397618E-003
  -5.2999999999984304        2.3552283550979636E-003
  -5.2799999999984237        2.7484427959956568E-003
  -5.2599999999984171        3.1616244566387156E-003
  -5.2399999999984104        3.5944756401774421E-003
  -5.2199999999984037        4.0465886843111219E-003
  -5.1999999999983970        4.5174429119635299E-003
  -5.1799999999983903        5.0064022584831386E-003
  -5.1599999999983837        5.5127136449547925E-003
  -5.1399999999983770        6.0355061690617346E-003
  -5.1199999999983703        6.5737911857255277E-003
  -5.0999999999983636        7.1264633492279326E-003
  -5.0799999999983569        7.6923026864508968E-003
  -5.0599999999983503        8.2699777670850270E-003
  -5.0399999999983436        8.8580500310225380E-003
  -5.0199999999983369        9.4549793256061710E-003
  -4.9999999999983302        1.0059130695954826E-002
  -4.9799999999983235        1.0668782460305908E-002
  -4.9599999999983169        1.1282135589345500E-002
  -4.9399999999983102        1.1897324394054653E-002
  -4.9199999999983035        1.2512428510953279E-002
  -4.8999999999982968        1.3125486157094138E-002
  -4.8799999999982901        1.3734508610108290E-002
  -4.8599999999982835        1.4337495851418349E-002
  -4.8399999999982768        1.4932453293811324E-002
  -4.8199999999982701        1.5517409498293801E-002
  -4.7999999999982634        1.6090434769909897E-002
  -4.7799999999982568        1.6649660508326579E-002
  -4.7599999999982501        1.7193299176773126E-002
  -4.7399999999982434        1.7719664742595891E-002
  -4.7199999999982367        1.8227193434422542E-002
  -4.6999999999982300        1.8714464654821145E-002
  -4.6799999999982234        1.9180221883403594E-002
  -4.6599999999982167        1.9623393403520473E-002
  -4.6399999999982100        2.0043112685895752E-002
  -4.6199999999982033        2.0438738264581990E-002
  -4.5999999999981966        2.0809872944249325E-002
  -4.5799999999981900        2.1156382182785188E-002
  -4.5599999999981833        2.1478411499185428E-002
  -4.5399999999981766        2.1776402763463265E-002
  -4.5199999999981699        2.2051109232494721E-002
  -4.4999999999981632        2.2303609203088066E-002
  -4.4799999999981566        2.2535318160876054E-002
  -4.4599999999981499        2.2747999310689007E-002
  -4.4399999999981432        2.2943772380752948E-002
  -4.4199999999981365        2.3125120599289284E-002
  -4.3999999999981299        2.3294895747878235E-002
  -4.3799999999981232        2.3456321201343850E-002
  -4.3599999999981165        2.3612992869055476E-002
  -4.3399999999981098        2.3768877957591181E-002
  -4.3199999999981031        2.3928311479905592E-002
  -4.2999999999980965        2.4095990441737804E-002
  -4.2799999999980898        2.4276965642262428E-002
  -4.2599999999980831        2.4476631033200733E-002
  -4.2399999999980764        2.4700710589032653E-002
  -4.2199999999980697        2.4955242650810672E-002
  -4.1999999999980631        2.5246561717562087E-002
  -4.1799999999980564        2.5581277672497224E-002
  -4.1599999999980497        2.5966252446283859E-002
  -4.1399999999980430        2.6408574136476768E-002
  -4.1199999999980363        2.6915528620714658E-002
  -4.0999999999980297        2.7494568721338718E-002
  -4.0799999999980230        2.8153281000393739E-002
  -4.0599999999980163        2.8899350286232636E-002
  -4.0399999999980096        2.9740522055778755E-002
  -4.0199999999980029        3.0684562819495772E-002
  -3.9999999999979963        3.1739218678828937E-002
  -3.9799999999979896        3.2912172247864399E-002
  -3.9599999999979829        3.4210998151766363E-002
  -3.9399999999979762        3.5643117333780366E-002
  -3.9199999999979696        3.7215750419876292E-002
  -3.8999999999979629        3.8935870405133320E-002
  -3.8799999999979562        4.0810154938513338E-002
  -3.8599999999979495        4.2844938492582196E-002
  -3.8399999999979428        4.5046164711951012E-002
  -3.8199999999979362        4.7419339238754681E-002
  -3.7999999999979295        4.9969483315470645E-002
  -3.7799999999979228        5.2701088465002641E-002
  -3.7599999999979161        5.5618072545463304E-002
  -3.7399999999979094        5.8723737472806514E-002
  -3.7199999999979028        6.2020728898721324E-002
  -3.6999999999978961        6.5510998124378952E-002
  -3.6799999999978894        6.9195766523074437E-002
  -3.6599999999978827        7.3075492736870779E-002
  -3.6399999999978760        7.7149842904319921E-002
  -3.6199999999978694        8.1417664168451892E-002
  -3.5999999999978627        8.5876961706636029E-002
  -3.5799999999978560        9.0524879516719253E-002
  -3.5599999999978493        9.5357685187007157E-002
  -3.5399999999978427       0.10037075887107040     
  -3.5199999999978360       0.10555858668183718     
  -3.4999999999978293       0.11091475871267417     
  -3.4799999999978226       0.11643197188581259     
  -3.4599999999978159       0.12210203782012895     
  -3.4399999999978093       0.12791589590047250     
  -3.4199999999978026       0.13386363171898918     
  -3.3999999999977959       0.13993450104472996     
  -3.3799999999977892       0.14611695946082751     
  -3.3599999999977825       0.15239869778827159     
  -3.3399999999977759       0.15876668339148306     
  -3.3199999999977692       0.16520720743325368     
  -3.2999999999977625       0.17170593811502335     
  -3.2799999999977558       0.17824797990290728     
  -3.2599999999977491       0.18481793870042909     
  -3.2399999999977425       0.19139999288578660     
  -3.2199999999977358       0.19797797008498572     
  -3.1999999999977291       0.20453542950274672     
  -3.1799999999977224       0.21105574958124335     
  -3.1599999999977157       0.21752222070304097     
  -3.1399999999977091       0.22391814259972095     
  -3.1199999999977024       0.23022692607226927     
  -3.0999999999976957       0.23643219857405928     
  -3.0799999999976890       0.24251791315283119     
  -3.0599999999976824       0.24846846019512253     
  -3.0399999999976757       0.25426878136568981     
  -3.0199999999976690       0.25990448508615144     
  -2.9999999999976623       0.26536196285177105     
  -2.9799999999976556       0.27062850564343099     
  -2.9599999999976490       0.27569241965362568     
  -2.9399999999976423       0.28054314051103407     
  -2.9199999999976356       0.28517134515799913     
  -2.8999999999976289       0.28956906050917952     
  -2.8799999999976222       0.29372976799779671     
  -2.8599999999976156       0.29764850309830604     
  -2.8399999999976089       0.30132194890105446     
  -2.8199999999976022       0.30474852280556647     
  -2.7999999999975955       0.30792845539468250     
  -2.7799999999975888       0.31086386055195631     
  -2.7599999999975822       0.31355879588982671     
  -2.7399999999975755       0.31601931256631582     
  -2.7199999999975688       0.31825349358386762     
  -2.6999999999975621       0.32027147968584641     
  -2.6799999999975554       0.32208548199469972     
  -2.6599999999975488       0.32370978057154570     
  -2.6399999999975421       0.32516070812051501     
  -2.6199999999975354       0.32645661811328797     
  -2.5999999999975287       0.32761783667057465     
  -2.5799999999975221       0.32866659760837957     
  -2.5599999999975154       0.32962696013826748     
  -2.5399999999975087       0.33052470880306201     
  -2.5199999999975020       0.33138723533256192     
  -2.4999999999974953       0.33224340221826193     
  -2.4799999999974887       0.33312338793150420     
  -2.4599999999974820       0.33405851384575475     
  -2.4399999999974753       0.33508105307029357     
  -2.4199999999974686       0.33622402155874370     
  -2.3999999999974619       0.33752095202062210     
  -2.3799999999974553       0.33900565133632365     
  -2.3599999999974486       0.34071194235414520     
  -2.3399999999974419       0.34267339113068607     
  -2.3199999999974352       0.34492302086140797     
  -2.2999999999974285       0.34749301393444743     
  -2.2799999999974219       0.35041440372606758     
  -2.2599999999974152       0.35371675793830709     
  -2.2399999999974085       0.35742785545651068     
  -2.2199999999974018       0.36157335887439196     
  -2.1999999999973952       0.36617648499521732     
  -2.1799999999973885       0.37125767576760954     
  -2.1599999999973818       0.37683427225161087     
  -2.1399999999973751       0.38292019433329666     
  -2.1199999999973684       0.38952562901278098     
  -2.0999999999973618       0.39665673017948222     
  -2.0799999999973551       0.40431533285864896     
  -2.0599999999973484       0.41249868496316311     
  -2.0399999999973417       0.42119919961339258     
  -2.0199999999973350       0.43040423109435300     
  -1.9999999999973281       0.44009587750264706     
  -1.9799999999973212       0.45025081309469767     
  -1.9599999999973143       0.46084015328180500     
  -1.9399999999973074       0.47182935512572466     
  -1.9199999999973005       0.48317815606994802     
  -1.8999999999972936       0.49484055349598832     
  -1.8799999999972867       0.50676482751991203     
  -1.8599999999972798       0.51889360924156069     
  -1.8399999999972729       0.53116399642671575     
  -1.8199999999972660       0.54350771834046419     
  -1.7999999999972591       0.55585135115789164     
  -1.7799999999972522       0.56811658505583940     
  -1.7599999999972453       0.58022054373697696     
  -1.7399999999972384       0.59207615675519676     
  -1.7199999999972315       0.60359258460020715     
  -1.6999999999972246       0.61467569606020622     
  -1.6799999999972177       0.62522859691633026     
  -1.6599999999972108       0.63515220853324184     
  -1.6399999999972039       0.64434589439923828     
  -1.6199999999971970       0.65270813213985945     
  -1.5999999999971901       0.66013722798468699     
  -1.5799999999971832       0.66653207011204063     
  -1.5599999999971763       0.67179291673550368     
  -1.5399999999971694       0.67582221423461564     
  -1.5199999999971625       0.67852544007567395     
  -1.4999999999971556       0.67981196472337058     
  -1.4799999999971487       0.67959592621663600     
  -1.4599999999971418       0.67779711057946146     
  -1.4399999999971349       0.67434183076668497     
  -1.4199999999971280       0.66916379641331836     
  -1.3999999999971211       0.66220496627115066     
  -1.3799999999971142       0.65341637488586235     
  -1.3599999999971073       0.64275892479891727     
  -1.3399999999971004       0.63020413535852393     
  -1.3199999999970935       0.61573483910003579     
  -1.2999999999970866       0.59934581661497577     
  -1.2799999999970797       0.58104436087593758     
  -1.2599999999970728       0.56085076212776830     
  -1.2399999999970659       0.53879870469906410     
  -1.2199999999970590       0.51493556743676194     
  -1.1999999999970521       0.48932261992449610     
  -1.1799999999970452       0.46203510721540580     
  -1.1599999999970383       0.43316221649448128     
  -1.1399999999970314       0.40280691988517464     
  -1.1199999999970245       0.37108568852992863     
  -1.0999999999970176       0.33812807410285745     
  -1.0799999999970107       0.30407615505215052     
  -1.0599999999970038       0.26908384611531089     
  -1.0399999999969969       0.23331607099583240     
  -1.0199999999969900       0.19694779952716601     
 -0.99999999999698319       0.16016295216882340     
 -0.97999999999697640       0.12315317626797356     
 -0.95999999999696961        8.6116500163653492E-002
 -0.93999999999696282        4.9255872893286375E-002
 -0.91999999999695603        1.2777598963918568E-002
 -0.89999999999694924       -2.3110320647247645E-002
 -0.87999999999694245       -5.8199928419592602E-002
 -0.85999999999693566       -9.2285116668692227E-002
 -0.83999999999692887      -0.12516348434750516     
 -0.81999999999692208      -0.15663822678246664     
 -0.79999999999691529      -0.18652003953242008     
 -0.77999999999690850      -0.21462901639171611     
 -0.75999999999690171      -0.24079652057992038     
 -0.73999999999689492      -0.26486700739760921     
 -0.71999999999688813      -0.28669977610774805     
 -0.69999999999688134      -0.30617062855031257     
 -0.67999999999687455      -0.32317341203669403     
 -0.65999999999686776      -0.33762142441937210     
 -0.63999999999686097      -0.34944865990671498     
 -0.61999999999685418      -0.35861087520335549     
 -0.59999999999684739      -0.36508645690893848     
 -0.57999999999684060      -0.36887707280195936     
 -0.55999999999683381      -0.37000809166448112     
 -0.53999999999682702      -0.36852875865486689     
 -0.51999999999682023      -0.36451211588951560     
 -0.49999999999681344      -0.35805466082456533     
 -0.47999999999680665      -0.34927573820138680     
 -0.45999999999679986      -0.33831666469578331     
 -0.43999999999679307      -0.32533958894455733     
 -0.41999999999678628      -0.31052609326335689     
 -0.39999999999677949      -0.29407554706082140     
 -0.37999999999677270      -0.27620322563650918     
 -0.35999999999676591      -0.25713821166184941     
 -0.33999999999675912      -0.23712110012071222     
 -0.31999999999675233      -0.21640153076537941     
 -0.29999999999674554      -0.19523557516190038     
 -0.27999999999673875      -0.17388300809582724     
 -0.25999999999673196      -0.15260449542868004     
 -0.23999999999672514      -0.13165873238599496     
 -0.21999999999671832      -0.11129956767464184     
 -0.19999999999671150       -9.1773149733100579E-002
 -0.17999999999670468       -7.3315131784990606E-002
 -0.15999999999669787       -5.6147972174310355E-002
 -0.13999999999669105       -4.0478365701599212E-002
 -0.11999999999668425       -2.6494840355261964E-002
  -9.9999999996677441E-002  -1.4365551954009017E-002
  -7.9999999996670637E-002  -4.2363068079468106E-003
  -5.9999999996663833E-002   3.7711603990651442E-003
  -3.9999999996657029E-002   9.5606296610443037E-003
  -1.9999999996650222E-002   1.3062539548844281E-002
   3.3565858426065631E-012   1.4234815967270775E-002
   2.0000000003363393E-002   1.3063374150175120E-002
   4.0000000003370201E-002   9.5622868404435010E-003
   6.0000000003377005E-002   3.7736162894252672E-003
   8.0000000003383809E-002  -4.2330875615524269E-003
  0.10000000000339061       -1.4361615667266476E-002
  0.12000000000339742       -2.6490243614767761E-002
  0.14000000000340423       -4.0473174522995273E-002
  0.16000000000341105       -5.6142261021534308E-002
  0.18000000000341787       -7.3308982465903116E-002
  0.20000000000342469       -9.1766650188634405E-002
  0.22000000000343151      -0.11129281068021309     
  0.24000000000343832      -0.13165181418521096     
  0.26000000000344514      -0.15259751432033486     
  0.28000000000345193      -0.17387606299579939     
  0.30000000000345872      -0.19522876416183405     
  0.32000000000346551      -0.21639494970995857     
  0.34000000000347230      -0.23711484122489720     
  0.36000000000347909      -0.25713236218869145     
  0.38000000000348588      -0.27619786665507279     
  0.40000000000349267      -0.29407075230235497     
  0.42000000000349946      -0.31052192809220436     
  0.44000000000350625      -0.32533610945839314     
  0.46000000000351304      -0.33831391696765367     
  0.48000000000351983      -0.34927375767374552     
  0.50000000000352662      -0.35805347186309344     
  0.52000000000353341      -0.36451173150198668     
  0.54000000000354020      -0.36852918037778054     
  0.56000000000354699      -0.37000930961759937     
  0.58000000000355378      -0.36887906590836356     
  0.60000000000356057      -0.36508919327574407     
  0.62000000000356736      -0.35861431265586852     
  0.64000000000357415      -0.34945274666661502     
  0.66000000000358094      -0.33762609991544962     
  0.68000000000358773      -0.32317860783486008     
  0.70000000000359452      -0.30617626938798892     
  0.72000000000360131      -0.28670578101639493     
  0.74000000000360810      -0.26487329089606798     
  0.76000000000361490      -0.24080299392044205     
  0.78000000000362169      -0.21463558884002445     
  0.80000000000362848      -0.18652661966292058     
  0.82000000000363527      -0.15664472376976635     
  0.84000000000364206      -0.12516980923573723     
  0.86000000000364885       -9.2291183600727952E-002
  0.88000000000365564       -5.8205655809074719E-002
  0.90000000000366243       -2.3115632277466540E-002
  0.92000000000366922        1.2772772929001712E-002
  0.94000000000367601        4.9251594999065049E-002
  0.96000000000368280        8.6112824867504906E-002
  0.98000000000368959       0.12315014926425551     
   1.0000000000036964       0.16016060984410799     
   1.0200000000037033       0.19694616855160962     
   1.0400000000037102       0.23331516805456540     
   1.0600000000037171       0.26908367778167763     
   1.0800000000037240       0.30407671780262452     
   1.1000000000037309       0.33812935447145903     
   1.1200000000037378       0.37108766339804916     
   1.1400000000037447       0.40280955690090620     
   1.1600000000037516       0.43316547461381832     
   1.1800000000037585       0.46203893735613277     
   1.2000000000037654       0.48932696572215656     
   1.2200000000037723       0.51494036609086002     
   1.2400000000037792       0.53880388789659794     
   1.2600000000037861       0.56085625703036157     
   1.2800000000037930       0.58105009115613626     
   1.3000000000037999       0.59935170352688594     
   1.3200000000038068       0.61574080256922448     
   1.3400000000038137       0.63021009507609071     
   1.3600000000038206       0.64276480130482860     
   1.3800000000038275       0.65342209062702994     
   1.4000000000038344       0.66221044662030848     
   1.4200000000038413       0.66916897063552783     
   1.4400000000038482       0.67434663292117014     
   1.4600000000038551       0.67780148034559973     
   1.4800000000038620       0.67959980963409883     
   1.5000000000038689       0.67981531483772206     
   1.5200000000038758       0.67852821748216063     
   1.5400000000038827       0.67582438751433072     
   1.5600000000038896       0.67179446277967991     
   1.5800000000038965       0.66653297433174830     
   1.6000000000039034       0.66013748440479836     
   1.6200000000039103       0.65270774337771020     
   1.6400000000039172       0.64434487152991682     
   1.6600000000039241       0.63515057084493620     
   1.6800000000039310       0.62522637156052552     
   1.7000000000039379       0.61467291760288811     
   1.7200000000039448       0.60358929448140086     
   1.7400000000039517       0.59207240266525674     
   1.7600000000039586       0.58021637891904587     
   1.7800000000039655       0.56811206754467125     
   1.8000000000039724       0.55584654296593394     
   1.8200000000039793       0.54350268460260653     
   1.8400000000039862       0.53115880451547004     
   1.8600000000039931       0.51888832786464245     
   1.8800000000040000       0.50675952581224037     
   1.9000000000040069       0.49483530011798654     
   1.9200000000040138       0.48317301832378856     
   1.9400000000040207       0.47182439810071453     
   1.9600000000040276       0.46083543903958235     
   1.9800000000040345       0.45024639990420801     
   2.0000000000040412       0.44009181913408607     
   2.0200000000040479       0.43040057618033883     
   2.0400000000040546       0.42119599108465761     
   2.0600000000040612       0.41249595956495522     
   2.0800000000040679       0.40431312075292908     
   2.1000000000040746       0.39665505463679157     
   2.1200000000040813       0.38952450619647078     
   2.1400000000040880       0.38291963317756084     
   2.1600000000040946       0.37683427443356293     
   2.1800000000041013       0.37125823577241990     
   2.2000000000041080       0.36617759027216246     
   2.2200000000041147       0.36157499008053939     
   2.2400000000041214       0.35742998678369520     
   2.2600000000041280       0.35371935751805827     
   2.2800000000041347       0.35041743410623921     
   2.3000000000041414       0.34749643262048741     
   2.3200000000041481       0.34492678091448237     
   2.3400000000041548       0.34267744181428600     
   2.3600000000041614       0.34071622982029492     
   2.3800000000041681       0.33901011934216524     
   2.4000000000041748       0.33752554266588075     
   2.4200000000041815       0.33622867603448431     
   2.4400000000041882       0.33508571240935864     
   2.4600000000041948       0.33406311966540603     
   2.4800000000042015       0.33312788315903674     
   2.5000000000042082       0.33224773179069356     
   2.5200000000042149       0.33139134686198085     
   2.5400000000042215       0.33052855319976981     
   2.5600000000042282       0.32963049218448109     
   2.5800000000042349       0.32866977647601658     
   2.6000000000042416       0.32762062637742101     
   2.6200000000042483       0.32645898791271016     
   2.6400000000042549       0.32516263282079838     
   2.6600000000042616       0.32371124078184099     
   2.6800000000042683       0.32208646429557725     
   2.7000000000042750       0.32027197672337798     
   2.7200000000042817       0.31825350408715042     
   2.7400000000042883       0.31601884128931312     
   2.7600000000042950       0.31355785347931464     
   2.7800000000043017       0.31086246334425954     
   2.8000000000043084       0.30792662514474289     
   2.8200000000043151       0.30474628635265139     
   2.8400000000043217       0.30131933777615000     
   2.8600000000043284       0.29764555307888213     
   2.8800000000043351       0.29372651861617977     
   2.9000000000043418       0.28956555452128191     
   2.9200000000043485       0.28516762797950174     
   2.9400000000043551       0.28053925962843729     
   2.9600000000043618       0.27568842401776983     
   2.9800000000043685       0.27062444505318950     
   3.0000000000043752       0.26535788733562060     
   3.0200000000043818       0.25990044428922593     
   3.0400000000043885       0.25426482394974920     
   3.0600000000043952       0.24846463325858284     
   3.0800000000044019       0.24251426167765980     
   3.1000000000044086       0.23642876490588452     
   3.1200000000044152       0.23022374943956916     
   3.1400000000044219       0.22391525867737155     
   3.1600000000044286       0.21751966122489411     
   3.1800000000044353       0.21105354200571805     
   3.2000000000044420       0.20453359673472654     
   3.2200000000044486       0.19797653025656639     
   3.2400000000044553       0.19139895919767003     
   3.2600000000044620       0.18481731932499110     
   3.2800000000044687       0.17824777794921043     
   3.3000000000044754       0.17170615165527922     
   3.3200000000044820       0.16520782958951880     
   3.3400000000044887       0.15876770248065089     
   3.3600000000044954       0.15240009752275832     
   3.3800000000045021       0.14611871920171460     
   3.4000000000045087       0.13993659610354692     
   3.4200000000045154       0.13386603370379538     
   3.4400000000045221       0.12791857310143087     
   3.4600000000045288       0.12210495562936904     
   3.4800000000045355       0.11643509324604936     
   3.5000000000045421       0.11091804458879038     
   3.5200000000045488       0.10556199654945832     
   3.5400000000045555       0.10037425121604841     
   3.5600000000045622        9.5361218009696991E-002
   3.5800000000045689        9.0528410834974066E-002
   3.6000000000045755        8.5880450051555257E-002
   3.6200000000045822        8.1421069067103266E-002
   3.6400000000045889        7.7153125343897094E-002
   3.6600000000045956        7.3078615605067190E-002
   3.6800000000046023        6.9198695019812961E-002
   3.7000000000046089        6.5513700140458708E-002
   3.7200000000046156        6.2023175357408700E-002
   3.7400000000046223        5.8725902630899419E-002
   3.7600000000046290        5.5619934250895543E-002
   3.7800000000046357        5.2702628368617013E-002
   3.8000000000046423        4.9970687035171393E-002
   3.8200000000046490        4.7420196474841171E-002
   3.8400000000046557        4.5046669313031716E-002
   3.8600000000046624        4.2845088472060047E-002
   3.8800000000046690        4.0809952442217766E-002
   3.9000000000046757        3.8935321631238390E-002
   3.9200000000046824        3.7214865492787859E-002
   3.9400000000046891        3.5641910134187986E-002
   3.9600000000046958        3.4209486105532871E-002
   3.9800000000047024        3.2910376076863479E-002
   4.0000000000047091        3.1737162117236102E-002
   4.0200000000047158        3.0682272299380225E-002
   4.0400000000047225        2.9738026366138783E-002
   4.0600000000047292        2.8896680209855946E-002
   4.0800000000047358        2.8150468933107173E-002
   4.1000000000047425        2.7491648278338731E-002
   4.1200000000047492        2.6912534234738991E-002
   4.1400000000047559        2.6405540652590230E-002
   4.1600000000047626        2.5963214718007412E-002
   4.1800000000047692        2.5578270163910819E-002
   4.2000000000047759        2.5243618115863380E-002
   4.2200000000047826        2.4952395493609957E-002
   4.2400000000047893        2.4697990910421123E-002
   4.2600000000047960        2.4474068032340465E-002
   4.2800000000048026        2.4274586377920470E-002
   4.3000000000048093        2.4093819555830037E-002
   4.3200000000048160        2.3926370952725685E-002
   4.3400000000048227        2.3767186896991737E-002
   4.3600000000048293        2.3611567335417426E-002
   4.3800000000048360        2.3455174069729232E-002
   4.4000000000048427        2.3294036608311901E-002
   4.4200000000048494        2.3124555695662585E-002
   4.4400000000048561        2.2943504588394909E-002
   4.4600000000048627        2.2748028152209509E-002
   4.4800000000048694        2.2535639859457147E-002
   4.5000000000048761        2.2304216771991580E-002
   4.5200000000048828        2.2051992599164828E-002
   4.5400000000048895        2.1777548926241487E-002
   4.5600000000048961        2.1479804714322006E-002
   4.5800000000049028        2.1158004179133050E-002
   4.6000000000049095        2.0811703162760528E-002
   4.6200000000049162        2.0440754119500675E-002
   4.6400000000049229        2.0045289844354865E-002
   4.6600000000049295        1.9625706080102594E-002
   4.6800000000049362        1.9182643146122162E-002
   4.7000000000049429        1.8716966738915018E-002
   4.7200000000049496        1.8229748060336278E-002
   4.7400000000049562        1.7722243434538952E-002
   4.7600000000049629        1.7195873578311271E-002
   4.7800000000049696        1.6652202691556869E-002
   4.8000000000049763        1.6092917534908890E-002
   4.8200000000049830        1.5519806659696411E-002
   4.8400000000049896        1.4934739951581056E-002
   4.8600000000049963        1.4339648643100654E-002
   4.8800000000050030        1.3736505942114771E-002
   4.9000000000050097        1.3127308412844497E-002
   4.9200000000050164        1.2514058233999851E-002
   4.9400000000050230        1.1898746444625387E-002
   4.9600000000050297        1.1283337273066603E-002
   4.9800000000050364        1.0669753628194306E-002
   5.0000000000050431        1.0059863815105805E-002
   5.0200000000050498        9.4554695203345595E-003
   5.0400000000050564        8.8582950945449573E-003
   5.0600000000050631        8.2699781441528276E-003
   5.0800000000050698        7.6920614276532384E-003
   5.1000000000050765        7.1259860379801563E-003
   5.1200000000050832        6.5730858392366301E-003
   5.1400000000050898        6.0345831148332059E-003
   5.1600000000050965        5.5115853745979285E-003
   5.1800000000051032        5.0050832608530575E-003
   5.2000000000051099        4.5159494877937204E-003
   5.2200000000051165        4.0449387446872594E-003
   5.2400000000051232        3.5926884913177119E-003
   5.2600000000051299        3.1597205735456576E-003
   5.2800000000051366        2.7464435876123090E-003
   5.3000000000051433        2.3531559236384665E-003
   5.3200000000051499        1.9800494213726553E-003
   5.3400000000051566        1.6272135743507072E-003
   5.3600000000051633        1.2946402219658037E-003
   5.3800000000051700        9.8222867226364181E-004
   5.4000000000051767        6.8979120134578546E-004
   5.4200000000051833        4.1705887791078437E-004
   5.4400000000051900        1.6368766355110900E-004
   5.4600000000051967       -7.0735259124683766E-005
   5.4800000000052034       -2.8668497768064596E-004
   5.5000000000052101       -4.8469220732900005E-004
   5.5200000000052167       -6.6533656205434760E-004
   5.5400000000052234       -8.2923978756142152E-004
   5.5600000000052301       -9.7705900529441525E-004
   5.5800000000052368       -1.1094800179236714E-003
   5.6000000000052435       -1.2272107277092811E-003
   5.6200000000052501       -1.3309747198241102E-003
   5.6400000000052568       -1.4215050628452993E-003
   5.6600000000052635       -1.4995383780229622E-003
   5.6800000000052702       -1.5658092274484546E-003
   5.7000000000052768       -1.6210448687591578E-003
   5.7200000000052835       -1.6659604204561631E-003
   5.7400000000052902       -1.7012544772559176E-003
   5.7600000000052969       -1.7276052091727548E-003
   5.7800000000053036       -1.7456669713210994E-003
   5.8000000000053102       -1.7560674438610235E-003
   5.8200000000053169       -1.7594053132661102E-003
   5.8400000000053236       -1.7562484973796765E-003
   5.8600000000053303       -1.7471329077852580E-003
   5.8800000000053370       -1.7325617341097529E-003
   5.9000000000053436       -1.7130052262698118E-003
   5.9200000000053503       -1.6889009426250556E-003
   5.9400000000053570       -1.6606544247677510E-003
   5.9600000000053637       -1.6286402534730075E-003
   5.9800000000053704       -1.5932034353501594E-003
   6.0000000000053770       -1.5546610661127502E-003
   6.0200000000053837       -1.5133042142186808E-003
   6.0400000000053904       -1.4693999679652933E-003
   6.0600000000053971       -1.4231935899402387E-003
   6.0800000000054037       -1.3749107249658649E-003
   6.1000000000054104       -1.3247596112092286E-003
   6.1200000000054171       -1.2729332488051214E-003
   6.1400000000054238       -1.2196114859479429E-003
   6.1600000000054305       -1.1649629887263118E-003
   6.1800000000054371       -1.1091470677451316E-003
   6.2000000000054438       -1.0523153415490745E-003
   6.2200000000054505       -9.9461322376987447E-004
   6.2400000000054572       -9.3618122752144549E-004
   6.2600000000054639       -8.7715608664057116E-004
   6.2800000000054705       -8.1767169872373736E-004
   6.3000000000054772       -7.5785989938729787E-004
   6.3200000000054839       -6.9785108067382036E-004
   6.3400000000054906       -6.3777466896886362E-004
   6.3600000000054973       -5.7775947917768436E-004
   6.3800000000055039       -5.1793396226154002E-004
   6.4000000000055106       -4.5842636263179672E-004
   6.4200000000055173       -3.9936480046530795E-004
   6.4400000000055240       -3.4087729188023483E-004
   6.4600000000055307       -2.8309171728279893E-004
   6.4800000000055373       -2.2613574524674144E-004
   6.5000000000055440       -1.7013671622493956E-004
   6.5200000000055507       -1.1522148741092849E-004
   6.5400000000055574       -6.1516237354068012E-005
   6.5600000000055640       -9.1462266557973549E-006
   6.5800000000055707        4.1764490631469746E-005
   6.6000000000055774        9.1093411304049999E-005
   6.6200000000055841        1.3871998968288429E-004
   6.6400000000055908        1.8452611284473130E-004
   6.6600000000055974        2.2839664932724728E-004
   6.6800000000056041        2.7022007426028672E-004
   6.7000000000056108        3.0988917129175290E-004
   6.7200000000056175        3.4730180860339350E-004
   6.7400000000056242        3.8236178289237138E-004
   6.7600000000056308        4.1497972160635946E-004
   6.7800000000056375        4.4507403013427848E-004
   6.8000000000056442        4.7257186726186744E-004
   6.8200000000056509        4.9741012917208904E-004
   6.8400000000056576        5.1953641977062085E-004
   6.8600000000056642        5.3890998328568829E-004
   6.8800000000056709        5.5550257404209731E-004
   6.9000000000056776        5.6929923812165922E-004
   6.9200000000056843        5.8029898233797933E-004
   6.9400000000056909        5.8851530757653321E-004
   6.9600000000056976        5.9397658604591229E-004
   6.9800000000057043        5.9672626528101287E-004
   7.0000000000057110        5.9682288572246065E-004
   7.0200000000057177        5.9433990323744430E-004
   7.0400000000057243        5.8936531287664398E-004
   7.0600000000057310        5.8200107530893700E-004
   7.0800000000057377        5.7236235254477417E-004
   7.1000000000057444        5.6057656456826401E-004
   7.1200000000057511        5.4678228315676865E-004
   7.1400000000057577        5.3112798331221784E-004
   7.1600000000057644        5.1377067620917804E-004
   7.1800000000057711        4.9487445025793908E-004
   7.2000000000057778        4.7460894870331681E-004
   7.2200000000057845        4.5314781306989428E-004
   7.2400000000057911        4.3066712171062772E-004
   7.2600000000057978        4.0734385173432197E-004
   7.2800000000058045        3.8335439073904087E-004
   7.3000000000058112        3.5887312214682407E-004
   7.3200000000058179        3.3407110464435776E-004
   7.3400000000058245        3.0911486242522220E-004
   7.3600000000058312        2.8416529875759984E-004
   7.3800000000058379        2.5937674104849960E-004
   7.4000000000058446        2.3489612120129925E-004
   7.4200000000058512        2.1086229085100978E-004
   7.4400000000058579        1.8740546716387502E-004
   7.4600000000058646        1.6464680144696108E-004
   7.4800000000058713        1.4269805995158126E-004
   7.5000000000058780        1.2166140406036997E-004
   7.5200000000058846        1.0162925558614093E-004
   7.5400000000058913        8.2684232204648816E-005
   7.5600000000058980        6.4899138095068817E-005
   7.5800000000059047        4.8336995626926924E-005
   7.6000000000059114        3.3051105348496114E-005
   7.6200000000059180        1.9085123504093201E-005
   7.6400000000059247        6.4731487165346709E-006
   7.6600000000059314       -4.7601878080175687E-006
   7.6800000000059381       -1.4599631317136992E-005
   7.7000000000059448       -2.3039211654208212E-005
   7.7200000000059514       -3.0082147601493349E-005
   7.7400000000059581       -3.5740742014956179E-005
   7.7600000000059648       -4.0036260225545113E-005
   7.7800000000059715       -4.2998782555768224E-005
   7.8000000000059782       -4.4667020744453157E-005
   7.8200000000059848       -4.5088087637357169E-005
   7.8400000000059915       -4.4317209714325816E-005
   7.8600000000059982       -4.2417372873851557E-005
   7.8800000000060049       -3.9458893354405927E-005
   7.9000000000060115       -3.5518907672300210E-005
   7.9200000000060182       -3.0680777916591499E-005
   7.9400000000060249       -2.5033411553342115E-005
   7.9600000000060316       -1.8670497937030562E-005
   7.9800000000060383       -1.1689666870614497E-005
   8.0000000000060449       -4.1915776654817411E-006
   8.0200000000060516        3.7210499080225360E-006
   8.0400000000060583        1.1944448747276949E-005
   8.0600000000060650        2.0374845358493939E-005
   8.0800000000060717        2.8909510629971443E-005
   8.1000000000060783        3.7447801323418864E-005
   8.1200000000060850        4.5892172674602847E-005
   8.1400000000060917        5.4149142670445830E-005
   8.1600000000060984        6.2130189406850165E-005
   8.1800000000061051        6.9752564411105871E-005
   8.2000000000061117        7.6940006875853787E-005
   8.2200000000061184        8.3623346325629736E-005
   8.2400000000061251        8.9740984224547570E-005
   8.2600000000061318        9.5239248324803334E-005
   8.2800000000061384        1.0007261702480212E-004
   8.3000000000061451        1.0420381452858812E-004
   8.3200000000061518        1.0760378103935104E-004
   8.3400000000061585        1.1025152545960112E-004
   8.3600000000061652        1.1213387098953786E-004
   8.3800000000061718        1.1324510651147457E-004
   8.4000000000061785        1.1358655863985265E-004
   8.4200000000061852        1.1316610073659385E-004
   8.4400000000061919        1.1199761600242487E-004
   8.4600000000061986        1.1010043193976669E-004
   8.4800000000062052        1.0749874304923617E-004
   8.5000000000062119        1.0422103760453501E-004
   8.5200000000062186        1.0029954280224378E-004
   8.5400000000062253        9.5769700580149866E-005
   8.5600000000062320        9.0669684030239740E-005
   8.5800000000062386        8.5039961703853295E-005
   8.6000000000062453        7.8922914329708098E-005
   8.6200000000062520        7.2362505654676072E-005
   8.6400000000062587        6.5404006386186474E-005
   8.6600000000062654        5.8093767675534396E-005
   8.6800000000062720        5.0479038327126204E-005
   8.7000000000062787        4.2607818039220300E-005
   8.7200000000062854        3.4528737543157351E-005
   8.7400000000062921        2.6290955559059939E-005
   8.7600000000062987        1.7944062055368683E-005
   8.7800000000063054        9.5379773933247224E-006
   8.8000000000063121        1.1228375404824493E-006
   8.8200000000063188       -7.2511433875496819E-006
   8.8400000000063255       -1.5533840503258445E-005
   8.8600000000063321       -2.3675420846187149E-005
   8.8800000000063388       -3.1626584705233495E-005
   8.9000000000063455       -3.9338846590564831E-005
   8.9200000000063522       -4.6764854538646179E-005
   8.9400000000063589       -5.3858744120350812E-005
   8.9600000000063655       -6.0576521340585778E-005
   8.9800000000063722       -6.6876466656275757E-005
   9.0000000000063789       -7.2719550683113360E-005
   9.0200000000063856       -7.8069850877330522E-005
   9.0400000000063923       -8.2894957620596681E-005
   9.0600000000063989       -8.7166357739791131E-005
   9.0800000000064056       -9.0859783574518088E-005
   9.1000000000064123       -9.3955516262403993E-005
   9.1200000000064190       -9.6438632922789686E-005
   9.1400000000064257       -9.8299188844613722E-005
   9.1600000000064323       -9.9532327568765985E-005
   9.1800000000064390       -1.0013831382898836E-004
   9.2000000000064457       -1.0012248659960751E-004
   9.2200000000064524       -9.9495131905119621E-005
   9.2400000000064590       -9.8271277483774830E-005
   9.2600000000064657       -9.6470413774307870E-005
   9.2800000000064724       -9.4116147921595130E-005
   9.3000000000064791       -9.1235799491946296E-005
   9.3200000000064858       -8.7859948279234257E-005
   9.3400000000064924       -8.4021945908538116E-005
   9.3600000000064991       -7.9757403859008832E-005
   9.3800000000065058       -7.5103671002273671E-005
   9.4000000000065125       -7.0099313774140426E-005
   9.4200000000065192       -6.4783611670132912E-005
   9.4400000000065258       -5.9196079900468159E-005
   9.4600000000065325       -5.3376029794741813E-005
   9.4800000000065392       -4.7362175961821209E-005
   9.5000000000065459       -4.1192297349110749E-005
   9.5200000000065526       -3.4902957280398070E-005
   9.5400000000065592       -2.8529285361473510E-005
   9.5600000000065659       -2.2104821910526669E-005
   9.5800000000065726       -1.5661423378014475E-005
   9.6000000000065793       -9.2292251491706485E-006
   9.6200000000065859       -2.8366562445233397E-006
   9.6400000000065926        3.4895011841309486E-006
   9.6600000000065993        9.7240159682155012E-006
   9.6800000000066060        1.5843085000344454E-005
   9.7000000000066127        2.1824193191559057E-005
   9.7200000000066193        2.7645966389267807E-005
   9.7400000000066260        3.3288027107308115E-005
   9.7600000000066327        3.8730862312173398E-005
   9.7800000000066394        4.3955711553531247E-005
   9.8000000000066461        4.8944482468254954E-005
   9.8200000000066527        5.3679699177069613E-005
   9.8400000000066594        5.8144487395969292E-005
   9.8600000000066661        6.2322598267646460E-005
   9.8800000000066728        6.6198471053863239E-005
   9.9000000000066795        6.9757332990216919E-005
   9.9200000000066861        7.2985332859623633E-005
   9.9400000000066928        7.5869703256476628E-005
   9.9600000000066995        7.8398945147015127E-005
   9.9800000000067062        8.0563027233332459E-005
