  -10.000000000000000       -4.9131685195224799E-005
  -9.9799999999999933       -6.4398153257207275E-005
  -9.9599999999999866       -7.9408160341793577E-005
  -9.9399999999999800       -9.4079379510211036E-005
  -9.9199999999999733       -1.0833452789056936E-004
  -9.8999999999999666       -1.2210205243423923E-004
  -9.8799999999999599       -1.3531660241017005E-004
  -9.8599999999999532       -1.4791928082891063E-004
  -9.8399999999999466       -1.5985767563717735E-004
  -9.8199999999999399       -1.7108568019247634E-004
  -9.7999999999999332       -1.8156312088122824E-004
  -9.7799999999999265       -1.9125521745997441E-004
  -9.7599999999999199       -2.0013190846895687E-004
  -9.7399999999999132       -2.0816707961823774E-004
  -9.7199999999999065       -2.1533773714638507E-004
  -9.6999999999998998       -2.2162317062153150E-004
  -9.6799999999998931       -2.2700415037468023E-004
  -9.6599999999998865       -2.3146220367397866E-004
  -9.6399999999998798       -2.3497901087915138E-004
  -9.6199999999998731       -2.3753595824446390E-004
  -9.5999999999998664       -2.3911387791767297E-004
  -9.5799999999998597       -2.3969299822603640E-004
  -9.5599999999998531       -2.3925311881850813E-004
  -9.5399999999998464       -2.3777401596196797E-004
  -9.5199999999998397       -2.3523607361761677E-004
  -9.4999999999998330       -2.3162112622327467E-004
  -9.4799999999998263       -2.2691348975653448E-004
  -9.4599999999998197       -2.2110114902321255E-004
  -9.4399999999998130       -2.1417706155452834E-004
  -9.4199999999998063       -2.0614053231776357E-004
  -9.3999999999997996       -1.9699860891433691E-004
  -9.3799999999997929       -1.8676744425884901E-004
  -9.3599999999997863       -1.7547357304207440E-004
  -9.3399999999997796       -1.6315504963774013E-004
  -9.3199999999997729       -1.4986239850148307E-004
  -9.2999999999997662       -1.3565933343383769E-004
  -9.2799999999997596       -1.2062320916226836E-004
  -9.2599999999997529       -1.0484517729703428E-004
  -9.2399999999997462       -8.8430028524100324E-005
  -9.2199999999997395       -7.1495713556229287E-005
  -9.1999999999997328       -5.4172546474822028E-005
  -9.1799999999997262       -3.6602105238848146E-005
  -9.1599999999997195       -1.8935854887709889E-005
  -9.1399999999997128       -1.3335289030000021E-006
  -9.1199999999997061        1.6038687068644706E-005
  -9.0999999999996994        3.3010117743567999E-005
  -9.0799999999996928        4.9407650248226781E-005
  -9.0599999999996861        6.5057815675560851E-005
  -9.0399999999996794        7.9788839071769370E-005
  -9.0199999999996727        9.3432597974198907E-005
  -8.9999999999996660        1.0582643305761035E-004
  -8.9799999999996594        1.1681476000036694E-004
  -8.9599999999996527        1.2625043914858209E-004
  -8.9399999999996460        1.3399586865203372E-004
  -8.9199999999996393        1.3992377711748781E-004
  -8.8999999999996326        1.4391770306757684E-004
  -8.8799999999996260        1.4587216016099267E-004
  -8.8599999999996193        1.4569249875265606E-004
  -8.8399999999996126        1.4329448548327340E-004
  -8.8199999999996059        1.3860363272909443E-004
  -8.7999999999995993        1.3155431849541194E-004
  -8.7799999999995926        1.2208874433411942E-004
  -8.7599999999995859        1.1015578380513964E-004
  -8.7399999999995792        9.5709776665487146E-005
  -8.7199999999995725        7.8709324230864252E-005
  -8.6999999999995659        5.9116139180720213E-005
  -8.6799999999995592        3.6893998540624637E-005
  -8.6599999999995525        1.2007841844363822E-005
  -8.6399999999995458       -1.5576952188407990E-005
  -8.6199999999995391       -4.5895087373935215E-005
  -8.5999999999995325       -7.8981658523408026E-005
  -8.5799999999995258       -1.1487224709850829E-004
  -8.5599999999995191       -1.5360281683349290E-004
  -8.5399999999995124       -1.9520943407440547E-004
  -8.5199999999995057       -2.3972784871465036E-004
  -8.4999999999994991       -2.8719298139633515E-004
  -8.4799999999994924       -3.3763837065181466E-004
  -8.4599999999994857       -3.9109563950910528E-004
  -8.4399999999994790       -4.4759404448055346E-004
  -8.4199999999994724       -5.0716017060743951E-004
  -8.3999999999994657       -5.6981783424875831E-004
  -8.3799999999994590       -6.3558825061020216E-004
  -8.3599999999994523       -7.0449051573926954E-004
  -8.3399999999994456       -7.7654244311334600E-004
  -8.3199999999994390       -8.5176178336215404E-004
  -8.2999999999994323       -9.3016784252724304E-004
  -8.2799999999994256       -1.0117835000733582E-003
  -8.2599999999994189       -1.0966376131831945E-003
  -8.2399999999994122       -1.1847677792736567E-003
  -8.2199999999994056       -1.2762234147555653E-003
  -8.1999999999993989       -1.3710690953927130E-003
  -8.1799999999993922       -1.4693880927243903E-003
  -8.1599999999993855       -1.5712860323641117E-003
  -8.1399999999993788       -1.6768945939489694E-003
  -8.1199999999993722       -1.7863751693668415E-003
  -8.0999999999993655       -1.8999223957915034E-003
  -8.0799999999993588       -2.0177674830443200E-003
  -8.0599999999993521       -2.1401812607888689E-003
  -8.0399999999993454       -2.2674768798371910E-003
  -8.0199999999993388       -2.4000121130741047E-003
  -7.9999999999993321       -2.5381912147575663E-003
  -7.9799999999993254       -2.6824663117044237E-003
  -7.9599999999993187       -2.8333383155400706E-003
  -7.9399999999993121       -2.9913573611421431E-003
  -7.9199999999993054       -3.1571227920043875E-003
  -7.8999999999992987       -3.3312827278415662E-003
  -7.8799999999992920       -3.5145332627641748E-003
  -7.8599999999992853       -3.7076173532265277E-003
  -7.8399999999992787       -3.9113234632533129E-003
  -7.8199999999992720       -4.1264840398307556E-003
  -7.7999999999992653       -4.3539738935928704E-003
  -7.7799999999992586       -4.5947085589488970E-003
  -7.7599999999992519       -4.8496427036393199E-003
  -7.7399999999992453       -5.1197686505579255E-003
  -7.7199999999992386       -5.4061150648546923E-003
  -7.6999999999992319       -5.7097458472736839E-003
  -7.6799999999992252       -6.0317592609152515E-003
  -7.6599999999992185       -6.3732873037570569E-003
  -7.6399999999992119       -6.7354953239876529E-003
  -7.6199999999992052       -7.1195818601895011E-003
  -7.5999999999991985       -7.5267786743389532E-003
  -7.5799999999991918       -7.9583509331154940E-003
  -7.5599999999991851       -8.4155974827143862E-003
  -7.5399999999991785       -8.8998511547294587E-003
  -7.5199999999991718       -9.4124790360900490E-003
  -7.4999999999991651       -9.9548826347511804E-003
  -7.4799999999991584       -1.0528497874941981E-002
  -7.4599999999991518       -1.1134794861232717E-002
  -7.4399999999991451       -1.1775277359281772E-002
  -7.4199999999991384       -1.2451481952523321E-002
  -7.3999999999991317       -1.3164976847784386E-002
  -7.3799999999991250       -1.3917360318282211E-002
  -7.3599999999991184       -1.4710258788972893E-002
  -7.3399999999991117       -1.5545324586068986E-002
  -7.3199999999991050       -1.6424233388940678E-002
  -7.2999999999990983       -1.7348681437813280E-002
  -7.2799999999990916       -1.8320382563939159E-002
  -7.2599999999990850       -1.9341065119611572E-002
  -7.2399999999990783       -2.0412468892937755E-002
  -7.2199999999990716       -2.1536342096284279E-002
  -7.1999999999990649       -2.2714438517454048E-002
  -7.1799999999990582       -2.3948514918846510E-002
  -7.1599999999990516       -2.5240328762123950E-002
  -7.1399999999990449       -2.6591636324489434E-002
  -7.1199999999990382       -2.8004191257946617E-002
  -7.0999999999990315       -2.9479743625388882E-002
  -7.0799999999990249       -3.1020039427718048E-002
  -7.0599999999990182       -3.2626820615165184E-002
  -7.0399999999990115       -3.4301825554420406E-002
  -7.0199999999990048       -3.6046789901926120E-002
  -6.9999999999989981       -3.7863447813611686E-002
  -6.9799999999989915       -3.9753533403273290E-002
  -6.9599999999989848       -4.1718782346471479E-002
  -6.9399999999989781       -4.3760933514874305E-002
  -6.9199999999989714       -4.5881730517918329E-002
  -6.8999999999989647       -4.8082923024834294E-002
  -6.8799999999989581       -5.0366267740663224E-002
  -6.8599999999989514       -5.2733528914851717E-002
  -6.8399999999989447       -5.5186478270161606E-002
  -6.8199999999989380       -5.7726894252590158E-002
  -6.7999999999989313       -6.0356560519218123E-002
  -6.7799999999989247       -6.3077263599727262E-002
  -6.7599999999989180       -6.5890789687939766E-002
  -6.7399999999989113       -6.8798920541306208E-002
  -6.7199999999989046       -7.1803428487854037E-002
  -6.6999999999988979       -7.4906070560866594E-002
  -6.6799999999988913       -7.8108581800574714E-002
  -6.6599999999988846       -8.1412667778692466E-002
  -6.6399999999988779       -8.4819996415021498E-002
  -6.6199999999988712       -8.8332189165085215E-002
  -6.5999999999988646       -9.1950811663510185E-002
  -6.5799999999988579       -9.5677363909473817E-002
  -6.5599999999988512       -9.9513270078055494E-002
  -6.5399999999988445      -0.10345986803498730     
  -6.5199999999988378      -0.10751839862253444     
  -6.4999999999988312      -0.11168999477165119     
  -6.4799999999988245      -0.11597567048085335     
  -6.4599999999988178      -0.12037630968633738     
  -6.4399999999988111      -0.12489265503158327     
  -6.4199999999988044      -0.12952529652903899     
  -6.3999999999987978      -0.13427466009233993     
  -6.3799999999987911      -0.13914099590580589     
  -6.3599999999987844      -0.14412436658938943     
  -6.3399999999987777      -0.14922463511248651     
  -6.3199999999987710      -0.15444145240948987     
  -6.2999999999987644      -0.15977424465395221     
  -6.2799999999987577      -0.16522220015675640     
  -6.2599999999987510      -0.17078425586662010     
  -6.2399999999987443      -0.17645908346816350     
  -6.2199999999987376      -0.18224507509314514     
  -6.1999999999987310      -0.18814032868345293     
  -6.1799999999987243      -0.19414263306922075     
  -6.1599999999987176      -0.20024945285094481     
  -6.1399999999987109      -0.20645791319967288     
  -6.1199999999987043      -0.21276478471308249     
  -6.0999999999986976      -0.21916646848658072     
  -6.0799999999986909      -0.22565898157634792     
  -6.0599999999986842      -0.23223794304481549     
  -6.0399999999986775      -0.23889856078754904     
  -6.0199999999986709      -0.24563561934360242     
  -5.9999999999986642      -0.25244346888868202     
  -5.9799999999986575      -0.25931601560203837     
  -5.9599999999986508      -0.26624671358398250     
  -5.9399999999986441      -0.27322855848186073     
  -5.9199999999986375      -0.28025408295880294     
  -5.8999999999986308      -0.28731535411254933     
  -5.8799999999986241      -0.29440397292202602     
  -5.8599999999986174      -0.30151107576842678     
  -5.8399999999986107      -0.30862733804629883     
  -5.8199999999986041      -0.31574297984997790     
  -5.7999999999985974      -0.32284777369258150     
  -5.7799999999985907      -0.32993105418994856     
  -5.7599999999985840      -0.33698172962104250     
  -5.7399999999985774      -0.34398829526045066     
  -5.7199999999985707      -0.35093884836787137     
  -5.6999999999985640      -0.35782110471450385     
  -5.6799999999985573      -0.36462241652669286     
  -5.6599999999985506      -0.37132979173307440     
  -5.6399999999985440      -0.37792991441211971     
  -5.6199999999985373      -0.38440916635177236     
  -5.5999999999985306      -0.39075364965086373     
  -5.5799999999985239      -0.39694921031207969     
  -5.5599999999985172      -0.40298146279742286     
  -5.5399999999985106      -0.40883581553793141     
  -5.5199999999985039      -0.41449749740898939     
  -5.4999999999984972      -0.41995158519944320     
  -5.4799999999984905      -0.42518303211630631     
  -5.4599999999984838      -0.43017669737586950     
  -5.4399999999984772      -0.43491737693631627     
  -5.4199999999984705      -0.43938983542576021     
  -5.3999999999984638      -0.44357883931318759     
  -5.3799999999984571      -0.44746919135796032     
  -5.3599999999984504      -0.45104576635706944     
  -5.3399999999984438      -0.45429354818853968     
  -5.3199999999984371      -0.45719766812556478     
  -5.2999999999984304      -0.45974344436975556     
  -5.2799999999984237      -0.46191642272485006     
  -5.2599999999984171      -0.46370241830533454     
  -5.2399999999984104      -0.46508755814915625     
  -5.2199999999984037      -0.46605832458103724     
  -5.1999999999983970      -0.46660159915414484     
  -5.1799999999983903      -0.46670470698375610     
  -5.1599999999983837      -0.46635546127787447     
  -5.1399999999983770      -0.46554220786698070     
  -5.1199999999983703      -0.46425386953824949     
  -5.0999999999983636      -0.46247998998869183     
  -5.0799999999983569      -0.46021077722620063     
  -5.0599999999983503      -0.45743714626675236     
  -5.0399999999983436      -0.45415076099912605     
  -5.0199999999983369      -0.45034407511416635     
  -4.9999999999983302      -0.44601037202267135     
  -4.9799999999983235      -0.44114380371284756     
  -4.9599999999983169      -0.43573942852365349     
  -4.9399999999983102      -0.42979324783275036     
  -4.9199999999983035      -0.42330224167586117     
  -4.8999999999982968      -0.41626440332713893     
  -4.8799999999982901      -0.40867877287650189     
  -4.8599999999982835      -0.40054546983948852     
  -4.8399999999982768      -0.39186572482734300     
  -4.8199999999982701      -0.38264191029013139     
  -4.7999999999982634      -0.37287757032374103     
  -4.7799999999982568      -0.36257744950352572     
  -4.7599999999982501      -0.35174752067395909     
  -4.7399999999982434      -0.34039501158625857     
  -4.7199999999982367      -0.32852843023595801     
  -4.6999999999982300      -0.31615758871143168     
  -4.6799999999982234      -0.30329362532408827     
  -4.6599999999982167      -0.28994902475302259     
  -4.6399999999982100      -0.27613763590300028     
  -4.6199999999982033      -0.26187468714610307     
  -4.5999999999981966      -0.24717679859559646     
  -4.5799999999981900      -0.23206199104646758     
  -4.5599999999981833      -0.21654969121137160     
  -4.5399999999981766      -0.20066073288375530     
  -4.5199999999981699      -0.18441735367169212     
  -4.4999999999981632      -0.16784318696608830     
  -4.4799999999981566      -0.15096324883480092     
  -4.4599999999981499      -0.13380391956870441     
  -4.4399999999981432      -0.11639291964580914     
  -4.4199999999981365       -9.8759279923593513E-002
  -4.3999999999981299       -8.0933305916292109E-002
  -4.3799999999981232       -6.2946536061416536E-002
  -4.3599999999981165       -4.4831693926643545E-002
  -4.3399999999981098       -2.6622634353037571E-002
  -4.3199999999981031       -8.3542835720563403E-003
  -4.2999999999980965        9.9374266290887334E-003
  -4.2799999999980898        2.8215630587087037E-002
  -4.2599999999980831        4.6442606154004910E-002
  -4.2399999999980764        6.4579857646376984E-002
  -4.2199999999980697        8.2588204181947969E-002
  -4.1999999999980631       0.10042787322300109     
  -4.1799999999980564       0.11805859913785774     
  -4.1599999999980497       0.13543972658737777     
  -4.1399999999980430       0.15253031853982676     
  -4.1199999999980363       0.16928926871383607     
  -4.0999999999980297       0.18567541824394895     
  -4.0799999999980230       0.20164767635496916     
  -4.0599999999980163       0.21716514481880245     
  -4.0399999999980096       0.23218724594959081     
  -4.0199999999980029       0.24667385386897805     
  -3.9999999999979963       0.26058542874283191     
  -3.9799999999979896       0.27388315365366250     
  -3.9599999999979829       0.28652907372962183     
  -3.9399999999979762       0.29848623710210487     
  -3.9199999999979696       0.30971883721068649     
  -3.8999999999979629       0.32019235591787293     
  -3.8799999999979562       0.32987370683867456     
  -3.8599999999979495       0.33873137823320310     
  -3.8399999999979428       0.34673557475653005     
  -3.8199999999979362       0.35385835731092330     
  -3.7999999999979295       0.36007378020346159     
  -3.7799999999979228       0.36535802477872487     
  -3.7599999999979161       0.36968952867357407     
  -3.7399999999979094       0.37304910983013623     
  -3.7199999999979028       0.37542008440518088     
  -3.6999999999978961       0.37678837772944840     
  -3.6799999999978894       0.37714262749936722     
  -3.6599999999978827       0.37647427842551212     
  -3.6399999999978760       0.37477766761624681     
  -3.6199999999978694       0.37205010003996714     
  -3.5999999999978627       0.36829191348355411     
  -3.5799999999978560       0.36350653250603882     
  -3.5599999999978493       0.35770051097295735     
  -3.5399999999978427       0.35088356284602873     
  -3.5199999999978360       0.34306858099235110     
  -3.4999999999978293       0.33427164386497821     
  -3.4799999999978226       0.32451200999048591     
  -3.4599999999978159       0.31381210027707473     
  -3.4399999999978093       0.30219746822750188     
  -3.4199999999978026       0.28969675820356533     
  -3.3999999999977959       0.27634165194237070     
  -3.3799999999977892       0.26216680356903815     
  -3.3599999999977825       0.24720976338612441     
  -3.3399999999977759       0.23151089074753176     
  -3.3199999999977692       0.21511325634517101     
  -3.2999999999977625       0.19806253425146297     
  -3.2799999999977558       0.18040688407153110     
  -3.2599999999977491       0.16219682356737372     
  -3.2399999999977425       0.14348509212410590     
  -3.2199999999977358       0.12432650543726104     
  -3.1999999999977291       0.10477780181151436     
  -3.1799999999977224        8.4897480476340798E-002
  -3.1599999999977157        6.4745632343843035E-002
  -3.1399999999977091        4.4383763658759207E-002
  -3.1199999999977024        2.3874613020546748E-002
  -3.0999999999976957        3.2819622919509879E-003
  -3.0799999999976890       -1.7329558053177634E-002
  -3.0599999999976824       -3.7894668549164512E-002
  -3.0399999999976757       -5.8347644689362391E-002
  -3.0199999999976690       -7.8622524532059118E-002
  -2.9999999999976623       -9.8653319246818097E-002
  -2.9799999999976556      -0.11837422585347075     
  -2.9599999999976490      -0.13771984137977930     
  -2.9399999999976423      -0.15662537764636172     
  -2.9199999999976356      -0.17502687588040289     
  -2.8999999999976289      -0.19286142036410786     
  -2.8799999999976222      -0.21006735034053464     
  -2.8599999999976156      -0.22658446942854829     
  -2.8399999999976089      -0.24235425183985243     
  -2.8199999999976022      -0.25732004474342351     
  -2.7999999999975955      -0.27142726618476570     
  -2.7799999999975888      -0.28462359803728210     
  -2.7599999999975822      -0.29685917353827063     
  -2.7399999999975755      -0.30808675904000954     
  -2.7199999999975688      -0.31826192968399852     
  -2.6999999999975621      -0.32734323878078786     
  -2.6799999999975554      -0.33529238074585427     
  -2.6599999999975488      -0.34207434750086779     
  -2.6399999999975421      -0.34765757829690752     
  -2.6199999999975354      -0.35201410294955487     
  -2.5999999999975287      -0.35511967849371867     
  -2.5799999999975221      -0.35695391926744574     
  -2.5599999999975154      -0.35750042041843322     
  -2.5399999999975087      -0.35674687479467065     
  -2.5199999999975020      -0.35468518313247333     
  -2.4999999999974953      -0.35131155739255016     
  -2.4799999999974887      -0.34662661701964775     
  -2.4599999999974820      -0.34063547781612136     
  -2.4399999999974753      -0.33334783302723564     
  -2.4199999999974686      -0.32477802613902468     
  -2.3999999999974619      -0.31494511479109288     
  -2.3799999999974553      -0.30387292510979619     
  -2.3599999999974486      -0.29159009567450611     
  -2.3399999999974419      -0.27813011024354845     
  -2.3199999999974352      -0.26353131828904341     
  -2.2999999999974285      -0.24783694232269629     
  -2.2799999999974219      -0.23109507093884774     
  -2.2599999999974152      -0.21335863645721578     
  -2.2399999999974085      -0.19468537601590358     
  -2.2199999999974018      -0.17513777494508354     
  -2.1999999999973952      -0.15478299124254172     
  -2.1799999999973885      -0.13369275997310248     
  -2.1599999999973818      -0.11194327642374785     
  -2.1399999999973751       -8.9615056864003381E-002
  -2.1199999999973684       -6.6792775785953218E-002
  -2.0999999999973618       -4.3565078529493199E-002
  -2.0799999999973551       -2.0024368235940913E-002
  -2.0599999999973484        3.7334338827786904E-003
  -2.0399999999973417        2.7609155920569697E-002
  -2.0199999999973350        5.1500671199784541E-002
  -1.9999999999973281        7.5303223568738045E-002
  -1.9799999999973212        9.8909782816963165E-002
  -1.9599999999973143       0.12221143084786244     
  -1.9399999999973074       0.14509777912412386     
  -1.9199999999973005       0.16745741775187734     
  -1.8999999999972936       0.18917839639091322     
  -1.8799999999972867       0.21014873696632871     
  -1.8599999999972798       0.23025697790795654     
  -1.8399999999972729       0.24939274935462730     
  -1.8199999999972660       0.26744737842823252     
  -1.7999999999972591       0.28431452330611484     
  -1.7799999999972522       0.29989083439909137     
  -1.7599999999972453       0.31407664047718042     
  -1.7399999999972384       0.32677665707813142     
  -1.7199999999972315       0.33790071398870514     
  -1.6999999999972246       0.34736449801056674     
  -1.6799999999972177       0.35509030661810942     
  -1.6599999999972108       0.36100780749264788     
  -1.6399999999972039       0.36505479828542559     
  -1.6199999999971970       0.36717796033122924     
  -1.5999999999971901       0.36733359941658350     
  -1.5799999999971832       0.36548836611364344     
  -1.5599999999971763       0.36161994763582495     
  -1.5399999999971694       0.35571772266701968     
  -1.5199999999971625       0.34778337017611677     
  -1.4999999999971556       0.33783142286563089     
  -1.4799999999971487       0.32588975563029232     
  -1.4599999999971418       0.31199999923076882     
  -1.4399999999971349       0.29621786933084598     
  -1.4199999999971280       0.27861340111421679     
  -1.3999999999971211       0.25927107989924986     
  -1.3799999999971142       0.23828985851556608     
  -1.3599999999971073       0.21578305270237227     
  -1.3399999999971004       0.19187810644170089     
  -1.3199999999970935       0.16671621995470592     
  -1.2999999999970866       0.14045183406946365     
  -1.2799999999970797       0.11325196581597183     
  -1.2599999999970728        8.5295391418186234E-002
  -1.2399999999970659        5.6771674331910583E-002
  -1.2199999999970590        2.7880037616900371E-002
  -1.1999999999970521       -1.1719182750792884E-003
  -1.1799999999970452       -3.0169649276709773E-002
  -1.1599999999970383       -5.8893247956820459E-002
  -1.1399999999970314       -8.7119162972135178E-002
  -1.1199999999970245      -0.11462204816104875     
  -1.0999999999970176      -0.14117672936493555     
  -1.0799999999970107      -0.16656027465947887     
  -1.0599999999970038      -0.19055415126041544     
  -1.0399999999969969      -0.21294644997039933     
  -1.0199999999969900      -0.23353415569615446     
 -0.99999999999698319      -0.25212544033120876     
 -0.97999999999697640      -0.26854195221635874     
 -0.95999999999696961      -0.28262107450757856     
 -0.93999999999696282      -0.29421812315147228     
 -0.91999999999695603      -0.30320845384500106     
 -0.89999999999694924      -0.30948944639252179     
 -0.87999999999694245      -0.31298233432155281     
 -0.85999999999693566      -0.31363384752871593     
 -0.83999999999692887      -0.31141763614461532     
 -0.81999999999692208      -0.30633544477064412     
 -0.79999999999691529      -0.29841800778404326     
 -0.77999999999690850      -0.28772563855314282     
 -0.75999999999690171      -0.27434848816478746     
 -0.73999999999689492      -0.25840645264078971     
 -0.71999999999688813      -0.24004871159651364     
 -0.69999999999688134      -0.21945288584477551     
 -0.67999999999687455      -0.19682380652936177     
 -0.65999999999686776      -0.17239189392651369     
 -0.63999999999686097      -0.14641115000625282     
 -0.61999999999685418      -0.11915677511024886     
 -0.59999999999684739       -9.0922425577125793E-002
 -0.57999999999684060       -6.2017135715462163E-002
 -0.55999999999683381       -3.2761934064690607E-002
 -0.53999999999682702       -3.4861902620956392E-003
 -0.51999999999682023        2.5476265087630959E-002
 -0.49999999999681344        5.3791199505220502E-002
 -0.47999999999680665        8.1128163596795741E-002
 -0.45999999999679986       0.10716474443786085     
 -0.43999999999679307       0.13159082642832795     
 -0.41999999999678628       0.15411279610731449     
 -0.39999999999677949       0.17445762590795982     
 -0.37999999999677270       0.19237677145333698     
 -0.35999999999676591       0.20764981780254965     
 -0.33999999999675912       0.22008781208518621     
 -0.31999999999675233       0.22953622322029948     
 -0.29999999999674554       0.23587747388358238     
 -0.27999999999673875       0.23903299551605417     
 -0.25999999999673196       0.23896476388418122     
 -0.23999999999672514       0.23567628040272071     
 -0.21999999999671832       0.22921297299009274     
 -0.19999999999671150       0.21966199949102044     
 -0.17999999999670468       0.20715144650169917     
 -0.15999999999669787       0.19184892658149530     
 -0.13999999999669105       0.17395958713247237     
 -0.11999999999668425       0.15372355446636871     
  -9.9999999996677441E-002  0.13141284654764837     
  -7.9999999996670637E-002  0.10732779739265633     
  -5.9999999996663833E-002   8.1793044917745250E-002
  -3.9999999996657029E-002   5.5153141974723124E-002
  -1.9999999996650222E-002   2.7767857218306411E-002
   3.3565858426065631E-012   7.2381669617087077E-006
   2.0000000003363393E-002  -2.7753486779744582E-002
   4.0000000003370201E-002  -5.5139087614331526E-002
   6.0000000003377005E-002  -8.1779512020294376E-002
   8.0000000003383809E-002 -0.10731498343143091     
  0.10000000000339061      -0.13140093809733250     
  0.12000000000339742      -0.15371272438975497     
  0.14000000000340423      -0.17394999198551545     
  0.16000000000341105      -0.19184070427750885     
  0.18000000000341787      -0.20714471427108189     
  0.20000000000342469      -0.21965685216789327     
  0.22000000000343151      -0.22920948165171431     
  0.24000000000343832      -0.23567449138161828     
  0.26000000000344514      -0.23896469816671886     
  0.28000000000345193      -0.23903464853475226     
  0.30000000000345872      -0.23588081570401961     
  0.32000000000346551      -0.22954119911700052     
  0.34000000000347230      -0.22009434349461798     
  0.36000000000347909      -0.20765780363533995     
  0.38000000000348588      -0.19238608974218208     
  0.40000000000349267      -0.17446813576250661     
  0.42000000000349946      -0.15412433994265773     
  0.44000000000350625      -0.13160323242974764     
  0.46000000000351304      -0.10717782922106529     
  0.48000000000351983       -8.1141735020319808E-002
  0.50000000000352662       -5.3805059589746289E-002
  0.52000000000353341       -2.5490212995905558E-002
  0.54000000000354020        3.4723552313986757E-003
  0.56000000000354699        3.2748409515382444E-002
  0.58000000000355378        6.2004113269541375E-002
  0.60000000000356057        9.0910088110916998E-002
  0.62000000000356736       0.11914529415155728     
  0.64000000000357415       0.14640068332996456     
  0.66000000000358094       0.17238258338238557     
  0.68000000000358773       0.19681577613158477     
  0.70000000000359452       0.21944624014835887     
  0.72000000000360131       0.24004353438070808     
  0.74000000000360810       0.25840280591470338     
  0.76000000000361490       0.27434641150517819     
  0.78000000000362169       0.28772514877914296     
  0.80000000000362848       0.29841909896840330     
  0.82000000000363527       0.30633808858201339     
  0.84000000000364206       0.31142178251053265     
  0.86000000000364885       0.31363942560438829     
  0.88000000000365564       0.31298925374525643     
  0.90000000000366243       0.30949759880457117     
  0.92000000000366922       0.30321771464383757     
  0.94000000000367601       0.29422835345742981     
  0.96000000000368280       0.28263212330246912     
  0.98000000000368959       0.26855365862508873     
   1.0000000000036964       0.25213763601025707     
   1.0200000000037033       0.23354666729292514     
   1.0400000000037102       0.21295910161715959     
   1.0600000000037171       0.19056676706678957     
   1.0800000000037240       0.16657268116820784     
   1.1000000000037309       0.14118875793686439     
   1.1200000000037378       0.11463353725700060     
   1.1400000000037447        8.7129960301436632E-002
   1.1600000000037516        5.8903212464743823E-002
   1.1800000000037585        3.0178652945906142E-002
   1.2000000000037654        1.1798477191932229E-003
   1.2200000000037723       -2.7873279785928160E-002
   1.2400000000037792       -5.6766168377818088E-002
   1.2600000000037861       -8.5291199606985418E-002
   1.2800000000037930      -0.11324913180278762     
   1.3000000000037999      -0.14045038254951769     
   1.3200000000038068      -0.16671615657864677     
   1.3400000000038137      -0.19187941799186539     
   1.3600000000038206      -0.21578570752307424     
   1.3800000000038275      -0.23829380718718668     
   1.4000000000038344      -0.25927625614280059     
   1.4200000000038413      -0.27861972291018605     
   1.4400000000038482      -0.29622524023355656     
   1.4600000000038551      -0.31200830985719497     
   1.4800000000038620      -0.32589888530036215     
   1.5000000000038689      -0.33784124136941729     
   1.5200000000038758      -0.34779373964211080     
   1.5400000000038827      -0.35572849950479335     
   1.5600000000038896      -0.36163098452592007     
   1.5800000000038965      -0.36549951401738295     
   1.6000000000039034      -0.36734470957874948     
   1.6200000000039103      -0.36718888624915014     
   1.6400000000039172      -0.36506539761894119     
   1.6600000000039241      -0.36101794389066721     
   1.6800000000039310      -0.35509985143902695     
   1.7000000000039379      -0.34737333191560632     
   1.7200000000039448      -0.33790872838930514     
   1.7400000000039517      -0.32678375542075777     
   1.7600000000039586      -0.31408273935136144     
   1.7800000000039655      -0.29989586445704031     
   1.8000000000039724      -0.28431842998498447     
   1.8200000000039793      -0.26745012246875421     
   1.8400000000039862      -0.24939430711267208     
   1.8600000000039931      -0.23025734145827301     
   1.8800000000040000      -0.21014791400046373     
   1.9000000000040069      -0.18917640991389911     
   1.9200000000040138      -0.16745430558482971     
   1.9400000000040207      -0.14509359322225177     
   1.9600000000040276      -0.12220623644560945     
   1.9800000000040345       -9.8903657414018117E-002
   2.0000000000040412       -7.5296255772459436E-002
   2.0200000000040479       -5.1492959441155402E-002
   2.0400000000040546       -2.7600807062127676E-002
   2.0600000000040612       -3.7245617380293511E-003
   2.0800000000040679        2.0033644451317743E-002
   2.1000000000040746        4.3574635793809734E-002
   2.1200000000040813        6.6802488893961176E-002
   2.1400000000040880        8.9624800054551548E-002
   2.1600000000040946       0.11195292499186135     
   2.1800000000041013       0.13370219184623153     
   2.2000000000041080       0.15479208850151582     
   2.2200000000041147       0.17514642527132265     
   2.2400000000041214       0.19469347404766374     
   2.2600000000041280       0.21336608503906854     
   2.2800000000041347       0.23110178225019715     
   2.3000000000041414       0.24784283887287789     
   2.3200000000041481       0.26353633376842095     
   2.3400000000041548       0.27813419022200186     
   2.3600000000041614       0.29159319814075430     
   2.3800000000041681       0.30387502084708812     
   2.4000000000041748       0.31494618758691567     
   2.4200000000041815       0.32477807282861143     
   2.4400000000041882       0.33334686337270236     
   2.4600000000041948       0.34063351422511706     
   2.4800000000042015       0.34662369410933591     
   2.5000000000042082       0.35130772140657346     
   2.5200000000042149       0.35468049122029016     
   2.5400000000042215       0.35674139416420669     
   2.5600000000042282       0.35749422737442027     
   2.5800000000042349       0.35694709814904946     
   2.6000000000042416       0.35511232052610792     
   2.6200000000042483       0.35200630502492325     
   2.6400000000042549       0.34764944170109702     
   2.6600000000042616       0.34206597660218352     
   2.6800000000042683       0.33528388166287992     
   2.7000000000042750       0.32733471804602154     
   2.7200000000042817       0.31825349291993438     
   2.7400000000042883       0.30807850966388506     
   2.7600000000042950       0.29685121151109928     
   2.7800000000043017       0.28461601867201458     
   2.8000000000043084       0.27142015902747085     
   2.8200000000043151       0.25731349254025698     
   2.8400000000043217       0.24234832960135189     
   2.8600000000043284       0.22657924360138773     
   2.8800000000043351       0.21006287809542379     
   2.9000000000043418       0.19285774900693758     
   2.9200000000043485       0.17502404239212535     
   2.9400000000043551       0.15662340835542013     
   2.9600000000043618       0.13771875176921788     
   2.9800000000043685       0.11837402050317199     
   3.0000000000043752        9.8653991909647423E-002
   3.0200000000043818        7.8624058341080189E-002
   3.0400000000043885        5.8350012491719325E-002
   3.0600000000043952        3.7897833360757874E-002
   3.0800000000044019        1.7333473626867785E-002
   3.1000000000044086       -3.2773507931460450E-003
   3.1200000000044152       -2.3869368254938687E-002
   3.1400000000044219       -4.4377955252852187E-002
   3.1600000000044286       -6.4739335966123260E-002
   3.1800000000044353       -8.4890776850252342E-002
   3.2000000000044420      -0.10477077568042747     
   3.2200000000044486      -0.12431924449462142     
   3.2400000000044553      -0.14347768592217203     
   3.2600000000044620      -0.16218936241799914     
   3.2800000000044687      -0.18039945795233808     
   3.3000000000044754      -0.19805523173047901     
   3.3200000000044820      -0.21510616353658674     
   3.3400000000044887      -0.23150409031065752     
   3.3600000000044954      -0.24720333357893301     
   3.3800000000045021      -0.26216081736683866     
   3.4000000000045087      -0.27633617623123352     
   3.4200000000045154      -0.28969185305706219     
   3.4400000000045221      -0.30219318627420899     
   3.4600000000045288      -0.31380848616509105     
   3.4800000000045355      -0.32450909995396104     
   3.5000000000045421      -0.33426946539635644     
   3.5200000000045488      -0.34306715262272752     
   3.5400000000045555      -0.35088289403468442     
   3.5600000000045622      -0.35770060210583166     
   3.5800000000045689      -0.36350737500161129     
   3.6000000000045755      -0.36829349000334122     
   3.6200000000045822      -0.37205238479966102     
   3.6400000000045889      -0.37478062679237834     
   3.6600000000045956      -0.37647787065146898     
   3.6800000000046023      -0.37714680444363041     
   3.7000000000046089      -0.37679308474805995     
   3.7200000000046156      -0.37542526125968007     
   3.7400000000046223      -0.37305469146157544     
   3.7600000000046290      -0.36969544602270193     
   3.7800000000046357      -0.36536420564203270     
   3.8000000000046423      -0.36008015011451899     
   3.8200000000046490      -0.35386484043631128     
   3.8400000000046557      -0.34674209479563434     
   3.8600000000046624      -0.33873785931131112     
   3.8800000000046690      -0.32988007438299727     
   3.9000000000046757      -0.32019853750652810     
   3.9200000000046824      -0.30972476338512411     
   3.9400000000046891      -0.29849184213404262     
   3.9600000000046958      -0.28653429633423289     
   3.9800000000047024      -0.27388793764152375     
   4.0000000000047091      -0.26058972360396104     
   4.0200000000047158      -0.24667761528320592     
   4.0400000000047225      -0.23219043621845384     
   4.0600000000047292      -0.21716773321514005     
   4.0800000000047358      -0.20164963938742309     
   4.1000000000047425      -0.18567673983460214     
   4.1200000000047492      -0.16928994028826261     
   4.1400000000047559      -0.15253033902984597     
   4.1600000000047626      -0.13543910234782108     
   4.1800000000047692      -0.11805734377961301     
   4.2000000000047759      -0.10042600736553846     
   4.2200000000047826       -8.2585755129400210E-002
   4.2400000000047893       -6.4576858992053066E-002
   4.2600000000047960       -4.6439097318960648E-002
   4.2800000000048026       -2.8211656299033001E-002
   4.3000000000048093       -9.9330363484913878E-003
   4.3200000000048160        8.3590362713365004E-003
   4.3400000000048227        2.6627692440832375E-002
   4.3600000000048293        4.4836997603258558E-002
   4.3800000000048360        6.2952023465866411E-002
   4.4000000000048427        8.0938913847653393E-002
   4.4200000000048494        9.8764944567133514E-002
   4.4400000000048561       0.11639857729562966     
   4.4600000000048627       0.13380950733882188     
   4.4800000000048694       0.15096870535085841     
   4.5000000000048761       0.16784845303023099     
   4.5200000000048828       0.18442237289358729     
   4.5400000000048895       0.20066545227121191     
   4.5600000000048961       0.21655406171459532     
   4.5800000000049028       0.23206596805060709     
   4.6000000000049095       0.24718034235689262     
   4.6200000000049162       0.26187776316767092     
   4.6400000000049229       0.27614021524701621     
   4.6600000000049295       0.28995108428684174     
   4.6800000000049362       0.30329514789860723     
   4.7000000000049429       0.31615856327078035     
   4.7200000000049496       0.32852885185839026     
   4.7400000000049562       0.34039488145688451     
   4.7600000000049629       0.35174684599068129     
   4.7800000000049696       0.36257624331829125     
   4.8000000000049763       0.37287585132187340     
   4.8200000000049830       0.38263970251116991     
   4.8400000000049896       0.39186305733137577     
   4.8600000000049963       0.40054237632352840     
   4.8800000000050030       0.40867529124591367     
   4.9000000000050097       0.41626057522752508     
   4.9200000000050164       0.42329811199119310     
   4.9400000000050230       0.42978886415574280     
   4.9600000000050297       0.43573484060465933     
   4.9800000000050364       0.44113906289359417     
   5.0000000000050431       0.44600553066128734     
   5.0200000000050498       0.45033918600787287     
   5.0400000000050564       0.45414587681092539     
   5.0600000000050631       0.45743231896225478     
   5.0800000000050698       0.46020605752652549     
   5.1000000000050765       0.46247542684510962     
   5.1200000000050832       0.46424950963385270     
   5.1400000000050898       0.46553809515033578     
   5.1600000000050965       0.46635163653311051     
   5.1800000000051032       0.46670120744111904     
   5.2000000000051099       0.46659845814450196     
   5.2200000000051165       0.46605557123728364     
   5.2400000000051232       0.46508521715692319     
   5.2600000000051299       0.46370050970480886     
   5.2800000000051366       0.46191496176493801     
   5.3000000000051433       0.45974244141524478     
   5.3200000000051499       0.45719712861733319     
   5.3400000000051566       0.45429347265633402     
   5.3600000000051633       0.45104615048377045     
   5.3800000000051700       0.44747002609378261     
   5.4000000000051767       0.44358011103770612     
   5.4200000000051833       0.43939152615524046     
   5.4400000000051900       0.43491946457333180     
   5.4600000000051967       0.43017915599789641     
   5.4800000000052034       0.42518583229951473     
   5.5000000000052101       0.41995469437374000     
   5.5200000000052167       0.41450088024000015     
   5.5400000000052234       0.40883943433150355     
   5.5600000000052301       0.40298527792201005     
   5.5800000000052368       0.39695318063433982     
   5.6000000000052435       0.39075773297968114     
   5.6200000000052501       0.38441331988600086     
   5.6400000000052568       0.37793409518732418     
   5.6600000000052635       0.37133395706271388     
   5.6800000000052702       0.36462652443326854     
   5.7000000000052768       0.35782511434646136     
   5.7200000000052835       0.35094272039820296     
   5.7400000000052902       0.34399199226326060     
   5.7600000000052969       0.33698521642261425     
   5.7800000000053036       0.32993429819118786     
   5.8000000000053102       0.32285074516006235     
   5.8200000000053169       0.31574565217319095     
   5.8400000000053236       0.30862968795909562     
   5.8600000000053303       0.30151308353306161     
   5.8800000000053370       0.29440562247460078     
   5.9000000000053436       0.28731663316908640     
   5.9200000000053503       0.28025498308159746     
   5.9400000000053570       0.27322907510614702     
   5.9600000000053637       0.26624684600538517     
   5.9800000000053704       0.25931576692563824     
   6.0000000000053770       0.25244284594092298     
   6.0200000000053837       0.24563463254859641     
   6.0400000000053904       0.23889722400967836     
   6.0600000000053971       0.23223627339983208     
   6.0800000000054037       0.22565699921344154     
   6.1000000000054104       0.21916419634413001     
   6.1200000000054171       0.21276224825101653     
   6.1400000000054238       0.20645514011153937     
   6.1600000000054305       0.20024647275893306     
   6.1800000000054371       0.19413947720548169     
   6.2000000000054438       0.18813702956112816     
   6.2200000000054505       0.18224166617055518     
   6.2400000000054572       0.17645559880959208     
   6.2600000000054639       0.17078072980310346     
   6.2800000000054705       0.16521866695019952     
   6.3000000000054772       0.15977073816781079     
   6.3200000000054839       0.15443800578909875     
   6.3400000000054906       0.14922128047797134     
   6.3600000000054973       0.14412113474390126     
   6.3800000000055039       0.13913791606161457     
   6.4000000000055106       0.13427175961707655     
   6.4200000000055173       0.12952260071415353     
   6.4400000000055240       0.12489018688479635     
   6.4600000000055307       0.12037408974960880     
   6.4800000000055373       0.11597371667509819     
   6.5000000000055440       0.11168832226915147     
   6.5200000000055507       0.10751701974770986     
   6.5400000000055574       0.10345879219388857     
   6.5600000000055640        9.9512503716675513E-002
   6.5800000000055707        9.5676910500675547E-002
   6.6000000000055774        9.1950671722121374E-002
   6.6200000000055841        8.8332360290435313E-002
   6.6400000000055908        8.4820473359964593E-002
   6.6600000000055974        8.1413442543921882E-002
   6.6800000000056041        7.8109643752832164E-002
   6.7000000000056108        7.4907406573448243E-002
   6.7200000000056175        7.1805023101649421E-002
   6.7400000000056242        6.8800756144449915E-002
   6.7600000000056308        6.5892846712027234E-002
   6.7800000000056375        6.3079520730438279E-002
   6.8000000000056442        6.0358994919109829E-002
   6.8200000000056509        5.7729481793750793E-002
   6.8400000000056576        5.5189193774389987E-002
   6.8600000000056642        5.2736346398997359E-002
   6.8800000000056709        5.0369160664780241E-002
   6.9000000000056776        4.8085864540818646E-002
   6.9200000000056843        4.5884693716354230E-002
   6.9400000000056909        4.3763891667877246E-002
   6.9600000000056976        4.1721709144406129E-002
   6.9800000000057043        3.9756403183324227E-002
   7.0000000000057110        3.7866235778308319E-002
   7.0200000000057177        3.6049472325854016E-002
   7.0400000000057243        3.4304379977500715E-002
   7.0600000000057310        3.2629226021041298E-002
   7.0800000000057377        3.1022276405957533E-002
   7.1000000000057444        2.9481794516383112E-002
   7.1200000000057511        2.8006040279574512E-002
   7.1400000000057577        2.6593269679796153E-002
   7.1600000000057644        2.5241734727454841E-002
   7.1800000000057711        2.3949683912066391E-002
   7.2000000000057778        2.2715363146067775E-002
   7.2200000000057845        2.1537017185461707E-002
   7.2400000000057911        2.0412891493626344E-002
   7.2600000000057978        1.9341234497091880E-002
   7.2800000000058045        1.8320300167349472E-002
   7.3000000000058112        1.7348350851322126E-002
   7.3200000000058179        1.6423660265397995E-002
   7.3400000000058245        1.5544516564098753E-002
   7.3600000000058312        1.4709225394596523E-002
   7.3800000000058379        1.3916112852270209E-002
   7.4000000000058446        1.3163528260031528E-002
   7.4200000000058512        1.2449846704823502E-002
   7.4400000000058579        1.1773471277947522E-002
   7.4600000000058646        1.1132834981054097E-002
   7.4800000000058713        1.0526402276020089E-002
   7.5000000000058780        9.9526702737611165E-003
   7.5200000000058846        9.4101695735380186E-003
   7.5400000000058913        8.8974647797613986E-003
   7.5600000000058980        8.4131547370142144E-003
   7.5800000000059047        7.9558725353971130E-003
   7.6000000000059114        7.5242853468933278E-003
   7.6200000000059180        7.1170941588883600E-003
   7.6400000000059247        6.7330334730816349E-003
   7.6600000000059314        6.3708710367274728E-003
   7.6800000000059381        6.0294076685547216E-003
   7.7000000000059448        5.7074772340785802E-003
   7.7200000000059514        5.4039468147136418E-003
   7.7400000000059581        5.1177171026167033E-003
   7.7600000000059648        4.8477230391150462E-003
   7.7800000000059715        4.5929346995550969E-003
   7.8000000000059782        4.3523584121241514E-003
   7.8200000000059848        4.1250380833419394E-003
   7.8400000000059915        3.9100566891538870E-003
   7.8600000000059982        3.7065378784983359E-003
   7.8800000000060049        3.5136476263989075E-003
   7.9000000000060115        3.3305958664859065E-003
   7.9200000000060182        3.1566380286956008E-003
   7.9400000000060249        2.9910764069156284E-003
   7.9600000000060316        2.8332612835938508E-003
   7.9800000000060383        2.6825917437147276E-003
   8.0000000000060449        2.5385161188535921E-003
   8.0200000000060516        2.4005320129024230E-003
   8.0400000000060583        2.2681858740727268E-003
   8.0600000000060650        2.1410720923848089E-003
   8.0800000000060717        2.0188316174553390E-003
   8.1000000000060783        1.9011501073547430E-003
   8.1200000000060850        1.7877556349821674E-003
   8.1400000000060917        1.6784159931655224E-003
   8.1600000000060984        1.5729356529538283E-003
   8.1800000000061051        1.4711524408039659E-003
   8.2000000000061117        1.3729340091448783E-003
   8.2200000000061184        1.2781741807970496E-003
   8.2400000000061251        1.1867892507223345E-003
   8.2600000000061318        1.0987143284877643E-003
   8.2800000000061384        1.0138998016884866E-003
   8.3000000000061451        9.3230799454252803E-004
   8.3200000000061518        8.5391008722487981E-004
   8.3400000000061585        7.7868335062353895E-004
   8.3600000000061652        7.0660873853834881E-004
   8.3800000000061718        6.3766886543309247E-004
   8.4000000000061785        5.7184638326224333E-004
   8.4200000000061852        5.0912275621397868E-004
   8.4400000000061919        4.4947741802639843E-004
   8.4600000000061986        3.9288728339874243E-004
   8.4800000000062052        3.3932657343479377E-004
   8.5000000000062119        2.8876690545860364E-004
   8.5200000000062186        2.4117759027356966E-004
   8.5400000000062253        1.9652607524338515E-004
   8.5600000000062320        1.5477846958899386E-004
   8.5800000000062386        1.1590008904751490E-004
   8.6000000000062453        7.9855960434299907E-005
   8.6200000000062520        4.6611232495143585E-005
   8.6400000000062587        1.6131447439808361E-005
   8.6600000000062654       -1.1617362665886982E-005
   8.6800000000062720       -3.6668779345815369E-005
   8.7000000000062787       -5.9056313717355281E-005
   8.7200000000062854       -7.8813935465555800E-005
   8.7400000000062921       -9.5976803082777095E-005
   8.7600000000062987       -1.1058217225145737E-004
   8.7800000000063054       -1.2267044899853344E-004
   8.8000000000063121       -1.3228634559056765E-004
   8.8200000000063188       -1.3948009040986786E-004
   8.8400000000063255       -1.4430863851903344E-004
   8.8600000000063321       -1.4683682745334915E-004
   8.8800000000063388       -1.4713842304351995E-004
   8.9000000000063455       -1.4529700274108971E-004
   8.9200000000063522       -1.4140662886130451E-004
   8.9400000000063589       -1.3557227115921757E-004
   8.9600000000063655       -1.2790994691069284E-004
   8.9800000000063722       -1.1854655681564221E-004
   9.0000000000063789       -1.0761940615345711E-004
   9.0200000000063856       -9.5275412247689000E-005
   9.0400000000063923       -8.1670010967219031E-005
   9.0600000000063989       -6.6965786235017216E-005
   9.0800000000064056       -5.1330856891993056E-005
   9.1000000000064123       -3.4937064359024425E-005
   9.1200000000064190       -1.7958012010325727E-005
   9.1400000000064257       -5.6701272641603848E-007
   9.1600000000064323        1.7064995466373210E-005
   9.1800000000064390        3.4771504563089785E-005
   9.2000000000064457        5.2392402513686982E-005
   9.2200000000064524        6.9775793161217073E-005
   9.2400000000064590        8.6779618765160858E-005
   9.2600000000064657        1.0327304087616564E-004
   9.2800000000064724        1.1913754406502553E-004
   9.3000000000064791        1.3426773694747134E-004
   9.3200000000064858        1.4857183569621246E-004
   9.3400000000064924        1.6197182637647757E-004
   9.3600000000064991        1.7440331355253339E-004
   9.3800000000065058        1.8581507327224538E-004
   9.4000000000065125        1.9616833834503898E-004
   9.4200000000065192        2.0543585243042856E-004
   9.4400000000065258        2.1360073653801047E-004
   9.4600000000065325        2.2065521686529660E-004
   9.4800000000065392        2.2659926628900234E-004
   9.5000000000065459        2.3143921318534311E-004
   9.5200000000065526        2.3518637056467066E-004
   9.5400000000065592        2.3785573582831520E-004
   9.5600000000065659        2.3946480692640498E-004
   9.5800000000065726        2.4003255451856821E-004
   9.6000000000065793        2.3957858218095102E-004
   9.6200000000065859        2.3812249807431937E-004
   9.6400000000065926        2.3568351213932621E-004
   9.6600000000065993        2.3228026318698622E-004
   9.6800000000066060        2.2793087058232535E-004
   9.7000000000066127        2.2265319595039972E-004
   9.7200000000066193        2.1646529181323386E-004
   9.7400000000066260        2.0938600661225660E-004
   9.7600000000066327        2.0143570945108997E-004
   9.7800000000066394        1.9263709332457981E-004
   9.8000000000066461        1.8301601273181651E-004
   9.8200000000066527        1.7260231049098869E-004
   9.8400000000066594        1.6143058929507458E-004
   9.8600000000066661        1.4954088601843137E-004
   9.8800000000066728        1.3697921088473721E-004
   9.9000000000066795        1.2379791915852049E-004
   9.9200000000066861        1.1005588979296856E-004
   9.9400000000066928        9.5818493182820452E-005
   9.9600000000066995        8.1157338526167733E-005
   9.9800000000067062        6.6149799967059114E-005
