  -10.000000000000000       0.38105442896959263     
  -9.9799999999999933       0.38566990071935514     
  -9.9599999999999866       0.39003793994681063     
  -9.9399999999999800       0.39414993934595471     
  -9.9199999999999733       0.39799697501007331     
  -9.8999999999999666       0.40156967115051034     
  -9.8799999999999599       0.40485807169113919     
  -9.8599999999999532       0.40785152257777707     
  -9.8399999999999466       0.41053856849369486     
  -9.8199999999999399       0.41290686743061517     
  -9.7999999999999332       0.41494312623427287     
  -9.7799999999999265       0.41663305983144516     
  -9.7599999999999199       0.41796137636123643     
  -9.7399999999999132       0.41891178988797756     
  -9.7199999999999065       0.41946706178059839     
  -9.6999999999998998       0.41960907121730645     
  -9.6799999999998931       0.41931891463161453     
  -9.6599999999998865       0.41857703327166801     
  -9.6399999999998798       0.41736336741652652     
  -9.6199999999998731       0.41565753519650139     
  -9.5999999999998664       0.41343903341542831     
  -9.5799999999998597       0.41068745728504913     
  -9.5599999999998531       0.40738273556836835     
  -9.5399999999998464       0.40350537730039138     
  -9.5199999999998397       0.39903672601959211     
  -9.4999999999998330       0.39395921730751843     
  -9.4799999999998263       0.38825663540023875     
  -9.4599999999998197       0.38191436470380286     
  -9.4399999999998130       0.37491963221424168     
  -9.4199999999998063       0.36726173710462978     
  -9.3999999999997996       0.35893226408988882     
  -9.3799999999997929       0.34992527760274750     
  -9.3599999999997863       0.34023749429956929     
  -9.3399999999997796       0.32986843194708348     
  -9.3199999999997729       0.31882053330518728     
  -9.2999999999997662       0.30709926419931538     
  -9.2799999999997596       0.29471318555185089     
  -9.2599999999997529       0.28167399969791623     
  -9.2399999999997462       0.26799657183092335     
  -9.2199999999997395       0.25369892789169818     
  -9.1999999999997328       0.23880223061894792     
  -9.1799999999997262       0.22333073580633844     
  -9.1599999999997195       0.20731173105419151     
  -9.1399999999997128       0.19077545945515373     
  -9.1199999999997061       0.17375503071052442     
  -9.0999999999996994       0.15628632213666088     
  -9.0799999999996928       0.13840787189262865     
  -9.0599999999996861       0.12016076654655741     
  -9.0399999999996794       0.10158852480853818     
  -9.0199999999996727        8.2736978903105732E-002
  -8.9999999999996660        6.3654154648840527E-002
  -8.9799999999996594        4.4390150871162957E-002
  -8.9599999999996527        2.4997018314193150E-002
  -8.9399999999996460        5.5286377556321578E-003
  -8.9199999999996393       -1.3959403417046986E-002
  -8.8999999999996326       -3.3409937323542423E-002
  -8.8799999999996260       -5.2764345918433112E-002
  -8.8599999999996193       -7.1962697346830376E-002
  -8.8399999999996126       -9.0943890368098967E-002
  -8.8199999999996059      -0.10964580902446650     
  -8.7999999999995993      -0.12800548977427537     
  -8.7799999999995926      -0.14595930325493292     
  -8.7599999999995859      -0.16344315268733495     
  -8.7399999999995792      -0.18039269068419020     
  -8.7199999999995725      -0.19674355588505851     
  -8.6999999999995659      -0.21243163041976115     
  -8.6799999999995592      -0.22739331871092572     
  -8.6599999999995525      -0.24156584757977551     
  -8.6399999999995458      -0.25488758703303765     
  -8.6199999999995391      -0.26729839050053494     
  -8.5999999999995325      -0.27873995268117402     
  -8.5799999999995258      -0.28915618255823045     
  -8.5599999999995191      -0.29849358858162095     
  -8.5399999999995124      -0.30670167250246383     
  -8.5199999999995057      -0.31373332789959574     
  -8.4999999999994991      -0.31954523907266041     
  -8.4799999999994924      -0.32409827570296335     
  -8.4599999999994857      -0.32735787850987980     
  -8.4399999999994790      -0.32929443106236378     
  -8.4199999999994724      -0.32988361294345936     
  -8.3999999999994657      -0.32910672960935089     
  -8.3799999999994590      -0.32695101452790792     
  -8.3599999999994523      -0.32340989951718219     
  -8.3399999999994456      -0.31848324962027658     
  -8.3199999999994390      -0.31217755933659241     
  -8.2999999999994323      -0.30450610756463337     
  -8.2799999999994256      -0.29548906918205692     
  -8.2599999999994189      -0.28515358177645489     
  -8.2399999999994122      -0.27353376662833678     
  -8.2199999999994056      -0.26067070361809969     
  -8.1999999999993989      -0.24661236026627562     
  -8.1799999999993922      -0.23141347560597694     
  -8.1599999999993855      -0.21513540001697565     
  -8.1399999999993788      -0.19784589251233778     
  -8.1199999999993722      -0.17961887725529965     
  -8.0999999999993655      -0.16053416129260892     
  -8.0799999999993588      -0.14067711562162513     
  -8.0599999999993521      -0.12013832176524480     
  -8.0399999999993454       -9.9013186018447996E-002
  -8.0199999999993388       -7.7401523461929453E-002
  -7.9999999999993321       -5.5407113724520195E-002
  -7.9799999999993254       -3.3137230330282444E-002
  -7.9599999999993187       -1.0702145304047683E-002
  -7.9399999999993121        1.1785389453634653E-002
  -7.9199999999993054        3.4210682658315374E-002
  -7.8999999999992987        5.6457664752850148E-002
  -7.8799999999992920        7.8409468461978382E-002
  -7.8599999999992853        9.9949027628821865E-002
  -7.8399999999992787       0.12095969311969280     
  -7.8199999999992720       0.14132586445840950     
  -7.7999999999992653       0.16093363564953758     
  -7.7799999999992586       0.17967145337213511     
  -7.7599999999992519       0.19743078537532363     
  -7.7399999999992453       0.21410679649203648     
  -7.7199999999992386       0.22959902921837855     
  -7.6999999999992319       0.24381208529714193     
  -7.6799999999992252       0.25665630421173874     
  -7.6599999999992185       0.26804843395972405     
  -7.6399999999992119       0.27791228895316050     
  -7.6199999999992052       0.28617938940699522     
  -7.5999999999991985       0.29278957614691553     
  -7.5799999999991918       0.29769159441455362     
  -7.5599999999991851       0.30084363998835872     
  -7.5399999999991785       0.30221386078903434     
  -7.5199999999991718       0.30178080711141836     
  -7.4999999999991651       0.29953382373009979     
  -7.4799999999991584       0.29547337736874502     
  -7.4599999999991518       0.28961131340492446     
  -7.4399999999991451       0.28197103619997571     
  -7.4199999999991384       0.27258760809022742     
  -7.3999999999991317       0.26150776284055832     
  -7.3799999999991250       0.24878983022922657     
  -7.3599999999991184       0.23450356938604716     
  -7.3399999999991117       0.21872990952432167     
  -7.3199999999991050       0.20156059776765614     
  -7.2999999999990983       0.18309775485317029     
  -7.2799999999990916       0.16345334056843089     
  -7.2599999999990850       0.14274853182820968     
  -7.2399999999990783       0.12111301729661833     
  -7.2199999999990716        9.8684213391157669E-002
  -7.1999999999990649        7.5606407350280944E-002
  -7.1799999999990582        5.2029833792050513E-002
  -7.1599999999990516        2.8109691827744386E-002
  -7.1399999999990449        4.0051103153172056E-003
  -7.1199999999990382       -2.0121930759244032E-002
  -7.0999999999990315       -4.4107714497157016E-002
  -7.0799999999990249       -6.7787928446221071E-002
  -7.0599999999990182       -9.0998824576341175E-002
  -7.0399999999990115      -0.11357838935778644     
  -7.0199999999990048      -0.13536751551941770     
  -6.9999999999989981      -0.15621116721591496     
  -6.9799999999989915      -0.17595953052989433     
  -6.9599999999989848      -0.19446914146122826     
  -6.9399999999989781      -0.21160398379690401     
  -6.9199999999989714      -0.22723654949745709     
  -6.8999999999989647      -0.24124885446943498     
  -6.8799999999989581      -0.25353340280979997     
  -6.8599999999989514      -0.26399409280290903     
  -6.8399999999989447      -0.27254705812286745     
  -6.8199999999989380      -0.27912143784621563     
  -6.7999999999989313      -0.28366006901837093     
  -6.7799999999989247      -0.28612009565161500     
  -6.7599999999989180      -0.28647348817513096     
  -6.7399999999989113      -0.28470746752365583     
  -6.7199999999989046      -0.28082482825693733     
  -6.6999999999988979      -0.27484415536506646     
  -6.6799999999988913      -0.26679992975176814     
  -6.6599999999988846      -0.25674251781561597     
  -6.6399999999988779      -0.24473804108208499     
  -6.6199999999988712      -0.23086812248947666     
  -6.5999999999988646      -0.21522950670718657     
  -6.5799999999988579      -0.19793355277007746     
  -6.5599999999988512      -0.17910559834729109     
  -6.5399999999988445      -0.15888419612275020     
  -6.5199999999988378      -0.13742022403724014     
  -6.4999999999988312      -0.11487587251339051     
  -6.4799999999988245       -9.1423513234670059E-002
  -6.4599999999988178       -6.7244455553848212E-002
  -6.4399999999988111       -4.2527598136823254E-002
  -6.4199999999988044       -1.7467984974123180E-002
  -6.3999999999987978        7.7347236184126360E-003
  -6.3799999999987911        3.2877852969171811E-002
  -6.3599999999987844        5.7757375634638980E-002
  -6.3399999999987777        8.2169618061652988E-002
  -6.3199999999987710       0.10591299677714086     
  -6.2999999999987644       0.12878976773023704     
  -6.2799999999987577       0.15060777180044399     
  -6.2599999999987510       0.17118215910361176     
  -6.2399999999987443       0.19033707458652069     
  -6.2199999999987376       0.20790728750581455     
  -6.1999999999987310       0.22373974773737723     
  -6.1799999999987243       0.23769505245117872     
  -6.1599999999987176       0.24964880750182111     
  -6.1399999999987109       0.25949286890900602     
  -6.1199999999987043       0.26713645101290062     
  -6.0999999999986976       0.27250708926146328     
  -6.0799999999986909       0.27555144709182466     
  -6.0599999999986842       0.27623595797617750     
  -6.0399999999986775       0.27454729538378653     
  -6.0199999999986709       0.27049266513503811     
  -5.9999999999986642       0.26409991636241459     
  -5.9799999999986575       0.25541746902125395     
  -5.9599999999986508       0.24451405758718733     
  -5.9399999999986441       0.23147829221857286     
  -5.9199999999986375       0.21641804023600206     
  -5.8999999999986308       0.19945963226694260     
  -5.8799999999986241       0.18074689881524475     
  -5.8599999999986174       0.16044004434097930     
  -5.8399999999986107       0.13871436717683905     
  -5.8199999999986041       0.11575883476816889     
  -5.7999999999985974        9.1774524810699254E-002
  -5.7799999999985907        6.6972943881734803E-002
  -5.7599999999985840        4.1574236124779708E-002
  -5.7399999999985774        1.5805295462599237E-002
  -5.7199999999985707       -1.0102204314678433E-002
  -5.6999999999985640       -3.5913846407227445E-002
  -5.6799999999985573       -6.1394558835798321E-002
  -5.6599999999985506       -8.6310736518425912E-002
  -5.6399999999985440      -0.11043238016246756     
  -5.6199999999985373      -0.13353523389449051     
  -5.5999999999985306      -0.15540290297792034     
  -5.5799999999985239      -0.17582893248772791     
  -5.5599999999985172      -0.19461882744464090     
  -5.5399999999985106      -0.21159199468229337     
  -5.5199999999985039      -0.22658358665467804     
  -5.4999999999984972      -0.23944622751396796     
  -5.4799999999984905      -0.25005160212482008     
  -5.4599999999984838      -0.25829188925324542     
  -5.4399999999984772      -0.26408102099514430     
  -5.4199999999984705      -0.26735575160616776     
  -5.3999999999984638      -0.26807652026966489     
  -5.3799999999984571      -0.26622809399538577     
  -5.3599999999984504      -0.26181997877370627     
  -5.3399999999984438      -0.25488658930578401     
  -5.3199999999984371      -0.24548717006935361     
  -5.2999999999984304      -0.23370546313471757     
  -5.2799999999984237      -0.21964912098122844     
  -5.2599999999984171      -0.20344886553939798     
  -5.2399999999984104      -0.18525739775109804     
  -5.2199999999984037      -0.16524806504854886     
  -5.1999999999983970      -0.14361329724806096     
  -5.1799999999983903      -0.12056282438102756     
  -5.1599999999983837       -9.6321692887239824E-002
  -5.1399999999983770       -7.1128099320596716E-002
  -5.1199999999983703       -4.5231063214506588E-002
  -5.0999999999983636       -1.8887962978349992E-002
  -5.0799999999983569        7.6380393921281712E-003
  -5.0599999999983503        3.4080657440862083E-002
  -5.0399999999983436        6.0173194666665451E-002
  -5.0199999999983369        8.5651284867672484E-002
  -4.9999999999983302       0.11025562863475862     
  -4.9799999999983235       0.13373469618444467     
  -4.9599999999983169       0.15584736707429020     
  -4.9399999999983102       0.17636547806134359     
  -4.9199999999983035       0.19507625142353485     
  -4.8999999999982968       0.21178457743647416     
  -4.8799999999982901       0.22631512635114548     
  -4.8599999999982835       0.23851426711615756     
  -4.8399999999982768       0.24825177219464029     
  -4.8199999999982701       0.25542229010382739     
  -4.7999999999982634       0.25994656971918861     
  -4.7799999999982568       0.26177242290140801     
  -4.7599999999982501       0.26087541459339236     
  -4.7399999999982434       0.25725927216952499     
  -4.7199999999982367       0.25095600847838273     
  -4.6999999999982300       0.24202575568521062     
  -4.6799999999982234       0.23055630967781393     
  -4.6599999999982167       0.21666238743889377     
  -4.6399999999982100       0.20048460240210281     
  -4.6199999999982033       0.18218816539291494     
  -4.5999999999981966       0.16196132130480867     
  -4.5799999999981900       0.14001353417208759     
  -4.5599999999981833       0.11657343576767688     
  -4.5399999999981766        9.1886555270082243E-002
  -4.5199999999981699        6.6212849897840514E-002
  -4.4999999999981632        3.9824058687876966E-002
  -4.4799999999981566        1.3000903777454529E-002
  -4.4599999999981499       -1.3969834385675860E-002
  -4.4399999999981432       -4.0798339561757303E-002
  -4.4199999999981365       -6.7194849883295799E-002
  -4.3999999999981299       -9.2872784057541402E-002
  -4.3799999999981232      -0.11755187072864214     
  -4.3599999999981165      -0.14096124714408220     
  -4.3399999999981098      -0.16284249262768108     
  -4.3199999999981031      -0.18295256209250035     
  -4.2999999999980965      -0.20106658496714735     
  -4.2799999999980898      -0.21698049548893322     
  -4.2599999999980831      -0.23051346136127254     
  -4.2399999999980764      -0.24151007929664300     
  -4.2199999999980697      -0.24984230797690840     
  -4.1999999999980631      -0.25541111145597645     
  -4.1799999999980564      -0.25814778899040142     
  -4.1599999999980497      -0.25801497068503981     
  -4.1399999999980430      -0.25500726214494712     
  -4.1199999999980363      -0.24915152548215222     
  -4.0999999999980297      -0.24050678847741713     
  -4.0799999999980230      -0.22916377837420041     
  -4.0599999999980163      -0.21524408160938319     
  -4.0399999999980096      -0.19889893568183156     
  -4.0199999999980029      -0.18030766424147349     
  -3.9999999999979963      -0.15967577126302041     
  -3.9799999999979896      -0.13723271476595947     
  -3.9599999999979829      -0.11322938487564677     
  -3.9399999999979762       -8.7935315014803311E-002
  -3.9199999999979696       -6.1635658603586413E-002
  -3.8999999999979629       -3.4627966772251842E-002
  -3.8799999999979562       -7.2188052065030586E-003
  -3.8599999999979495        2.0279749683188748E-002
  -3.8399999999979428        4.7553693573659385E-002
  -3.8199999999979362        7.4290713403101824E-002
  -3.7999999999979295       0.10018379994026358     
  -3.7799999999979228       0.12493481099961552     
  -3.7599999999979161       0.14825794331359388     
  -3.7399999999979094       0.16988307234486652     
  -3.7199999999979028       0.18955892106685041     
  -3.6999999999978961       0.20705602091596145     
  -3.6799999999978894       0.22216943067741068     
  -3.6599999999978827       0.23472118195915984     
  -3.6399999999978760       0.24456242308730589     
  -3.6199999999978694       0.25157523667354753     
  -3.5999999999978627       0.25567410971707555     
  -3.5799999999978560       0.25680703886846479     
  -3.5599999999978493       0.25495625736532551     
  -3.5399999999978427       0.25013857411654522     
  -3.5199999999978360       0.24240531943604054     
  -3.4999999999978293       0.23184189598410623     
  -3.4799999999978226       0.21856693754375445     
  -3.4599999999978159       0.20273108232202458     
  -3.4399999999978093       0.18451537150408709     
  -3.4199999999978026       0.16412928778274016     
  -3.3999999999977959       0.14180845251743426     
  -3.3799999999977892       0.11781200402246811     
  -3.3599999999977825        9.2419683216571805E-002
  -3.3399999999977759        6.5928656454361065E-002
  -3.3199999999977692        3.8650108767534185E-002
  -3.2999999999977625        1.0905643928446630E-002
  -3.2799999999977558       -1.6976469335811147E-002
  -3.2599999999977491       -4.4665163055314032E-002
  -3.2399999999977425       -7.1830503510304247E-002
  -3.2199999999977358       -9.8147646568566629E-002
  -3.1999999999977291      -0.12330076762346801     
  -3.1799999999977224      -0.14698691811985101     
  -3.1599999999977157      -0.16891976047240254     
  -3.1399999999977091      -0.18883313362694903     
  -3.1199999999977024      -0.20648440262227419     
  -3.0999999999976957      -0.22165754730041329     
  -3.0799999999976890      -0.23416594779591332     
  -3.0599999999976824      -0.24385482760393373     
  -3.0399999999976757      -0.25060331886247333     
  -3.0199999999976690      -0.25432611894875901     
  -2.9999999999976623      -0.25497471253117809     
  -2.9799999999976556      -0.25253813876803249     
  -2.9599999999976490      -0.24704328932054959     
  -2.9399999999976423      -0.23855472915510914     
  -2.9199999999976356      -0.22717403864340341     
  -2.8999999999976289      -0.21303868211632304     
  -2.8799999999976222      -0.19632041466998759     
  -2.8599999999976156      -0.17722324554127780     
  -2.8399999999976089      -0.15598098264767685     
  -2.8199999999976022      -0.13285438880941683     
  -2.7999999999975955      -0.10812798563589562     
  -2.7799999999975888       -8.2106545968933020E-002
  -2.7599999999975822       -5.5111320051655921E-002
  -2.7399999999975755       -2.7476044167712869E-002
  -2.7199999999975688        4.5721667828974775E-004
  -2.6999999999975621        2.8342338423909437E-002
  -2.6799999999975554        5.5833465092522530E-002
  -2.6599999999975488        8.2589338100845969E-002
  -2.6399999999975421       0.10827757273578274     
  -2.6199999999975354       0.13257882787103722     
  -2.5999999999975287       0.15519081675641805     
  -2.5799999999975221       0.17583210911699967     
  -2.5599999999975154       0.19424567778207802     
  -2.5399999999975087       0.21020214655664024     
  -2.5199999999975020       0.22350269998002262     
  -2.4999999999974953       0.23398161991658109     
  -2.4799999999974887       0.24150841852279234     
  -2.4599999999974820       0.24598954196938702     
  -2.4399999999974753       0.24736962430650222     
  -2.4199999999974686       0.24563227599125417     
  -2.3999999999974619       0.24080039680407603     
  -2.3799999999974553       0.23293600812280416     
  -2.3599999999974486       0.22213960476781230     
  -2.3399999999974419       0.20854903184859289     
  -2.3199999999974352       0.19233789720667821     
  -2.2999999999974285       0.17371353513834153     
  -2.2799999999974219       0.15291454207006713     
  -2.2599999999974152       0.13020790972582169     
  -2.2399999999974085       0.10588578604011697     
  -2.2199999999974018        8.0261898602701609E-002
  -2.1999999999973952        5.3667679731933642E-002
  -2.1799999999973885        2.6448136320814056E-002
  -2.1599999999973818       -1.0424886675762940E-003
  -2.1399999999973751       -2.8445212815613442E-002
  -2.1199999999973684       -5.5400915805600665E-002
  -2.0999999999973618       -8.1554990303186609E-002
  -2.0799999999973551      -0.10656198468167329     
  -2.0599999999973484      -0.13009017884552926     
  -2.0399999999973417      -0.15182603384323376     
  -2.0199999999973350      -0.17147845613153281     
  -1.9999999999973281      -0.18878281831084812     
  -1.9799999999973212      -0.20350467992864976     
  -1.9599999999973143      -0.21544315456354049     
  -1.9399999999973074      -0.22443387286070621     
  -1.9199999999973005      -0.23035149547457193     
  -1.8999999999972936      -0.23311173495349929     
  -1.8799999999972867      -0.23267285142179464     
  -1.8599999999972798      -0.22903659340531332     
  -1.8399999999972729      -0.22224856222055930     
  -1.8199999999972660      -0.21239798590007983     
  -1.7999999999972591      -0.19961689654319531     
  -1.7799999999972522      -0.18407871313506927     
  -1.7599999999972453      -0.16599624013708605     
  -1.7399999999972384      -0.14561910038322626     
  -1.7199999999972315      -0.12323062888775420     
  -1.6999999999972246       -9.9144261951097670E-002
  -1.6799999999972177       -7.3699463323720224E-002
  -1.6599999999972108       -4.7257236043723491E-002
  -1.6399999999972039       -2.0195274808160347E-002
  -1.6199999999971970        7.0971807089471794E-003
  -1.5999999999971901        3.4224726380343587E-002
  -1.5799999999971832        6.0791338782626367E-002
  -1.5599999999971763        8.6406012614644798E-002
  -1.5399999999971694       0.11068841569234354     
  -1.5199999999971625       0.13327448537873832     
  -1.4999999999971556       0.15382188970380328     
  -1.4799999999971487       0.17201527666738839     
  -1.4599999999971418       0.18757123628507372     
  -1.4399999999971349       0.20024290181780610     
  -1.4199999999971280       0.20982411930905873     
  -1.3999999999971211       0.21615311803013804     
  -1.3799999999971142       0.21911561870282226     
  -1.3599999999971073       0.21864732143259574     
  -1.3399999999971004       0.21473572115498188     
  -1.3199999999970935       0.20742120508574227     
  -1.2999999999970866       0.19679739418865677     
  -1.2799999999970797       0.18301069904606440     
  -1.2599999999970728       0.16625906974505203     
  -1.2399999999970659       0.14678992947254305     
  -1.2199999999970590       0.12489729242527382     
  -1.1999999999970521       0.10091807834296158     
  -1.1799999999970452        7.5227648394169899E-002
  -1.1599999999970383        4.8234600180767848E-002
  -1.1399999999970314        2.0374873137752915E-002
  -1.1199999999970245       -7.8947705901329830E-003
  -1.0999999999970176       -3.6103810837128790E-002
  -1.0799999999970107       -6.3775487027271122E-002
  -1.0599999999970038       -9.0434662870997398E-002
  -1.0399999999969969      -0.11561591994547946     
  -1.0199999999969900      -0.13887175078016623     
 -0.99999999999698319      -0.15978071246179970     
 -0.97999999999697640      -0.17795539412228042     
 -0.95999999999696961      -0.19305004635975787     
 -0.93999999999696282      -0.20476771803029262     
 -0.91999999999695603      -0.21286674626213545     
 -0.89999999999694924      -0.21716644926531695     
 -0.87999999999694245      -0.21755187874958029     
 -0.85999999999693566      -0.21397749965877660     
 -0.83999999999692887      -0.20646967952357717     
 -0.81999999999692208      -0.19512788796876057     
 -0.79999999999691529      -0.18012452861901301     
 -0.77999999999690850      -0.16170335054651411     
 -0.75999999999690171      -0.14017641409796119     
 -0.73999999999689492      -0.11591961591948791     
 -0.71999999999688813       -8.9366809651725207E-002
 -0.69999999999688134       -6.1002591387071883E-002
 -0.67999999999687455       -3.1353851782097208E-002
 -0.65999999999686776       -9.8022885580085215E-004
 -0.63999999999686097        2.9536373901408546E-002
 -0.61999999999685418        5.9603011324895379E-002
 -0.59999999999684739        8.8627444650339962E-002
 -0.57999999999684060       0.11603017553683907     
 -0.55999999999683381       0.14125651191666749     
 -0.53999999999682702       0.16378840132547179     
 -0.51999999999682023       0.18315576324792737     
 -0.49999999999681344       0.19894705438968499     
 -0.47999999999680665       0.21081880987865390     
 -0.45999999999679986       0.21850391924750476     
 -0.43999999999679307       0.22181841850389603     
 -0.41999999999678628       0.22066660830979629     
 -0.39999999999677949       0.21504434272870415     
 -0.37999999999677270       0.20504037243850837     
 -0.35999999999676591       0.19083566985875719     
 -0.33999999999675912       0.17270071026731723     
 -0.31999999999675233       0.15099073152477641     
 -0.29999999999674554       0.12613904423733824     
 -0.27999999999673875        9.8648512766957172E-002
 -0.25999999999673196        6.9081374119972561E-002
 -0.23999999999672514        3.8047605112895122E-002
 -0.21999999999671832        6.1920870876742600E-003
 -0.19999999999671150       -2.5819149310389609E-002
 -0.17999999999670468       -5.7313290174254461E-002
 -0.15999999999669787       -8.7625386944721634E-002
 -0.13999999999669105      -0.11611294831185154     
 -0.11999999999668425      -0.14217013363562261     
  -9.9999999996677441E-002 -0.16524121232895231     
  -7.9999999996670637E-002 -0.18483296851409847     
  -5.9999999996663833E-002 -0.20052575347827162     
  -3.9999999996657029E-002 -0.21198291947170816     
  -1.9999999996650222E-002 -0.21895840644176856     
   3.3565858426065631E-012 -0.22130229740582941     
   2.0000000003363393E-002 -0.21896420718263038     
   4.0000000003370201E-002 -0.21199442183128545     
   6.0000000003377005E-002 -0.20054276098792795     
   8.0000000003383809E-002 -0.18485519087539809     
  0.10000000000339061      -0.16526827060292235     
  0.12000000000339742      -0.14220156700379807     
  0.14000000000340423      -0.11614822227824295     
  0.16000000000341105       -8.7663902820643069E-002
  0.18000000000341787       -5.7354395664233962E-002
  0.20000000000342469       -2.5862149997607345E-002
  0.22000000000343151        6.1479155734205258E-003
  0.24000000000343832        3.8003004472534449E-002
  0.26000000000344514        6.9037090541736498E-002
  0.28000000000345193        9.8605284097392012E-002
  0.30000000000345872       0.12609758739852270     
  0.32000000000346551       0.15095173040153839     
  0.34000000000347230       0.17266480427601494     
  0.36000000000347909       0.19080344339308491     
  0.38000000000348588       0.20501234536824170     
  0.40000000000349267       0.21502096210484664     
  0.42000000000349946       0.22064824140475942     
  0.44000000000350625       0.22180534728873938     
  0.46000000000351304       0.21849633638046406     
  0.48000000000351983       0.21081681625080448     
  0.50000000000352662       0.19895065824518182     
  0.52000000000353341       0.18316488086838595     
  0.54000000000354020       0.16380285924121463     
  0.56000000000354699       0.14127605058220347     
  0.58000000000355378       0.11605445438448146     
  0.60000000000356057        8.8656048414609639E-002
  0.62000000000356736        5.9635457511613074E-002
  0.64000000000357415        2.9572121259329450E-002
  0.66000000000358094       -9.4177101615415548E-004
  0.68000000000358773       -3.1313313587997597E-002
  0.70000000000359452       -6.0960631894425424E-002
  0.72000000000360131       -8.9324106004381634E-002
  0.74000000000360810      -0.11587685235564477     
  0.76000000000361490      -0.14013427098090842     
  0.78000000000362169      -0.16166249359292287     
  0.80000000000362848      -0.18008559849141115     
  0.82000000000363527      -0.19509149038996515     
  0.84000000000364206      -0.20643637605983142     
  0.86000000000364885      -0.21394779930541880     
  0.88000000000365564      -0.21752623043844885     
  0.90000000000366243      -0.21714523539703162     
  0.92000000000366922      -0.21285027734911111     
  0.94000000000367601      -0.20475622851811495     
  0.96000000000368280      -0.19304369167560811     
  0.98000000000368959      -0.17795424897974133     
   1.0000000000036964      -0.15978477043183098     
   1.0200000000037033      -0.13888092511861627     
   1.0400000000037102      -0.11563004564844340     
   1.0600000000037171       -9.0453499910925036E-002
   1.0800000000037240       -6.3798724705236759E-002
   1.1000000000037309       -3.6131073170345779E-002
   1.1200000000037378       -7.9256226388919361E-003
   1.1400000000037447        2.0340918112817647E-002
   1.1600000000037516        4.8198072851585914E-002
   1.1800000000037585        7.5189114918220334E-002
   1.2000000000037654       0.10087813147344030     
   1.2200000000037723       0.12485654232049077     
   1.2400000000037792       0.14674899434915800     
   1.2600000000037861       0.16621856651995881     
   1.2800000000037930       0.18297123410956445     
   1.3000000000037999       0.19675955444709525     
   1.3200000000038068       0.20738554940513748     
   1.3400000000038137       0.21470277232850132     
   1.3600000000038206       0.21861755878422517     
   1.3800000000038275       0.21908947142746199     
   1.4000000000038344       0.21613095935691942     
   1.4200000000038413       0.20980626156016172     
   1.4400000000038482       0.20022959241979735     
   1.4600000000038551       0.18756265477406966     
   1.4800000000038620       0.17201153271347808     
   1.5000000000038689       0.15382302216444285     
   1.5200000000038758       0.13328046237551955     
   1.5400000000038827       0.11069913569090413     
   1.5600000000038896        8.6421306473733459E-002
   1.5800000000038965        6.0810972725662653E-002
   1.6000000000039034        3.4248405831352594E-002
   1.6200000000039103        7.1245549246318606E-003
   1.6400000000039172       -2.0164607387191287E-002
   1.6600000000039241       -4.7223721806841104E-002
   1.6800000000039310       -7.3663586959426167E-002
   1.7000000000039379       -9.9106539466076921E-002
   1.7200000000039448      -0.12319160027360584     
   1.7400000000039517      -0.14557932203056037     
   1.7600000000039586      -0.16595627709737848     
   1.7800000000039655      -0.18403913133033326     
   1.8000000000039724      -0.19957825502219531     
   1.8200000000039793      -0.21236082923760724     
   1.8400000000039862      -0.22221341315326373     
   1.8600000000039931      -0.22900394579383371     
   1.8800000000040000      -0.23264316362447723     
   1.9000000000040069      -0.23308542369190674     
   1.9200000000040138      -0.23032893026525414     
   1.9400000000040207      -0.22441537108136506     
   1.9600000000040276      -0.21542897721475723     
   1.9800000000040345      -0.20349502814475892     
   2.0000000000040412      -0.18877783066532772     
   2.0200000000040479      -0.17147820677343734     
   2.0400000000040546      -0.15183053149174264     
   2.0600000000040612      -0.13009936665964081     
   2.0800000000040679      -0.10657574101148869     
   2.1000000000040746       -8.1573130318190065E-002
   2.1200000000040813       -5.5423193983938066E-002
   2.1400000000040880       -2.8471326266736794E-002
   2.1600000000040946       -1.0720812489118880E-003
   2.1800000000041013        2.6415469144109752E-002
   2.2000000000041080        5.3632385346345547E-002
   2.2200000000041147        8.0224461097818098E-002
   2.2400000000041214       0.10584671953511093     
   2.2600000000041280       0.13016775126284474     
   2.2800000000041347       0.15287384417418670     
   2.3000000000041414       0.17367285814992636     
   2.3200000000041481       0.19229780149677778     
   2.3400000000041548       0.20851007003069758     
   2.3600000000041614       0.22210231402029657     
   2.3800000000041681       0.23290090273526806     
   2.4000000000041748       0.24076796105769643     
   2.4200000000041815       0.24560295747814961     
   2.4400000000041882       0.24734382778607755     
   2.4600000000041948       0.24596762385081611     
   2.4800000000042015       0.24149068205237106     
   2.5000000000042082       0.23396831113685965     
   2.5200000000042149       0.22349400451471685     
   2.5400000000042215       0.21019818726154563     
   2.5600000000042282       0.19424651328793566     
   2.5800000000042349       0.17583773327579208     
   2.6000000000042416       0.15520115898819897     
   2.6200000000042483       0.13259375439447962     
   2.6400000000042549       0.10829688865240224     
   2.6600000000042616        8.2612790290598634E-002
   2.6800000000042683        5.5860745867405859E-002
   2.7000000000042750        2.8373089876482623E-002
   2.7200000000042817        4.9103565378834097E-004
   2.7400000000042883       -2.7439600553663023E-002
   2.7600000000042950       -5.5072728432811739E-002
   2.7800000000043017       -8.2066310372310047E-002
   2.8000000000043084      -0.10808663083838033     
   2.8200000000043151      -0.13281245349637721     
   2.8400000000043217      -0.15593901246218106     
   2.8600000000043284      -0.17718178611076524     
   2.8800000000043351      -0.19628000469451271     
   2.9000000000043418      -0.21299984659899188     
   2.9200000000043485      -0.22713728233949310     
   2.9400000000043551      -0.23852053031177464     
   2.9600000000043618      -0.24701209377410710     
   2.9800000000043685      -0.25251035446065700     
   3.0000000000043752      -0.25495070450359486     
   3.0200000000043818      -0.25430620486013944     
   3.0400000000043885      -0.25058776508332997     
   3.0600000000043952      -0.24384384592234856     
   3.0800000000044019      -0.23415969277184148     
   3.1000000000044086      -0.22165611429714038     
   3.1200000000044152      -0.20648782653819564     
   3.1400000000044219      -0.18884138834470088     
   3.1600000000044286      -0.16893275903592911     
   3.1800000000044353      -0.14700451364315162     
   3.2000000000044420      -0.12332275492756430     
   3.2200000000044486       -9.8173764535586280E-002
   3.2400000000044553       -7.1860438135552734E-002
   3.2600000000044620       -4.4698551169851192E-002
   3.2800000000044687       -1.7012902963420409E-002
   3.3000000000044754        1.0866612624763123E-002
   3.3200000000044820        3.8608962003146154E-002
   3.3400000000044887        6.5885904866844813E-002
   3.3600000000044954        9.2375859506105412E-002
   3.3800000000045021       0.11776765626664004     
   3.4000000000045087       0.14176413724502474     
   3.4200000000045154       0.16408556289667175     
   3.4400000000045221       0.18447278914811541     
   3.4600000000045288       0.20269018178864781     
   3.4800000000045355       0.21852823832212032     
   3.5000000000045421       0.23180589104623286     
   3.5200000000045488       0.24237246885744210     
   3.5400000000045555       0.25010929912323160     
   3.5600000000045622       0.25493093489328267     
   3.5800000000045689       0.25678599671410174     
   3.6000000000045755       0.25565762234795042     
   3.6200000000045822       0.25156352175811614     
   3.6400000000045889       0.24455563879072656     
   3.6600000000045956       0.23471942503958657     
   3.6800000000046023       0.22217273540404164     
   3.7000000000046089       0.20706435881666566     
   3.7200000000046156       0.18957220149982379     
   3.7400000000046223       0.16990114387576469     
   3.7600000000046290       0.14828059586727041     
   3.7800000000046357       0.12496177874422168     
   3.8000000000046423       0.10021476485128555     
   3.8200000000046490        7.4325309446114818E-002
   3.8400000000046557        4.7591511437303148E-002
   3.8600000000046624        2.0320341988217843E-002
   3.8800000000046690       -7.1759183002461768E-003
   3.9000000000046757       -3.4583291641471066E-002
   3.9200000000046824       -6.1589722001115843E-002
   3.9400000000046891       -8.7888657753850352E-002
   3.9600000000046958      -0.11318255543750172     
   3.9800000000047024      -0.13718626290695027     
   4.0000000000047091      -0.15963024169259549     
   4.0200000000047158      -0.18026359043870510     
   4.0400000000047225      -0.19885683391259196     
   4.0600000000047292      -0.21520444520114962     
   4.0800000000047358      -0.22912707230009713     
   4.1000000000047425      -0.24047344429582407     
   4.1200000000047492      -0.24912193667319910     
   4.1400000000047559      -0.25498177988046694     
   4.1600000000047626      -0.25799390006421874     
   4.1800000000047692      -0.25813138576935585     
   4.2000000000047759      -0.25539957929586804     
   4.2200000000047826      -0.24983579623181487     
   4.2400000000047893      -0.24150868135925049     
   4.2600000000047960      -0.23051721358133007     
   4.2800000000048026      -0.21698937667625173     
   4.3000000000048093      -0.20108051648759270     
   4.3200000000048160      -0.18297140856176075     
   4.3400000000048227      -0.16286606320353877     
   4.3600000000048293      -0.14098929741334390     
   4.3800000000048360      -0.11758410517976284     
   4.4000000000048427       -9.2908859124281373E-002
   4.4200000000048494       -6.7234377538510137E-002
   4.4400000000048561       -4.0840891433676897E-002
   4.4600000000048627       -1.4014946361939711E-002
   4.4800000000048694        1.2953726500113961E-002
   4.5000000000048761        3.9775336157792072E-002
   4.5200000000048828        6.6163121623171270E-002
   4.5400000000048895        9.1836374157818604E-002
   4.5600000000048961       0.11652336185679374     
   4.5800000000049028       0.13996412823620266     
   4.6000000000049095       0.16191313840404670     
   4.6200000000049162       0.18214174845777992     
   4.6400000000049229       0.20044047593382339     
   4.6600000000049295       0.21662105141077637     
   4.6800000000049362       0.23051823372058458     
   4.7000000000049429       0.24199137363605103     
   4.7200000000049496       0.25092571336846187     
   4.7400000000049562       0.25723341171832159     
   4.7600000000049629       0.26085428727013310     
   4.7800000000049696       0.26175627460475365     
   4.8000000000049763       0.25993559111601150     
   4.8200000000049830       0.25541661465690990     
   4.8400000000049896       0.24825147489759225     
   4.8600000000049963       0.23851936394215514     
   4.8800000000050030       0.22632557441052206     
   4.9000000000050097       0.21180027582704863     
   4.9200000000050164       0.19509704274714726     
   4.9400000000050230       0.17639115057058738     
   4.9600000000050297       0.15587765740516726     
   4.9800000000050364       0.13376929262371204     
   5.0000000000050431       0.11029417486527129     
   5.0200000000050498        8.5693384131054387E-002
   5.0400000000050564        6.0218414280213323E-002
   5.0600000000050631        3.4128533604612661E-002
   5.0800000000050698        7.6880822224156447E-003
   5.1000000000050765       -1.8836264250898040E-002
   5.1200000000050832       -4.5178234941940364E-002
   5.1400000000050898       -7.1074678085514015E-002
   5.1600000000050965       -9.6268220153422873E-002
   5.1800000000051032      -0.12050984119430000     
   5.2000000000051099      -0.14356133903027357     
   5.2200000000051165      -0.16519765652315224     
   5.2400000000051232      -0.18520904803459270     
   5.2600000000051299      -0.20340306342922454     
   5.2800000000051366      -0.21960633046748165     
   5.3000000000051433      -0.23366611916053459     
   5.3200000000051499      -0.24545167456290601     
   5.3400000000051566      -0.25485530750558638     
   5.3600000000051633      -0.26179323586818687     
   5.3800000000051700      -0.26620617209749398     
   5.4000000000051767      -0.26805965574728008     
   5.4200000000051833      -0.26734413278936053     
   5.4400000000051900      -0.26407478628144299     
   5.4600000000051967      -0.25829112563208423     
   5.4800000000052034      -0.25005634414179884     
   5.5000000000052101      -0.23945645669457957     
   5.5200000000052167      -0.22659923140532007     
   5.5400000000052234      -0.21161293068380296     
   5.5600000000052301      -0.19464487855002954     
   5.5800000000052368      -0.17585987213133311     
   5.6000000000052435      -0.15543845609779453     
   5.6200000000052501      -0.13357507936359861     
   5.6400000000052568      -0.11047615371732483     
   5.6600000000052635       -8.6358034166240757E-002
   5.6800000000052702       -6.1444940713330988E-002
   5.7000000000052768       -3.5966841056541285E-002
   5.7200000000052835       -1.0157313333067890E-002
   5.7400000000052902        1.5748592448718884E-002
   5.7600000000052969        4.1516476219087786E-002
   5.7800000000053036        6.6914675473343260E-002
   5.8000000000053102        9.1716301993457830E-002
   5.8200000000053169       0.11570121169526305     
   5.8400000000053236       0.13865789242404292     
   5.8600000000053303       0.16038525535235515     
   5.8800000000053370       0.18069431650389467     
   5.9000000000053436       0.19940975584061929     
   5.9200000000053503       0.21637134231300822     
   5.9400000000053570       0.23143521429359459     
   5.9600000000053637       0.24447500589965232     
   5.9800000000053704       0.25538281087068987     
   6.0000000000053770       0.26406997690641759     
   6.0200000000053837       0.27046772469602343     
   6.0400000000053904       0.27452758728109744     
   6.0600000000053971       0.27622166689056793     
   6.0800000000054037       0.27554270796015662     
   6.1000000000054104       0.27250398669090714     
   6.1200000000054171       0.26713901919626643     
   6.1400000000054238       0.25950109201621457     
   6.1600000000054305       0.24966262051714808     
   6.1800000000054371       0.23771434242184081     
   6.2000000000054438       0.22376435539631775     
   6.2200000000054505       0.20793700923018765     
   6.2400000000054572       0.19037166465328947     
   6.2600000000054639       0.17122133220474484     
   6.2800000000054705       0.15065120578225832     
   6.3000000000054772       0.12883710652428754     
   6.3200000000054839       0.10596385349346997     
   6.3400000000054906        8.2223578218952764E-002
   6.3600000000054973        5.7814000505678829E-002
   6.3800000000055039        3.2936683023490641E-002
   6.4000000000055106        7.7952820475085767E-003
   6.4200000000055173       -1.7406188661204240E-002
   6.4400000000055240       -4.2465064457694136E-002
   6.4600000000055307       -6.7181691345915687E-002
   6.4800000000055373       -9.1361027906206801E-002
   6.5000000000055440      -0.11481417426233737     
   6.5200000000055507      -0.13735981604927056     
   6.5400000000055574      -0.15882557276255485     
   6.5600000000055640      -0.17904924136031325     
   6.5800000000055707      -0.19787992751545583     
   6.6000000000055774      -0.21517905844673518     
   6.6200000000055841      -0.23082127276137832     
   6.6400000000055908      -0.24469518419188932     
   6.6600000000055974      -0.25670401748036237     
   6.6800000000056041      -0.26676611593585814     
   6.7000000000056108      -0.27481532134818781     
   6.7200000000056175      -0.28080122797520823     
   6.7400000000056242      -0.28468931322460966     
   6.7600000000056308      -0.28646094842552727     
   6.7800000000056375      -0.28611329373394984     
   6.8000000000056442      -0.28365908174768617     
   6.8200000000056509      -0.27912629483319845     
   6.8400000000056576      -0.27255774150265294     
   6.8600000000056642      -0.26401053744136510     
   6.8800000000056709      -0.25355549699091151     
   6.9000000000056776      -0.24127644105864443     
   6.9200000000056843      -0.22726942756703239     
   6.9400000000056909      -0.21164191069065943     
   6.9600000000056976      -0.19451183526764459     
   6.9800000000057043      -0.17600667292510569     
   7.0000000000057110      -0.15626240663138299     
   7.0200000000057177      -0.13542247058369913     
   7.0400000000057243      -0.11363665255769144     
   7.0600000000057310       -9.1059966080245996E-002
   7.0800000000057377       -6.7851500031247125E-002
   7.1000000000057444       -4.4173253522575666E-002
   7.1200000000057511       -2.0188964130548697E-002
   7.1400000000057577        3.9370622435752197E-003
   7.1600000000057644        2.8041111457439542E-002
   7.1800000000057711        5.1961202636317566E-002
   7.2000000000057778        7.5538202571984014E-002
   7.2200000000057845        9.8616904551774812E-002
   7.2400000000057911       0.12104706333472515     
   7.2600000000057978       0.14268437827894453     
   7.2800000000058045       0.16339141702807244     
   7.3000000000058112       0.18303847268599338     
   7.3200000000058179       0.20150434804639855     
   7.3400000000058245       0.21867706119050045     
   7.3600000000058312       0.23445446761272862     
   7.3800000000058379       0.24874479496627780     
   7.4000000000058446       0.26146708752141901     
   7.4200000000058512       0.27255155847937890     
   7.4400000000058579       0.28193984936192779     
   7.4600000000058646       0.28958519677809247     
   7.4800000000058713       0.29545250793143524     
   7.5000000000058780       0.29951834725011378     
   7.5200000000058846       0.30177083747591343     
   7.5400000000058913       0.30220947941644000     
   7.5600000000058980       0.30084489532944408     
   7.5800000000059047       0.29769850155460637     
   7.6000000000059114       0.29280211652546806     
   7.6200000000059180       0.28619751067496801     
   7.6400000000059247       0.27793590498998944     
   7.6600000000059314       0.26807742507426569     
   7.6800000000059381       0.25669051755095190     
   7.7000000000059448       0.24385133548520241     
   7.7200000000059514       0.22964309924631734     
   7.7400000000059581       0.21415543887406657     
   7.7600000000059648       0.19748372358299937     
   7.7800000000059715       0.17972838355140264     
   7.8000000000059782       0.16099422861893967     
   7.8200000000059848       0.14138976797933811     
   7.8400000000059915       0.12102653442200122     
   7.8600000000059982       0.10001841616759025     
   7.8800000000060049        7.8480998874038199E-002
   7.9000000000060115        5.6530919975169541E-002
   7.9200000000060182        3.4285237164743410E-002
   7.9400000000060249        1.1860812562081588E-002
   7.9600000000060316       -1.0626286104990640E-002
   7.9800000000060383       -3.3061366087825381E-002
   8.0000000000060449       -5.5331670813760989E-002
   8.0200000000060516       -7.7326920514349612E-002
   8.0400000000060583       -9.8939831034354248E-002
   8.0600000000060650      -0.12006660945287198     
   8.0800000000060717      -0.14060742499949352     
   8.1000000000060783      -0.16046685358440180     
   8.1200000000060850      -0.17955429409834484     
   8.1400000000060917      -0.19778435449196222     
   8.1600000000060984      -0.21507720552989115     
   8.1800000000061051      -0.23135890004678997     
   8.2000000000061117      -0.24656165552248555     
   8.2200000000061184      -0.26062409785091911     
   8.2400000000061251      -0.27349146430957000     
   8.2600000000061318      -0.28511576394583321     
   8.2800000000061384      -0.29545589388498278     
   8.3000000000061451      -0.30447771042746746     
   8.3200000000061518      -0.31215405423541737     
   8.3400000000061585      -0.31846472939970077     
   8.3600000000061652      -0.32339643671791407     
   8.3800000000061718      -0.32694266208570166     
   8.4000000000061785      -0.32910352149316302     
   8.4200000000061852      -0.32988556470711267     
   8.4400000000061919      -0.32930154029142084     
   8.4600000000061986      -0.32737012515350083     
   8.4800000000062052      -0.32411562228889268     
   8.5000000000062119      -0.31956763081186079     
   8.5200000000062186      -0.31376069269507245     
   8.5400000000062253      -0.30673392088415385     
   8.5600000000062320      -0.29853061359557309     
   8.5800000000062386      -0.28919785964340927     
   8.6000000000062453      -0.27878613957088066     
   8.6200000000062520      -0.26734892718740350     
   8.6400000000062587      -0.25494229583689859     
   8.6600000000062654      -0.24162453335613343     
   8.6800000000062720      -0.22745576923460192     
   8.7000000000062787      -0.21249761697340058     
   8.7200000000062854      -0.19681283407583919     
   8.7400000000062921      -0.18046500150452346     
   8.7600000000062987      -0.16351822382677741     
   8.7800000000063054      -0.14603685066131677     
   8.8000000000063121      -0.12808521945253223     
   8.8200000000063188      -0.10972741905212752     
   8.8400000000063255       -9.1027073097353681E-002
   8.8600000000063321       -7.2047141754700103E-002
   8.8800000000063388       -5.2849740059368863E-002
   8.9000000000063455       -3.3495970832871237E-002
   8.9200000000063522       -1.4045770009498250E-002
   8.9400000000063589        5.4422378505630791E-003
   8.9600000000063655        2.4910876038666090E-002
   8.9800000000063722        4.4304546204340774E-002
   9.0000000000063789        6.3569354704657924E-002
   9.0200000000063856        8.2653236308551592E-002
   9.0400000000063923       0.10150607640317373     
   9.0600000000063989       0.12007983243528862     
   9.0800000000064056       0.13832865487352275     
   9.1000000000064123       0.15620900751463848     
   9.1200000000064190       0.17367978649596422     
   9.1400000000064257       0.19070243693470101     
   9.1600000000064323       0.20724106570916945     
   9.1800000000064390       0.22326254854320254     
   9.2000000000064457       0.23873662926589365     
   9.2200000000064524       0.25363600890678428     
   9.2400000000064590       0.26793642215971203     
   9.2600000000064657       0.28161669871339873     
   9.2800000000064724       0.29465880700605046     
   9.3000000000064791       0.30704787811502299     
   9.3200000000064858       0.31877220773742376     
   9.3400000000064924       0.32982323454754336     
   9.3600000000064991       0.34019549362288498     
   9.3800000000065058       0.34988654410130421     
   9.4000000000065125       0.35889687075333410     
   9.4200000000065192       0.36722975971147492     
   9.4400000000065258       0.37489114917503535     
   9.4600000000065325       0.38188945648864558     
   9.4800000000065392       0.38823538355667808     
   9.5000000000065459       0.39394170308855297     
   9.5200000000065526       0.39902302865436379     
   9.5400000000065592       0.40349557195250552     
   9.5600000000065659       0.40737689103760888     
   9.5800000000065726       0.41068563351780707     
   9.6000000000065793       0.41344127889653648     
   9.6200000000065859       0.41566388430075313     
   9.6400000000065926       0.41737383780111931     
   9.6600000000065993       0.41859162339171879     
   9.6800000000066060       0.41933760145905646     
   9.7000000000066127       0.41963180823953983     
   9.7200000000066193       0.41949377734882548     
   9.7400000000066260       0.41894238597680833     
   9.7600000000066327       0.41799572779079741     
   9.7800000000066394       0.41667101399154005     
   9.8000000000066461       0.41498450333696357     
   9.8200000000066527       0.41295146130396165     
   9.8400000000066594       0.41058614791493997     
   9.8600000000066661       0.40790183313025169     
   9.8800000000066728       0.40491083811503742     
   9.9000000000066795       0.40162460014490597     
   9.9200000000066861       0.39805375843144714     
   9.9400000000066928       0.39420825773825019     
   9.9600000000066995       0.39009746632929515     
   9.9800000000067062       0.38573030455209756     
