  0.10000000149011612        6.1584246509334778E-002
  0.10290000148862816        5.8902460226590798E-002
  0.10580000148714019        5.5104534398769486E-002
  0.10870000148565223        5.0124136006509057E-002
  0.11160000148416427        4.3898854804563819E-002
  0.11450000148267631        3.6370725025179303E-002
  0.11740000148118834        2.7486723209374564E-002
  0.12030000147970038        1.7199237649779989E-002
  0.12320000147821242        5.4665051632712281E-003
  0.12610000147672445       -7.7469888087192346E-003
  0.12900000147523649       -2.2470150453151282E-002
  0.13190000147374853       -3.8724961513812661E-002
  0.13480000147226057       -5.6526209825726141E-002
  0.13770000147077260       -7.5881268966101784E-002
  0.14060000146928464       -9.6789929089484680E-002
  0.14350000146779668      -0.11924428055422009     
  0.14640000146630872      -0.14322865147469246     
  0.14930000146482075      -0.16871959985456900     
  0.15220000146333279      -0.19568596047593328     
  0.15510000146184483      -0.22408894624311024     
  0.15800000146035686      -0.25388230321323246     
  0.16090000145886890      -0.28501251809302036     
  0.16380000145738094      -0.31741907654728047     
  0.16670000145589298      -0.35103477025329655     
  0.16960000145440501      -0.38578605025009904     
  0.17250000145291705      -0.42159342377565273     
  0.17540000145142909      -0.45837189146073687     
  0.17830000144994113      -0.49603142145766377     
  0.18120000144845316      -0.53447745682642323     
  0.18410000144696520      -0.57361145228115917     
  0.18700000144547724      -0.61333143621646002     
  0.18990000144398927      -0.65353259378564899     
  0.19280000144250131      -0.69410786669144686     
  0.19570000144101335      -0.73494856527219699     
  0.19860000143952539      -0.77594498842291670     
  0.20150000143803742      -0.81698704687822643     
  0.20440000143654946      -0.85796488540199456     
  0.20730000143506150      -0.89876949947442208     
  0.21020000143357354      -0.93929334213927496     
  0.21310000143208557      -0.97943091677022676     
  0.21600000143059761       -1.0190793516337642     
  0.21890000142910965       -1.0581389522652300     
  0.22180000142762168       -1.0965137278325505     
  0.22470000142613372       -1.1341118878377496     
  0.22760000142464576       -1.1708463056982441     
  0.23050000142315780       -1.2066349459571681     
  0.23340000142166983       -1.2414012520939641     
  0.23630000142018187       -1.2750744921426946     
  0.23920000141869391       -1.3075900595757106     
  0.24210000141720595       -1.3388897271744840     
  0.24500000141571798       -1.3689218518876012     
  0.24790000141423002       -1.3976415289683017     
  0.25080000141274206       -1.4250106939908851     
  0.25370000141125409       -1.4509981716668654     
  0.25660000140976613       -1.4755796707181728     
  0.25950000140827817       -1.4987377244159390     
  0.26240000140679021       -1.5204615767591287     
  0.26530000140530224       -1.5407470146471511     
  0.26820000140381428       -1.5595961467934283     
  0.27110000140232632       -1.5770171305317724     
  0.27400000140083836       -1.5930238480822179     
  0.27690000139935039       -1.6076355342658142     
  0.27980000139786243       -1.6208763580857217     
  0.28270000139637447       -1.6327749610218514     
  0.28560000139488650       -1.6433639553142578     
  0.28850000139339854       -1.6526793859324229     
  0.29140000139191058       -1.6607601603387689     
  0.29430000139042262       -1.6676474505501160     
  0.29720000138893465       -1.6733840723749869     
  0.30010000138744669       -1.6780138470520372     
  0.30300000138595873       -1.6815809508297235     
  0.30590000138447077       -1.6841292583036733     
  0.30880000138298280       -1.6857016855606726     
  0.31170000138149484       -1.6863395393608125     
  0.31460000138000688       -1.6860818787173579     
  0.31750000137851891       -1.6849648953023022     
  0.32040000137703095       -1.6830213191103103     
  0.32330000137554299       -1.6802798557513687     
  0.32620000137405503       -1.6767646616102712     
  0.32910000137256706       -1.6724948629072709     
  0.33200000137107910       -1.6674841244181735     
  0.33490000136959114       -1.6617402732639395     
  0.33780000136810318       -1.6552649827610100     
  0.34070000136661521       -1.6480535208365168     
  0.34360000136512725       -1.6400945669608975     
  0.34650000136363929       -1.6313701009389894     
  0.34940000136215132       -1.6218553662352526     
  0.35230000136066336       -1.6115189097961198     
  0.35520000135917540       -1.6003226995804876     
  0.35810000135768744       -1.5882223202265129     
  0.36100000135619947       -1.5751672464784969     
  0.36390000135471151       -1.5611011931815721     
  0.36680000135322355       -1.5459625398343466     
  0.36970000135173559       -1.5296848268811434     
  0.37260000135024762       -1.5121973201364671     
  0.37550000134875966       -1.4934256389752980     
  0.37840000134727170       -1.4732924432038303     
  0.38130000134578373       -1.4517181728560220     
  0.38420000134429577       -1.4286218345507717     
  0.38710000134280781       -1.4039218275008931     
  0.39000000134131985       -1.3775368017955669     
  0.39290000133983188       -1.3493865411888395     
  0.39580000133834392       -1.3193928623229261     
  0.39870000133685596       -1.2874805221004140     
  0.40160000133536800       -1.2535781247962883     
  0.40450000133388003       -1.2176190204700781     
  0.40740000133239207       -1.1795421863002002     
  0.41030000133090411       -1.1392930826148235     
  0.41320000132941614       -1.0968244756336787     
  0.41610000132792818       -1.0520972192587452     
  0.41900000132644022       -1.0050809886534631     
  0.42190000132495226      -0.95575495882369943     
  0.42480000132346429      -0.90410842195182506     
  0.42770000132197633      -0.85014133782998480     
  0.43060000132048837      -0.79386481238136763     
  0.43350000131900041      -0.73530149993995775     
  0.43640000131751244      -0.67448592567068921     
  0.43930000131602448      -0.61146472524364692     
  0.44220000131453652      -0.54629679961885402     
  0.44510000131304855      -0.47905338354313171     
  0.44800000131156059      -0.40981802709895715     
  0.45090000131007268      -0.33868649036912701     
  0.45380000130858472      -0.26576655198289750     
  0.45670000130709676      -0.19117773298254317     
  0.45960000130560880      -0.11505093808810520     
  0.46250000130412083       -3.7528017037606907E-002
  0.46540000130263287        4.1238750763733151E-002
  0.46830000130114491       0.12108724454182571     
  0.47120000129965700       0.20184615919450735     
  0.47410000129816904       0.28333572645768651     
  0.47700000129668108       0.36536849521749376     
  0.47990000129519311       0.44775016567626336     
  0.48280000129370515       0.53028047181558335     
  0.48570000129221719       0.61275410638155925     
  0.48860000129072922       0.69496168244365875     
  0.49150000128924126       0.77669072544642082     
  0.49440000128775330       0.85772668958021336     
  0.49730000128626534       0.93785399224006649     
  0.50020000128477737        1.0168570603176077     
  0.50310000128328947        1.0945213820773676     
  0.50600000128180145        1.1706345584027125     
  0.50890000128031354        1.2449873472559778     
  0.51180000127882552        1.3173746952802190     
  0.51470000127733762        1.3875967505747346     
  0.51760000127584971        1.4554598508021301     
  0.52050000127436169        1.5207774809305650     
  0.52340000127287378        1.5833711950807987     
  0.52630000127138576        1.6430714971340159     
  0.52920000126989786        1.6997186749637703     
  0.53210000126840984        1.7531635833848280     
  0.53500000126692193        1.8032683711642925     
  0.53790000126543402        1.8499071477176594     
  0.54080000126394601        1.8929665854157349     
  0.54370000126245810        1.9323464537590225     
  0.54660000126097008        1.9679600820354708     
  0.54950000125948217        1.9997347474662626     
  0.55240000125799416        2.0276119862631825     
  0.55530000125650625        2.0515478254700308     
  0.55820000125501823        2.0715129339390215     
  0.56110000125353032        2.0874926912999445     
  0.56400000125204230        2.0994871743131474     
  0.56690000125055440        2.1075110605544314     
  0.56980000124906649        2.1115934499573115     
  0.57270000124757847        2.1117776053315387     
  0.57560000124609045        2.1081206135812751     
  0.57850000124460255        2.1006929699562940     
  0.58140000124311464        2.0895780882784223     
  0.58430000124162662        2.0748717406866293     
  0.58720000124013860        2.0566814310299777     
  0.59010000123865070        2.0351257066006991     
  0.59300000123716279        2.0103334134319235     
  0.59590000123567477        1.9824429008783959     
  0.59880000123418675        1.9516011816458596     
  0.60170000123269884        1.9179630538286743     
  0.60460000123121094        1.8816901918482436     
  0.60750000122972292        1.8429502134510767     
  0.61040000122823490        1.8019157301190203     
  0.61330000122674699        1.7587633883608706     
  0.61620000122525909        1.7136729093907948     
  0.61910000122377107        1.6668261346521760     
  0.62200000122228305        1.6184060845148927     
  0.62490000122079514        1.5685960372595782     
  0.62780000121930724        1.5175786351658991     
  0.63070000121781922        1.4655350241462455     
  0.63360000121633120        1.4126440329158030     
  0.63650000121484329        1.3590813971702762     
  0.63940000121335538        1.3050190336607499     
  0.64230000121186737        1.2506243684188445     
  0.64520000121037935        1.1960597227038816     
  0.64810000120889144        1.1414817595267661     
  0.65100000120740353        1.0870409928633351     
  0.65390000120591552        1.0328813609141294     
  0.65680000120442750       0.97913986400899389     
  0.65970000120293959       0.92594626700528571     
  0.66260000120145168       0.87342286529878699     
  0.66550000119996366       0.82168431286780608     
  0.66840000119847565       0.77083751011368795     
  0.67130000119698774       0.72098154865484554     
  0.67420000119549983       0.67220770968503618     
  0.67710000119401181       0.62459951202783626     
  0.68000000119252380       0.57823280561437262     
  0.68290000119103589       0.53317590578559571     
  0.68580000118954798       0.48948976357729079     
  0.68870000118805996       0.44722816698790596     
  0.69160000118657194       0.40643796815663075     
  0.69450000118508404       0.36715933139120865     
  0.69740000118359613       0.32942599707921466     
  0.70030000118210811       0.29326555668913729     
  0.70320000118062009       0.25869973431330878     
  0.70610000117913219       0.22574467051708455     
  0.70900000117764428       0.19441120462997818     
  0.71190000117615626       0.16470515203622113     
  0.71480000117466824       0.13662757348499879     
  0.71770000117318034       0.11017503393449622     
  0.72060000117169243        8.5339848958495848E-002
  0.72350000117020441        6.2110317269033564E-002
  0.72640000116871639        4.0470938433061432E-002
  0.72930000116722848        2.0402615374823584E-002
  0.73220000116574058        1.8828417488691268E-003
  0.73510000116425256       -1.5114125267967940E-002
  0.73800000116276454       -3.0617105792208641E-002
  0.74090000116127663       -4.4657850304342876E-002
  0.74380000115978873       -5.7270903294905466E-002
  0.74670000115830071       -6.8493475537274112E-002
  0.74960000115681269       -7.8365322830901807E-002
  0.75250000115532478       -8.6928628915558831E-002
  0.75540000115383688       -9.4227890179744700E-002
  0.75830000115234886      -0.10030979977476716     
  0.76120000115086084      -0.10522312879872281     
  0.76410000114937293      -0.10901860232910511     
  0.76700000114788502      -0.11174876825522408     
  0.76990000114639701      -0.11346785708704399     
  0.77280000114490899      -0.11423163118956631     
  0.77570000114342108      -0.11409722220466380     
  0.77860000114193317      -0.11312295576785419     
  0.78150000114044516      -0.11136816299786566     
  0.78440000113895714      -0.10889297862357812     
  0.78730000113746923      -0.10575812600747921     
  0.79020000113598132      -0.10202468971851199     
  0.79310000113449330       -9.7753876691707334E-002
  0.79600000113300529       -9.3006767379138086E-002
  0.79890000113151738       -8.7844058638876538E-002
  0.80180000113002947       -8.2325800418735356E-002
  0.80470000112854145       -7.6511128563386627E-002
  0.80760000112705344       -7.0457996301493978E-002
  0.81050000112556553       -6.4222907149374689E-002
  0.81340000112407762       -5.7860652095902382E-002
  0.81630000112258960       -5.1424054007520960E-002
  0.81920000112110158       -4.4963722211059418E-002
  0.82210000111961368       -3.8527820175334217E-002
  0.82500000111812577       -3.2161849121149354E-002
  0.82790000111663775       -2.5908450245228306E-002
  0.83080000111514973       -1.9807228049691105E-002
  0.83370000111366183       -1.3894597028786924E-002
  0.83660000111217392       -8.2036536833063906E-003
  0.83950000111068590       -2.7640755157855223E-003
  0.84240000110919788        2.3979516877932149E-003
  0.84530000110770998        7.2597773551782334E-003
  0.84820000110622207        1.1802299857320604E-002
  0.85110000110473405        1.6009950321559527E-002
  0.85400000110324603        1.9870646780934146E-002
  0.85690000110175812        2.3375719309019716E-002
  0.85980000110027022        2.6519807175917964E-002
  0.86270000109878220        2.9300729430037881E-002
  0.86560000109729418        3.1719330656048879E-002
  0.86850000109580627        3.3779303976354376E-002
  0.87140000109431837        3.5486993646718944E-002
  0.87430000109283035        3.6851179842052474E-002
  0.87720000109134233        3.7882848432334110E-002
  0.88010000108985442        3.8594948708553456E-002
  0.88300000108836652        3.9002142132467554E-002
  0.88590000108687850        3.9120545250866022E-002
  0.88880000108539048        3.8967469934673746E-002
  0.89170000108390257        3.8561164076157249E-002
  0.89460000108241466        3.7920555805088588E-002
  0.89750000108092665        3.7065004169020303E-002
  0.90040000107943863        3.6014059066566059E-002
  0.90330000107795072        3.4787233029108897E-002
  0.90620000107646281        3.3403787219522453E-002
  0.90910000107497480        3.1882533760605389E-002
  0.91200000107348678        3.0241656225647374E-002
  0.91490000107199887        2.8498549823801921E-002
  0.91780000107051096        2.6669682498823642E-002
  0.92070000106902294        2.4770477836435396E-002
  0.92360000106753493        2.2815220348279340E-002
  0.92650000106604702        2.0816983374171781E-002
  0.92940000106455911        1.8787579524116499E-002
  0.93230000106307109        1.6737533271903096E-002
  0.93520000106158307        1.4676075017451161E-002
  0.93810000106009517        1.2611155659328089E-002
  0.94100000105860726        1.0549480465589595E-002
  0.94390000105711924        8.4965608033416851E-003
  0.94680000105563122        6.4567820877480270E-003
  0.94970000105414332        4.4334861416569504E-003
  0.95260000105265541        2.4290660190923038E-003
  0.95550000105116739        4.4507124050768398E-004
  0.95840000104967937       -1.5176786846226153E-003
  0.96130000104819147       -3.4589746116981562E-003
  0.96420000104670356       -5.3790941622365515E-003
  0.96710000104521554       -7.2786763190686140E-003
  0.97000000104372752       -9.1585963079887523E-003
  0.97290000104223961       -1.1019842776294879E-002
  0.97580000104075171       -1.2863399170816744E-002
  0.97870000103926369       -1.4690131086924900E-002
  0.98160000103777567       -1.6500681208374789E-002
  0.98450000103628776       -1.8295373288604241E-002
  0.98740000103479986       -2.0074126440331980E-002
  0.99030000103331184       -2.1836380805154539E-002
  0.99320000103182382       -2.3581035471492637E-002
  0.99610000103033591       -2.5306399300871304E-002
  0.99900000102884801       -2.7010155112234088E-002
   1.0019000010273600       -2.8689337464805308E-002
   1.0048000010258722       -3.0340324074780468E-002
   1.0077000010243842       -3.1958840702537496E-002
   1.0106000010228962       -3.3539979157591521E-002
   1.0135000010214084       -3.5078227890414600E-002
   1.0164000010199206       -3.6567514475496291E-002
   1.0193000010184325       -3.8001259140354952E-002
   1.0222000010169445       -3.9372438362065408E-002
   1.0251000010154567       -4.0673657437396711E-002
   1.0280000010139689       -4.1897230835728098E-002
   1.0309000010124809       -4.3035269066101181E-002
   1.0338000010109929       -4.4079770731383333E-002
   1.0367000010095051       -4.5022718403584010E-002
   1.0396000010080173       -4.5856176934656018E-002
   1.0425000010065293       -4.6572392816168713E-002
   1.0454000010050413       -4.7163893218352529E-002
   1.0483000010035535       -4.7623583373311608E-002
   1.0512000010020657       -4.7944841017591021E-002
   1.0541000010005777       -4.8121606674546874E-002
   1.0570000009990896       -4.8148468635728130E-002
   1.0599000009976018       -4.8020741591264397E-002
   1.0628000009961140       -4.7734537960497786E-002
   1.0657000009946260       -4.7286831084169589E-002
   1.0686000009931380       -4.6675509556715407E-002
   1.0715000009916502       -4.5899422099937651E-002
   1.0744000009901624       -4.4958412505842246E-002
   1.0773000009886744       -4.3853344305084967E-002
   1.0802000009871864       -4.2586114946649656E-002
   1.0831000009856986       -4.1159659402537616E-002
   1.0860000009842108       -3.9577943236878722E-002
   1.0889000009827228       -3.7845945300609148E-002
   1.0918000009812348       -3.5969630329390004E-002
   1.0947000009797470       -3.3955911832591043E-002
   1.0976000009782592       -3.1812605763868039E-002
   1.1005000009767711       -2.9548375558181583E-002
   1.1034000009752831       -2.7172669205236248E-002
   1.1063000009737953       -2.4695649104584865E-002
   1.1092000009723075       -2.2128115512508480E-002
   1.1121000009708195       -1.9481424444845841E-002
   1.1150000009693315       -1.6767400942938639E-002
   1.1179000009678437       -1.3998248641653251E-002
   1.1208000009663559       -1.1186456599017533E-002
   1.1237000009648679       -8.3447043565060205E-003
   1.1266000009633799       -5.4857661976393662E-003
   1.1295000009618921       -2.6224155606926381E-003
   1.1324000009604043        2.3266946063042943E-004
   1.1353000009589163        3.0669986261469885E-003
   1.1382000009574282        5.8683592057023138E-003
   1.1411000009559404        8.6249019696836710E-003
   1.1440000009544526        1.1325222755932059E-002
   1.1469000009529646        1.3958438917956338E-002
   1.1498000009514766        1.6514260027600230E-002
   1.1527000009499888        1.8983052278353743E-002
   1.1556000009485010        2.1355896112439092E-002
   1.1585000009470130        2.3624636674675605E-002
   1.1614000009455250        2.5781926777994325E-002
   1.1643000009440372        2.7821262148418950E-002
   1.1672000009425494        2.9737008800394260E-002
   1.1701000009410614        3.1524422475684509E-002
   1.1730000009395734        3.3179660159770370E-002
   1.1759000009380856        3.4699783767985937E-002
   1.1788000009365978        3.6082756168736914E-002
   1.1817000009351097        3.7327429782378775E-002
   1.1846000009336217        3.8433528061007874E-002
   1.1875000009321339        3.9401620216015051E-002
   1.1904000009306461        4.0233089616213705E-002
   1.1933000009291581        4.0930096329301939E-002
   1.1962000009276701        4.1495534322970103E-002
   1.1991000009261823        4.1932983878885242E-002
   1.2020000009246945        4.2246659802852797E-002
   1.2049000009232065        4.2441356037603406E-002
   1.2078000009217185        4.2522387300816963E-002
   1.2107000009202307        4.2495528380258649E-002
   1.2136000009187429        4.2366951720359647E-002
   1.2165000009172549        4.2143163930445413E-002
   1.2194000009157668        4.1830941834344645E-002
   1.2223000009142790        4.1437268664619060E-002
   1.2252000009127912        4.0969270982545304E-002
   1.2281000009113032        4.0434156877633451E-002
   1.2310000009098152        3.9839155968407904E-002
   1.2339000009083274        3.9191461689864385E-002
   1.2368000009068396        3.8498176313023394E-002
   1.2397000009053516        3.7766259098857308E-002
   1.2426000009038636        3.7002477943180720E-002
   1.2455000009023758        3.6213364821401917E-002
   1.2484000009008880        3.5405175292971720E-002
   1.2513000008994000        3.4583852275460361E-002
   1.2542000008979119        3.3754994248061367E-002
   1.2571000008964242        3.2923827994459885E-002
   1.2600000008949364        3.2095185945985039E-002
   1.2629000008934483        3.1273488138246194E-002
   1.2658000008919603        3.0462728748522221E-002
   1.2687000008904725        2.9666467137433431E-002
   1.2716000008889847        2.8887823277278835E-002
   1.2745000008874967        2.8129477411188635E-002
   1.2774000008860087        2.7393673752224141E-002
   1.2803000008845209        2.6682228000002219E-002
   1.2832000008830331        2.5996538424506561E-002
   1.2861000008815451        2.5337600242647092E-002
   1.2890000008800571        2.4706022992904472E-002
   1.2919000008785693        2.4102050597134293E-002
   1.2948000008770815        2.3525583786270773E-002
   1.2977000008755935        2.2976204558256132E-002
   1.3006000008741054        2.2453202331911292E-002
   1.3035000008726176        2.1955601459561574E-002
   1.3064000008711298        2.1482189763854954E-002
   1.3093000008696418        2.1031547770184306E-002
   1.3122000008681538        2.0602078315214687E-002
   1.3151000008666660        2.0192036223990538E-002
   1.3180000008651782        1.9799557762667147E-002
   1.3209000008636902        1.9422689590821676E-002
   1.3238000008622022        1.9059416956222097E-002
   1.3267000008607144        1.8707690895592419E-002
   1.3296000008592266        1.8365454226978540E-002
   1.3325000008577386        1.8030666142496724E-002
   1.3354000008562505        1.7701325234215470E-002
   1.3383000008547628        1.7375490810395577E-002
   1.3412000008532750        1.7051302383991697E-002
   1.3441000008517869        1.6726997239925420E-002
   1.3470000008502989        1.6400926011921137E-002
   1.3499000008488111        1.6071566223392994E-002
   1.3528000008473233        1.5737533769774052E-002
   1.3557000008458353        1.5397592341569025E-002
   1.3586000008443473        1.5050660808122349E-002
   1.3615000008428595        1.4695818601451220E-002
   1.3644000008413717        1.4332309157379571E-002
   1.3673000008398837        1.3959541487497510E-002
   1.3702000008383957        1.3577089970091988E-002
   1.3731000008369079        1.3184692461071427E-002
   1.3760000008354201        1.2782246837010616E-002
   1.3789000008339320        1.2369806091751643E-002
   1.3818000008324440        1.1947572115515368E-002
   1.3847000008309562        1.1515888291230807E-002
   1.3876000008294684        1.1075231046822518E-002
   1.3905000008279804        1.0626200504558918E-002
   1.3934000008264924        1.0169510369344726E-002
   1.3963000008250046        9.7059771971107194E-003
   1.3992000008235168        9.2365091823277019E-003
   1.4021000008220288        8.7620946002451468E-003
   1.4050000008205408        8.2837900348509321E-003
   1.4079000008190530        7.8027085178912310E-003
   1.4108000008175652        7.3200076976942174E-003
   1.4137000008160772        6.8368781491521839E-003
   1.4166000008145891        6.3545319281469404E-003
   1.4195000008131013        5.8741914650942920E-003
   1.4224000008116136        5.3970788832517144E-003
   1.4253000008101255        4.9244058181080975E-003
   1.4282000008086375        4.4573638046673629E-003
   1.4311000008071497        3.9971152898670278E-003
   1.4340000008056619        3.5447853178368115E-003
   1.4369000008041739        3.1014539263048550E-003
   1.4398000008026859        2.6681492832845532E-003
   1.4427000008011981        2.2458415843083913E-003
   1.4456000007997103        1.8354377219854433E-003
   1.4485000007982223        1.4377767316114700E-003
   1.4514000007967343        1.0536260090072956E-003
   1.4543000007952465        6.8367828974762645E-004
   1.4572000007937587        3.2854937250441379E-004
   1.4601000007922706       -1.1223436608293767E-005
   1.4630000007907826       -3.3518218701616851E-004
   1.4659000007892948       -6.4294848690730610E-004
   1.4688000007878070       -9.3422308356183072E-004
   1.4717000007863190       -1.2087848609765172E-003
   1.4746000007848310       -1.4664892976779548E-003
   1.4775000007833432       -1.7072664297189868E-003
   1.4804000007818554       -1.9311183653769456E-003
   1.4833000007803674       -2.1381163990401579E-003
   1.4862000007788794       -2.3283977722167175E-003
   1.4891000007773916       -2.5021621295544466E-003
   1.4920000007759038       -2.6596677172674279E-003
   1.4949000007744158       -2.8012273704513947E-003
   1.4978000007729277       -2.9272043344880129E-003
   1.5007000007714399       -3.0380079641175719E-003
   1.5036000007699519       -3.1340893418506737E-003
   1.5065000007684639       -3.2159368552263650E-003
   1.5094000007669759       -3.2840717700525720E-003
   1.5123000007654879       -3.3390438342204990E-003
   1.5152000007639999       -3.3814269440094556E-003
   1.5181000007625118       -3.4118149020256677E-003
   1.5210000007610238       -3.4308172930851153E-003
   1.5239000007595358       -3.4390555014891114E-003
   1.5268000007580478       -3.4371588902794310E-003
   1.5297000007565598       -3.4257611602300270E-003
   1.5326000007550717       -3.4054969035543512E-003
   1.5355000007535837       -3.3769983646089702E-003
   1.5384000007520957       -3.3408924172713007E-003
   1.5413000007506077       -3.2977977661822902E-003
   1.5442000007491197       -3.2483223766856155E-003
   1.5471000007476317       -3.1930611360789130E-003
   1.5500000007461436       -3.1325937467257254E-003
   1.5529000007446556       -3.0674828496697580E-003
   1.5558000007431676       -2.9982723756489509E-003
   1.5587000007416796       -2.9254861188292526E-003
   1.5616000007401916       -2.8496265271682423E-003
   1.5645000007387035       -2.7711737020751194E-003
   1.5674000007372155       -2.6905845989563795E-003
   1.5703000007357275       -2.6082924193167700E-003
   1.5732000007342395       -2.5247061843253309E-003
   1.5761000007327515       -2.4402104791417523E-003
   1.5790000007312635       -2.3551653568293584E-003
   1.5819000007297754       -2.2699063903450860E-003
   1.5848000007282874       -2.1847448608865111E-003
   1.5877000007267994       -2.0999680707838898E-003
   1.5906000007253114       -2.0158397691392754E-003
   1.5935000007238234       -1.9326006785274066E-003
   1.5964000007223353       -1.8504691112742632E-003
   1.5993000007208473       -1.7696416641081029E-003
   1.6022000007193593       -1.6902939803266990E-003
   1.6051000007178713       -1.6125815690323495E-003
   1.6080000007163833       -1.5366406714452494E-003
   1.6109000007148953       -1.4625891648065098E-003
   1.6138000007134072       -1.3905274949162047E-003
   1.6167000007119192       -1.3205396289124147E-003
   1.6196000007104312       -1.2526940204752547E-003
   1.6225000007089432       -1.1870445802300870E-003
   1.6254000007074552       -1.1236316447197116E-003
   1.6283000007059671       -1.0624829379095354E-003
   1.6312000007044791       -1.0036145197793926E-003
   1.6341000007029911       -9.4703171713408094E-004
   1.6370000007015031       -8.9273003232901056E-004
   1.6399000007000151       -8.4069602615382264E-004
   1.6428000006985271       -7.9090817164189340E-004
   1.6457000006970390       -7.4333767607535472E-004
   1.6486000006955510       -6.9794926893127201E-004
   1.6515000006940630       -6.5470195396318638E-004
   1.6544000006925750       -6.1354972403246215E-004
   1.6573000006910870       -5.7444223769475460E-004
   1.6602000006895989       -5.3732545690768612E-004
   1.6631000006881109       -5.0214224555717455E-004
   1.6660000006866229       -4.6883292880092622E-004
   1.6689000006851349       -4.3733581349945938E-004
   1.6718000006836469       -4.0758767024815510E-004
   1.6747000006821589       -3.7952417773900646E-004
   1.6776000006806708       -3.5308033036893932E-004
   1.6805000006791828       -3.2819081017400537E-004
   1.6834000006776948       -3.0479032430677489E-004
   1.6863000006762068       -2.8281390938904202E-004
   1.6892000006747188       -2.6219720416494877E-004
   1.6921000006732307       -2.4287669195253550E-004
   1.6950000006717427       -2.2478991444575643E-004
   1.6979000006702547       -2.0787565845574425E-004
   1.7008000006687667       -1.9207411720122497E-004
   1.7037000006672787       -1.7732702776477037E-004
   1.7066000006657907       -1.6357778632551334E-004
   1.7095000006643026       -1.5077154276158872E-004
   1.7124000006628146       -1.3885527618807790E-004
   1.7153000006613266       -1.2777785296006709E-004
   1.7182000006598386       -1.1749006862669961E-004
   1.7211000006583506       -1.0794467527210940E-004
   1.7240000006568625       -9.9096395623848922E-005
   1.7269000006553745       -9.0901925249903389E-005
   1.7298000006538865       -8.3319924102675505E-005
   1.7327000006523985       -7.6310998603089874E-005
   1.7356000006509105       -6.9837675391231022E-005
   1.7385000006494225       -6.3864367802190868E-005
   1.7414000006479344       -5.8357336057877764E-005
   1.7443000006464464       -5.3284642097901203E-005
   1.7472000006449584       -4.8616099905811065E-005
   1.7501000006434704       -4.4323222121439625E-005
   1.7530000006419824       -4.0379163666157830E-005
   1.7559000006404943       -3.6758663045902074E-005
   1.7588000006390063       -3.3437981937095571E-005
   1.7617000006375183       -3.0394843603303764E-005
   1.7646000006360303       -2.7608370635765457E-005
   1.7675000006345423       -2.5059022459026262E-005
   1.7704000006330542       -2.2728532993778307E-005
   1.7733000006315662       -2.0599848822797075E-005
   1.7762000006300782       -1.8657068162548859E-005
   1.7791000006285902       -1.6885380902634129E-005
   1.7820000006271022       -1.5271009937709340E-005
   1.7849000006256142       -1.3801153981814569E-005
   1.7878000006241261       -1.2463932023101965E-005
   1.7907000006226381       -1.1248329547695042E-005
   1.7936000006211501       -1.0144146634721966E-005
   1.7965000006196621       -9.1419480003716672E-006
   1.7994000006181741       -8.2330150469795897E-006
   1.8023000006166860       -7.4092999535593345E-006
   1.8052000006151980       -6.6633818267277796E-006
   1.8081000006137100       -5.9884249154972134E-006
   1.8110000006122220       -5.3781388798084586E-006
   1.8139000006107340       -4.8267410908146963E-006
   1.8168000006092460       -4.3289209306871424E-006
   1.8197000006077579       -3.8798060509652671E-006
   1.8226000006062699       -3.4749305410991745E-006
   1.8255000006047819       -3.1102049527198608E-006
   1.8284000006032939       -2.7818881202021064E-006
   1.8313000006018059       -2.4865607141566355E-006
   1.8342000006003178       -2.2211004614951997E-006
   1.8371000005988298       -1.9826589635609370E-006
   1.8400000005973418       -1.7686400424134902E-006
   1.8429000005958538       -1.5766795446192090E-006
   1.8458000005943658       -1.4046265317423573E-006
   1.8487000005928778       -1.2505257870873517E-006
   1.8516000005913897       -1.1126015690369048E-006
   1.8545000005899017       -9.8924254250421811E-007
   1.8574000005884137       -8.7898782150846027E-007
   1.8603000005869257       -7.8051405764098291E-007
   1.8632000005854377       -6.9262351116556021E-007
   1.8661000005839496       -6.1423304364599104E-007
   1.8690000005824616       -5.4436397328009738E-007
   1.8719000005809736       -4.8213273650432370E-007
   1.8748000005794856       -4.2674230188780732E-007
   1.8777000005779976       -3.7747428483076725E-007
   1.8806000005765096       -3.3368171409505920E-007
   1.8835000005750215       -2.9478240370438045E-007
   1.8864000005735335       -2.6025288623922890E-007
   1.8893000005720455       -2.2962286600199676E-007
   1.8922000005705575       -2.0247015292747800E-007
   1.8951000005690695       -1.7841604045277684E-007
   1.8980000005675814       -1.5712109282908348E-007
   1.9009000005660934       -1.3828130954904975E-007
   1.9038000005646054       -1.2162463667204921E-007
   1.9067000005631174       -1.0690779685139251E-007
   1.9096000005616294       -9.3913411799635244E-008
   1.9125000005601414       -8.2447392768997565E-008
   1.9154000005586533       -7.2336576372648458E-008
   1.9183000005571653       -6.3426584729439776E-008
   1.9212000005556773       -5.5579890480296034E-008
   1.9241000005541893       -4.8674068700431156E-008
   1.9270000005527013       -4.2600219119662328E-008
   1.9299000005512132       -3.7261543365740597E-008
   1.9328000005497252       -3.2572063165511997E-008
   1.9357000005482372       -2.8455466578781489E-008
   1.9386000005467492       -2.4844070403105051E-008
   1.9415000005452612       -2.1677887877787454E-008
   1.9444000005437732       -1.8903791735374127E-008
   1.9473000005422851       -1.6474763502487957E-008
   1.9502000005407971       -1.4349220742337570E-008
   1.9531000005393091       -1.2490414662158473E-008
   1.9560000005378211       -1.0865891183598338E-008
   1.9589000005363331       -9.4470091960250793E-009
   1.9618000005348450       -8.2085102851561565E-009
   1.9647000005333570       -7.1281347554868992E-009
   1.9676000005318690       -6.1862792477746249E-009
   1.9705000005303810       -5.3656916952764067E-009
   1.9734000005288930       -4.6511997673576487E-009
   1.9763000005274050       -4.0294693191689073E-009
   1.9792000005259169       -3.4887897038986567E-009
   1.9821000005244289       -3.0188831120637555E-009
   1.9850000005229409       -2.6107353826840378E-009
   1.9879000005214529       -2.2564459861646110E-009
   1.9908000005199649       -1.9490951102949777E-009
   1.9937000005184768       -1.6826259908716082E-009
   1.9966000005169888       -1.4517408188269600E-009
   1.9995000005155008       -1.2518087280606876E-009
   2.0024000005140126       -1.0787845239559871E-009
   2.0053000005125248       -9.2913695325163150E-010
   2.0082000005110370       -7.9978544285753455E-010
   2.0111000005095487       -6.8804434956918022E-010
   2.0140000005080605       -5.9157386558850055E-010
   2.0169000005065727       -5.0833681733637020E-010
   2.0198000005050849       -4.3656067820520245E-010
   2.0227000005035967       -3.7470419053025447E-010
   2.0256000005021084       -3.2142805896259308E-010
   2.0285000005006206       -2.7556923734669177E-010
   2.0314000004991328       -2.3611838481595164E-010
   2.0343000004976446       -2.0220011473949506E-010
   2.0372000004961563       -1.7305570294492133E-010
   2.0401000004946686       -1.4802795981757345E-010
   2.0430000004931808       -1.2654800490279550E-010
   2.0459000004916925       -1.0812371293648328E-010
   2.0488000004902043       -9.2329627184398932E-011
   2.0517000004887165       -7.8798159929295819E-011
   2.0546000004872287       -6.7211921220695714E-011
   2.0575000004857404       -5.7297035878677336E-011
   2.0604000004842522       -4.8817325475978038E-011
   2.0633000004827644       -4.1569246842359101E-011
   2.0662000004812766       -3.5377491748924439E-011
   2.0691000004797884       -3.0091164024189730E-011
   2.0720000004783001       -2.5580460595467317E-011
   2.0749000004768123       -2.1733791988599855E-011
   2.0778000004753245       -1.8455285790630276E-011
   2.0807000004738363       -1.5662623603902234E-011
   2.0836000004723481       -1.3285168203839308E-011
   2.0865000004708603       -1.1262343052249783E-011
   2.0894000004693725       -9.5422310990679085E-012
   2.0923000004678842       -8.0803640042793232E-012
   2.0952000004663960       -6.8386765962817005E-012
   2.0981000004649082       -5.7846046135331228E-012
   2.1010000004634204       -4.8903066066778942E-012
   2.1039000004619322       -4.1319933560301894E-012
   2.1068000004604439       -3.4893503265873940E-012
   2.1097000004589561       -2.9450405770181624E-012
   2.1126000004574683       -2.4842771934349890E-012
   2.1155000004559801       -2.0944557624868284E-012
   2.1184000004544918       -1.7648386572335941E-012
   2.1213000004530040       -1.4862840062142330E-012
   2.1242000004515162       -1.2510131711999007E-012
   2.1271000004500280       -1.0524113900553091E-012
   2.1300000004485398       -8.8485696350794784E-013
   2.1329000004470520       -7.4357499215483902E-013
   2.1358000004455642       -6.2451221477212539E-013
   2.1387000004440759       -5.2422997150121459E-013
   2.1416000004425877       -4.3981272504582474E-013
   2.1445000004410999       -3.6878992774916409E-013
   2.1474000004396121       -3.0906932944612935E-013
   2.1503000004381239       -2.5888008652456893E-013
   2.1532000004366356       -2.1672426212225785E-013
   2.1561000004351478       -1.8133550558230774E-013
   2.1590000004336600       -1.5164387033528496E-013
   2.1619000004321718       -1.2674587688437409E-013
   2.1648000004306835       -1.0587905469003393E-013
   2.1677000004291958       -8.8400306222376446E-014
   2.1706000004277080       -7.3767530657318249E-014
   2.1735000004262197       -6.1524025707410399E-014
   2.1764000004247315       -5.1285255699315522E-014
   2.1793000004232437       -4.2727633797784053E-014
   2.1822000004217559       -3.5579017583984166E-014
   2.1851000004202676       -2.9610661196550356E-014
   2.1880000004187794       -2.4630404951435752E-014
   2.1909000004172916       -2.0476915649554117E-014
   2.1938000004158038       -1.7014818417862681E-014
   2.1967000004143156       -1.4130584565353754E-014
   2.1996000004128273       -1.1729060135811950E-014
   2.2025000004113395       -9.7305370918911910E-015
   2.2054000004098517       -8.0682837902788753E-015
   2.2083000004083635       -6.6864639672790178E-015
   2.2112000004068753       -5.5383841594467150E-015
   2.2141000004053875       -4.5850186025947197E-015
   2.2170000004038997       -3.7937684145901422E-015
   2.2199000004024114       -3.1374184703099568E-015
   2.2228000004009232       -2.5932609903258892E-015
   2.2257000003994354       -2.1423596335715421E-015
   2.2286000003979476       -1.7689319328135572E-015
   2.2315000003964593       -1.4598313467023613E-015
   2.2344000003949711       -1.2041131146271891E-015
   2.2373000003934833       -9.9267056841874006E-016
   2.2402000003919955       -8.1793064466157704E-016
   2.2431000003905073       -6.7359910978512721E-016
   2.2460000003890190       -5.5444750563923650E-016
   2.2489000003875312       -4.5613508722214026E-016
   2.2518000003860434       -3.7506009179053746E-016
   2.2547000003845552       -3.0823557968615155E-016
   2.2576000003830670       -2.5318584733209666E-016
   2.2605000003815792       -2.0786005363759213E-016
   2.2634000003800914       -1.7056024089421625E-016
   2.2663000003786031       -1.3988138576544452E-016
   2.2692000003771149       -1.1466149840916629E-016
   2.2721000003756271       -9.3940109359781958E-017
   2.2750000003741393       -7.6923754045476914E-017
   2.2779000003726511       -6.2957291781026499E-017
   2.2808000003711628       -5.1500086571421988E-017
   2.2837000003696750       -4.2106236847291817E-017
   2.2866000003681872       -3.4408175197400174E-017
   2.2895000003666990       -2.8103071376179256E-017
   2.2924000003652107       -2.2941565813295525E-017
   2.2953000003637229       -1.8718439461831913E-017
   2.2982000003622352       -1.5264891556078236E-017
   2.3011000003607469       -1.2442151784300145E-017
   2.3040000003592587       -1.0136199262581665E-017
   2.3069000003577709       -8.2533989917764240E-018
   2.3098000003562831       -6.7168984251541823E-018
   2.3127000003547948       -5.4636534064383195E-018
   2.3156000003533066       -4.4419749269316152E-018
   2.3185000003518188       -3.6095066264230403E-018
   2.3214000003503310       -2.9315583376230719E-018
   2.3243000003488428       -2.3797337607467995E-018
   2.3272000003473545       -1.9308009828698512E-018
   2.3301000003458667       -1.5657633850257168E-018
   2.3330000003443789       -1.2690958090626055E-018
   2.3359000003428907       -1.0281169370253384E-018
   2.3388000003414025       -8.3247387789331054E-019
   2.3417000003399147       -6.7371913482811491E-019
   2.3446000003384269       -5.4496358658075081E-019
   2.3475000003369386       -4.4059198100713548E-019
   2.3504000003354504       -3.5602980805833394E-019
   2.3533000003339626       -2.8755237850138095E-019
   2.3562000003324748       -2.3212855316264373E-019
   2.3591000003309865       -1.8729290402165736E-019
   2.3620000003294983       -1.5104119150612688E-019
   2.3649000003280105       -1.2174495211500496E-019
   2.3678000003265227       -9.8081740445318025E-020
   2.3707000003250345       -7.8978187537691659E-020
   2.3736000003235462       -6.3563546162209341E-020
   2.3765000003220584       -5.1131812273879896E-020
   2.3794000003205706       -4.1110856134307298E-020
   2.3823000003190824       -3.3037279561337788E-020
   2.3852000003175942       -2.6535948213413776E-020
   2.3881000003161064       -2.1303338649807413E-020
   2.3910000003146186       -1.7093996490657998E-020
   2.3939000003131303       -1.3709530405672965E-020
   2.3968000003116421       -1.0989671897901141E-020
   2.3997000003101543       -8.8050170497799562E-021
   2.4026000003086665       -7.0511369660072038E-021
   2.4055000003071783       -5.6438013840551701E-021
   2.4084000003056900       -4.5151071345044435E-021
   2.4113000003042022       -3.6103417164817925E-021
   2.4142000003027144       -2.8854437673726484E-021
   2.4171000003012262       -2.3049479312612057E-021
   2.4200000002997379       -1.8403226186491551E-021
   2.4229000002982501       -1.4686262635746422E-021
   2.4258000002967623       -1.1714216306877347E-021
   2.4287000002952741       -9.3389908387420345E-022
   2.4316000002937859       -7.4416897447500830E-022
   2.4345000002922981       -5.9269082970959381E-022
   2.4374000002908103       -4.7181313854270595E-022
   2.4403000002893220       -3.7540250291909802E-022
   2.4432000002878338       -2.9854495946128777E-022
   2.4461000002863460       -2.3730555387273101E-022
   2.4490000002848582       -1.8853490900837599E-022
   2.4519000002833700       -1.4971368337031906E-022
   2.4548000002818817       -1.1882756382017282E-022
   2.4577000002803939       -9.4266851291989779E-023
   2.4606000002789061       -7.4745843713213824E-023
   2.4635000002774179       -5.9238147038566341E-023
   2.4664000002759296       -4.6924794625814180E-023
   2.4693000002744419       -3.7152660748998259E-023
   2.4722000002729541       -2.9401143163735315E-023
   2.4751000002714658       -2.3255484485892289E-023
   2.4780000002699776       -1.8385420713899138E-023
   2.4809000002684898       -1.4528102110816539E-023
   2.4838000002670020       -1.1474438694909198E-023
   2.4867000002655137       -9.0581893504313430E-024
   2.4896000002640255       -7.1472478230196964E-024
   2.4925000002625377       -5.6366868853353254E-024
   2.4954000002610499       -4.4432088263196824E-024
   2.4983000002595617       -3.5007202360551504E-024
   2.5012000002580739       -2.7568051433440786E-024
   2.5041000002565861       -2.1699155916964638E-024
   2.5070000002550983       -1.7071348714946739E-024
   2.5099000002536105       -1.3423976037026197E-024
   2.5128000002521227       -1.0550740976687277E-024
   2.5157000002506349       -8.2884501341345292E-025
   2.5186000002491471       -6.5080725791647804E-025
   2.5215000002476593       -5.1076396807689431E-025
   2.5244000002461715       -4.0066096949153617E-025
   2.5273000002446837       -3.1413972362836504E-025
   2.5302000002431959       -2.4618286684757714E-025
   2.5331000002417081       -1.9283330852354102E-025
   2.5360000002402203       -1.5097173737148661E-025
   2.5389000002387325       -1.1814048156958245E-025
   2.5418000002372447       -9.2404136960219659E-026
   2.5447000002357569       -7.2239344743710044E-026
   2.5476000002342691       -5.6447666708708079E-026
   2.5505000002327813       -4.4086753050686067E-026
   2.5534000002312935       -3.4415989893730692E-026
   2.5563000002298057       -2.6853602453357138E-026
   2.5592000002283180       -2.0942816663012303E-026
   2.5621000002268302       -1.6325180014168283E-026
   2.5650000002253424       -1.2719537647693624E-026
   2.5679000002238546       -9.9054733736638057E-027
   2.5708000002223668       -7.7102740210161595E-027
   2.5737000002208790       -5.9986726589183844E-027
   2.5766000002193912       -4.6647824039878647E-027
   2.5795000002179034       -3.6257561799911520E-027
   2.5824000002164156       -2.8168056493350953E-027
   2.5853000002149278       -2.1872899308276081E-027
   2.5882000002134400       -1.6976459005695635E-027
   2.5911000002119522       -1.3169802132712068E-027
   2.5940000002104644       -1.0211813552005984E-027
   2.5969000002089766       -7.9144016966658979E-028
   2.5998000002074888       -6.1309106408853673E-028
   2.6027000002060010       -4.7470484764965721E-028
   2.6056000002045132       -3.6737891627534111E-028
   2.6085000002030254       -2.8418213310282414E-028
   2.6114000002015376       -2.1972090901101327E-028
   2.6143000002000498       -1.6980019205418781E-028
   2.6172000001985620       -1.3115874002509482E-028
   2.6201000001970742       -1.0126250326391664E-028
   2.6230000001955864       -7.8143442901825537E-029
   2.6259000001940986       -6.0273856293106890E-029
   2.6288000001926108       -4.6468436777081928E-029
   2.6317000001911230       -3.5807985490208128E-029
   2.6346000001896352       -2.7580018267599246E-029
   2.6375000001881475       -2.1232549110963358E-029
   2.6404000001866597       -1.6338144934047673E-029
   2.6433000001851719       -1.2565982837636973E-029
   2.6462000001836841       -9.6601391468761172E-030
   2.6491000001821963       -7.4227288246473432E-030
   2.6520000001807085       -5.7008181823061593E-030
   2.6549000001792207       -4.3762715079548658E-030
   2.6578000001777329       -3.3578778067173459E-030
   2.6607000001762451       -2.5752486529926217E-030
   2.6636000001747573       -1.9740910898139441E-030
   2.6665000001732695       -1.5125475443843383E-030
   2.6694000001717817       -1.1583633168772649E-030
   2.6723000001702939       -8.8669560973441320E-031
   2.6752000001688061       -6.7841963437187097E-031
   2.6781000001673183       -5.1881966976871945E-031
   2.6810000001658305       -3.9657809033793442E-031
   2.6839000001643427       -3.0299491947691791E-031
   2.6868000001628549       -2.3138564153528039E-031
   2.6897000001613671       -1.7661678669633825E-031
   2.6926000001598793       -1.3474794507115387E-031
   2.6955000001583915       -1.0275595607522872E-031
   2.6984000001569037       -7.8322514712426627E-032
   2.7013000001554159       -5.9670694040417517E-032
   2.7042000001539281       -4.5439180005100468E-032
   2.7071000001524403       -3.4585566501859418E-032
   2.7100000001509525       -2.6312032403406185E-032
   2.7129000001494648       -2.0008248444975102E-032
   2.7158000001479770       -1.5207541237675622E-032
   2.7187000001464892       -1.1553252621493509E-032
   2.7216000001450014       -8.7729358144003515E-033
   2.7245000001435136       -6.6585724437887680E-033
   2.7274000001420258       -5.0514130326048596E-033
   2.7303000001405380       -3.8303660939315798E-033
   2.7332000001390502       -2.9031095175314194E-033
   2.7361000001375624       -2.1992893127134292E-033
   2.7390000001360746       -1.6653180708803482E-033
   2.7419000001345868       -1.2603988248090494E-033
   2.7448000001330990       -9.5348710746443443E-034
   2.7477000001316112       -7.2097096957468023E-034
   2.7506000001301234       -5.4490014558651454E-034
   2.7535000001286356       -4.1163504236341202E-034
   2.7564000001271478       -3.1081652347409385E-034
   2.7593000001256600       -2.3458069970514593E-034
   2.7622000001241722       -1.7696075000212948E-034
   2.7651000001226844       -1.3343144569475153E-034
   2.7680000001211966       -1.0056250314566510E-034
   2.7709000001197088       -7.5754890431681591E-035
   2.7738000001182210       -5.7040334389371522E-035
   2.7767000001167332       -4.2928954650387449E-035
   2.7796000001152454       -3.2293528355964535E-035
   2.7825000001137576       -2.4281621762563031E-035
   2.7854000001122698       -1.8248911286875422E-035
   2.7883000001107821       -1.3708608705227663E-035
   2.7912000001092943       -1.0293119663963744E-035
   2.7941000001078065       -7.7249905244975280E-036
   2.7970000001063187       -5.7949040792994695E-036
   2.7999000001048309       -4.3450220100546151E-036
   2.8028000001033431       -3.2563810030328103E-036
   2.8057000001018553       -2.4393606649708307E-036
   2.8086000001003675       -1.8264780689322257E-036
   2.8115000000988797       -1.3669436680171085E-036
   2.8144000000973919       -1.0225499979493470E-036
   2.8173000000959041       -7.6456838147577410E-037
   2.8202000000944163       -5.7140762410946652E-037
   2.8231000000929285       -4.2684845151460467E-037
   2.8260000000914407       -3.1871275160052118E-037
   2.8289000000899529       -2.3786102519804853E-037
   2.8318000000884651       -1.7743746193520780E-037
   2.8347000000869773       -1.3230175254540116E-037
   2.8376000000854895       -9.8601652568471115E-038
   2.8405000000840017       -7.3451585113117781E-038
   2.8434000000825139       -5.4691092472908041E-038
   2.8463000000810261       -4.0703385910669636E-038
   2.8492000000795383       -3.0279106393158424E-038
   2.8521000000780505       -2.2514080399208079E-038
   2.8550000000765627       -1.6732624991616173E-038
   2.8579000000750749       -1.2430045362589885E-038
   2.8608000000735871       -9.2295427041544629E-039
   2.8637000000720993       -6.8499365913981833E-039
   2.8666000000706116       -5.0814994155569844E-039
   2.8695000000691238       -3.7678727948336919E-039
   2.8724000000676360       -2.7925417268956031E-039
   2.8753000000661482       -2.0687225985927967E-039
   2.8782000000646604       -1.5318070250957601E-039
   2.8811000000631726       -1.1337182238054636E-039
   2.8840000000616848       -8.3869785537458440E-040
   2.8869000000601970       -6.2016225831164142E-040
   2.8898000000587092       -4.5835776039557471E-040
   2.8927000000572214       -3.3861279286644675E-040
   2.8956000000557336       -2.5003552193511944E-040
   2.8985000000542458       -1.8454390239731472E-040
   2.9014000000527580       -1.3614364854955611E-040
   2.9043000000512702       -1.0039101087038250E-040
   2.9072000000497824       -7.3993247020882894E-041
   2.9101000000482946       -5.4511636420091258E-041
   2.9130000000468068       -4.0140824405455977E-041
   2.9159000000453190       -2.9544956077968795E-041
   2.9188000000438312       -2.1736041813333638E-041
   2.9217000000423434       -1.5983713347680058E-041
   2.9246000000408556       -1.1748301160237341E-041
   2.9275000000393678       -8.6312298908149574E-042
   2.9304000000378800       -6.3382677213810061E-042
   2.9333000000363922       -4.6523118008847490E-042
   2.9362000000349044       -3.4132448532251950E-042
   2.9391000000334166       -2.5030327204532595E-042
   2.9420000000319289       -1.8347044681683594E-042
   2.9449000000304411       -1.3442073797771359E-042
   2.9478000000289533       -9.8438968211914912E-043
   2.9507000000274655       -7.2055727467434704E-043
   2.9536000000259777       -5.2719428437558805E-043
   2.9565000000244899       -3.8554374915502818E-043
   2.9594000000230021       -2.8182367989278362E-043
   2.9623000000215143       -2.0591225426878790E-043
   2.9652000000200265       -1.5037922977728749E-043
   2.9681000000185387       -1.0977274500357001E-043
   2.9710000000170509       -8.0094418397277811E-044
   2.9739000000155631       -5.8413212711908583E-044
   2.9768000000140753       -4.2581514166468722E-044
   2.9797000000125875       -3.1026467222538866E-044
   2.9826000000110997       -2.2596690066942925E-044
   2.9855000000096119       -1.6449725519610428E-044
   2.9884000000081241       -1.1969440801779011E-044
   2.9913000000066363       -8.7054354120630446E-045
   2.9942000000051485       -6.3286141455304038E-045
   2.9971000000036607       -4.5986279318276375E-045
