  -3.0000000000000000       -8.3425304568935093E-004
  -2.9940000000000033       -8.5790557468617967E-004
  -2.9880000000000067       -8.8218117807555864E-004
  -2.9820000000000100       -9.0709482546135422E-004
  -2.9760000000000133       -9.3266180424046046E-004
  -2.9700000000000166       -9.5889772519100870E-004
  -2.9640000000000200       -9.8581852812789760E-004
  -2.9580000000000233       -1.0134404876255990E-003
  -2.9520000000000266       -1.0417802188081990E-003
  -2.9460000000000299       -1.0708546832065876E-003
  -2.9400000000000333       -1.1006811946826626E-003
  -2.9340000000000366       -1.1312774254204142E-003
  -2.9280000000000399       -1.1626614119837153E-003
  -2.9220000000000432       -1.1948515614405796E-003
  -2.9160000000000466       -1.2278666575536662E-003
  -2.9100000000000499       -1.2617258670367326E-003
  -2.9040000000000532       -1.2964487458767388E-003
  -2.8980000000000565       -1.3320552457212057E-003
  -2.8920000000000599       -1.3685657203304975E-003
  -2.8860000000000632       -1.4060009320945323E-003
  -2.8800000000000665       -1.4443820586135297E-003
  -2.8740000000000698       -1.4837306993421889E-003
  -2.8680000000000732       -1.5240688822968484E-003
  -2.8620000000000765       -1.5654190708249644E-003
  -2.8560000000000798       -1.6078041704362925E-003
  -2.8500000000000831       -1.6512475356951094E-003
  -2.8440000000000865       -1.6957729771727320E-003
  -2.8380000000000898       -1.7414047684595779E-003
  -2.8320000000000931       -1.7881676532359345E-003
  -2.8260000000000964       -1.8360868524005748E-003
  -2.8200000000000998       -1.8851880712563410E-003
  -2.8140000000001031       -1.9354975067516747E-003
  -2.8080000000001064       -1.9870418547771234E-003
  -2.8020000000001097       -2.0398483175157532E-003
  -2.7960000000001131       -2.0939446108463227E-003
  -2.7900000000001164       -2.1493589717980770E-003
  -2.7840000000001197       -2.2061201660559210E-003
  -2.7780000000001230       -2.2642574955147061E-003
  -2.7720000000001264       -2.3238008058812337E-003
  -2.7660000000001297       -2.3847804943226865E-003
  -2.7600000000001330       -2.4472275171599045E-003
  -2.7540000000001363       -2.5111733976041217E-003
  -2.7480000000001397       -2.5766502335354499E-003
  -2.7420000000001430       -2.6436907053216095E-003
  -2.7360000000001463       -2.7123280836751202E-003
  -2.7300000000001496       -2.7825962375471829E-003
  -2.7240000000001530       -2.8545296420565140E-003
  -2.7180000000001563       -2.9281633864511364E-003
  -2.7120000000001596       -3.0035331821012300E-003
  -2.7060000000001629       -3.0806753705209969E-003
  -2.7000000000001663       -3.1596269314174605E-003
  -2.6940000000001696       -3.2404254907639840E-003
  -2.6880000000001729       -3.3231093288963948E-003
  -2.6820000000001762       -3.4077173886292236E-003
  -2.6760000000001796       -3.4942892833899159E-003
  -2.6700000000001829       -3.5828653053683068E-003
  -2.6640000000001862       -3.6734864336790927E-003
  -2.6580000000001895       -3.7661943425344995E-003
  -2.6520000000001929       -3.8610314094246049E-003
  -2.6460000000001962       -3.9580407233025068E-003
  -2.6400000000001995       -4.0572660927715174E-003
  -2.6340000000002028       -4.1587520542715195E-003
  -2.6280000000002062       -4.2625438802614511E-003
  -2.6220000000002095       -4.3686875873949014E-003
  -2.6160000000002128       -4.4772299446856683E-003
  -2.6100000000002161       -4.5882184816600250E-003
  -2.6040000000002195       -4.7017014964924695E-003
  -2.5980000000002228       -4.8177280641214897E-003
  -2.5920000000002261       -4.9363480443419339E-003
  -2.5860000000002294       -5.0576120898704335E-003
  -2.5800000000002328       -5.1815716543802326E-003
  -2.5740000000002361       -5.3082790005016915E-003
  -2.5680000000002394       -5.4377872077847620E-003
  -2.5620000000002427       -5.5701501806193427E-003
  -2.5560000000002461       -5.7054226561098122E-003
  -2.5500000000002494       -5.8436602118995097E-003
  -2.5440000000002527       -5.9849192739409663E-003
  -2.5380000000002561       -6.1292571242079104E-003
  -2.5320000000002594       -6.2767319083444160E-003
  -2.5260000000002627       -6.4274026432470845E-003
  -2.5200000000002660       -6.5813292245754870E-003
  -2.5140000000002694       -6.7385724341865634E-003
  -2.5080000000002727       -6.8991939474880946E-003
  -2.5020000000002760       -7.0632563407065875E-003
  -2.4960000000002793       -7.2308230980647568E-003
  -2.4900000000002827       -7.4019586188635951E-003
  -2.4840000000002860       -7.5767282244640988E-003
  -2.4780000000002893       -7.7551981651634086E-003
  -2.4720000000002926       -7.9374356269603617E-003
  -2.4660000000002960       -8.1235087382049778E-003
  -2.4600000000002993       -8.3134865761266812E-003
  -2.4540000000003026       -8.5074391732356518E-003
  -2.4480000000003059       -8.7054375235918070E-003
  -2.4420000000003093       -8.9075535889359056E-003
  -2.4360000000003126       -9.1138603046768425E-003
  -2.4300000000003159       -9.3244315857294782E-003
  -2.4240000000003192       -9.5393423321971180E-003
  -2.4180000000003226       -9.7586684348924830E-003
  -2.4120000000003259       -9.9824867806914651E-003
  -2.4060000000003292       -1.0210875257713083E-002
  -2.4000000000003325       -1.0443912760319847E-002
  -2.3940000000003359       -1.0681679193931870E-002
  -2.3880000000003392       -1.0924255479648547E-002
  -2.3820000000003425       -1.1171723558671312E-002
  -2.3760000000003458       -1.1424166396520843E-002
  -2.3700000000003492       -1.1681667987042140E-002
  -2.3640000000003525       -1.1944313356190804E-002
  -2.3580000000003558       -1.2212188565593687E-002
  -2.3520000000003591       -1.2485380715877056E-002
  -2.3460000000003625       -1.2763977949755480E-002
  -2.3400000000003658       -1.3048069454874137E-002
  -2.3340000000003691       -1.3337745466397918E-002
  -2.3280000000003724       -1.3633097269339745E-002
  -2.3220000000003758       -1.3934217200621187E-002
  -2.3160000000003791       -1.4241198650858065E-002
  -2.3100000000003824       -1.4554136065863600E-002
  -2.3040000000003857       -1.4873124947861763E-002
  -2.2980000000003891       -1.5198261856403539E-002
  -2.2920000000003924       -1.5529644408978289E-002
  -2.2860000000003957       -1.5867371281312850E-002
  -2.2800000000003990       -1.6211542207350823E-002
  -2.2740000000004024       -1.6562257978904097E-002
  -2.2680000000004057       -1.6919620444969176E-002
  -2.2620000000004090       -1.7283732510700350E-002
  -2.2560000000004123       -1.7654698136032047E-002
  -2.2500000000004157       -1.8032622333942455E-002
  -2.2440000000004190       -1.8417611168350351E-002
  -2.2380000000004223       -1.8809771751637578E-002
  -2.2320000000004256       -1.9209212241788915E-002
  -2.2260000000004290       -1.9616041839141410E-002
  -2.2200000000004323       -2.0030370782735243E-002
  -2.2140000000004356       -2.0452310346258013E-002
  -2.2080000000004389       -2.0881972833574430E-002
  -2.2020000000004423       -2.1319471573833199E-002
  -2.1960000000004456       -2.1764920916143231E-002
  -2.1900000000004489       -2.2218436223810860E-002
  -2.1840000000004522       -2.2680133868130097E-002
  -2.1780000000004556       -2.3150131221717760E-002
  -2.1720000000004589       -2.3628546651385224E-002
  -2.1660000000004622       -2.4115499510539078E-002
  -2.1600000000004655       -2.4611110131101906E-002
  -2.1540000000004689       -2.5115499814945957E-002
  -2.1480000000004722       -2.5628790824830803E-002
  -2.1420000000004755       -2.6151106374837498E-002
  -2.1360000000004788       -2.6682570620290849E-002
  -2.1300000000004822       -2.7223308647162159E-002
  -2.1240000000004855       -2.7773446460943870E-002
  -2.1180000000004888       -2.8333110974988970E-002
  -2.1120000000004922       -2.8902429998306427E-002
  -2.1060000000004955       -2.9481532222805518E-002
  -2.1000000000004988       -3.0070547209980626E-002
  -2.0940000000005021       -3.0669605377029431E-002
  -2.0880000000005055       -3.1278837982395953E-002
  -2.0820000000005088       -3.1898377110731714E-002
  -2.0760000000005121       -3.2528355657266965E-002
  -2.0700000000005154       -3.3168907311584339E-002
  -2.0640000000005188       -3.3820166540788024E-002
  -2.0580000000005221       -3.4482268572060805E-002
  -2.0520000000005254       -3.5155349374601873E-002
  -2.0460000000005287       -3.5839545640938247E-002
  -2.0400000000005321       -3.6534994767602573E-002
  -2.0340000000005354       -3.7241834835170871E-002
  -2.0280000000005387       -3.7960204587652875E-002
  -2.0220000000005420       -3.8690243411228828E-002
  -2.0160000000005454       -3.9432091312325362E-002
  -2.0100000000005487       -4.0185888895024974E-002
  -2.0040000000005520       -4.0951777337802378E-002
  -1.9980000000005553       -4.1729898369580895E-002
  -1.9920000000005587       -4.2520394245104370E-002
  -1.9860000000005620       -4.3323407719617298E-002
  -1.9800000000005653       -4.4139082022848060E-002
  -1.9740000000005686       -4.4967560832290115E-002
  -1.9680000000005720       -4.5808988245774868E-002
  -1.9620000000005753       -4.6663508753331924E-002
  -1.9560000000005786       -4.7531267208331125E-002
  -1.9500000000005819       -4.8412408797901638E-002
  -1.9440000000005853       -4.9307079012623725E-002
  -1.9380000000005886       -5.0215423615488870E-002
  -1.9320000000005919       -5.1137588610123068E-002
  -1.9260000000005952       -5.2073720208270786E-002
  -1.9200000000005986       -5.3023964796534602E-002
  -1.9140000000006019       -5.3988468902367380E-002
  -1.9080000000006052       -5.4967379159313746E-002
  -1.9020000000006085       -5.5960842271498210E-002
  -1.8960000000006119       -5.6969004977355291E-002
  -1.8900000000006152       -5.7992014012602233E-002
  -1.8840000000006185       -5.9030016072448267E-002
  -1.8780000000006218       -6.0083157773041629E-002
  -1.8720000000006252       -6.1151585612150415E-002
  -1.8660000000006285       -6.2235445929076726E-002
  -1.8600000000006318       -6.3334884863802718E-002
  -1.8540000000006351       -6.4450048315367367E-002
  -1.8480000000006385       -6.5581081899473773E-002
  -1.8420000000006418       -6.6728130905326019E-002
  -1.8360000000006451       -6.7891340251696630E-002
  -1.8300000000006484       -6.9070854442223509E-002
  -1.8240000000006518       -7.0266817519938268E-002
  -1.8180000000006551       -7.1479373021025944E-002
  -1.8120000000006584       -7.2708663927818315E-002
  -1.8060000000006617       -7.3954832621021413E-002
  -1.8000000000006651       -7.5218020831179982E-002
  -1.7940000000006684       -7.6498369589380721E-002
  -1.7880000000006717       -7.7796019177197862E-002
  -1.7820000000006750       -7.9111109075882480E-002
  -1.7760000000006784       -8.0443777914800674E-002
  -1.7700000000006817       -8.1794163419123614E-002
  -1.7640000000006850       -8.3162402356773607E-002
  -1.7580000000006883       -8.4548630484630669E-002
  -1.7520000000006917       -8.5952982494005264E-002
  -1.7460000000006950       -8.7375591955381346E-002
  -1.7400000000006983       -8.8816591262437086E-002
  -1.7340000000007016       -9.0276111575347762E-002
  -1.7280000000007050       -9.1754282763378270E-002
  -1.7220000000007083       -9.3251233346772905E-002
  -1.7160000000007116       -9.4767090437947843E-002
  -1.7100000000007149       -9.6301979681996872E-002
  -1.7040000000007183       -9.7856025196515872E-002
  -1.6980000000007216       -9.9429349510757159E-002
  -1.6920000000007249      -0.10102207350412105     
  -1.6860000000007282      -0.10263431634399575     
  -1.6800000000007316      -0.10426619542295411     
  -1.6740000000007349      -0.10591782629531951     
  -1.6680000000007382      -0.10758932261310966     
  -1.6620000000007416      -0.10928079606137235     
  -1.6560000000007449      -0.11099235629292256     
  -1.6500000000007482      -0.11272411086249516     
  -1.6440000000007515      -0.11447616516032472     
  -1.6380000000007549      -0.11624862234516647     
  -1.6320000000007582      -0.11804158327677293     
  -1.6260000000007615      -0.11985514644783736     
  -1.6200000000007648      -0.12168940791542379     
  -1.6140000000007682      -0.12354446123189336     
  -1.6080000000007715      -0.12542039737534780     
  -1.6020000000007748      -0.12731730467960137     
  -1.5960000000007781      -0.12923526876370250     
  -1.5900000000007815      -0.13117437246101873     
  -1.5840000000007848      -0.13313469574790476     
  -1.5780000000007881      -0.13511631567197047     
  -1.5720000000007914      -0.13711930627996874     
  -1.5660000000007948      -0.13914373854532078     
  -1.5600000000007981      -0.14118968029530060     
  -1.5540000000008014      -0.14325719613789542     
  -1.5480000000008047      -0.14534634738836708     
  -1.5420000000008081      -0.14745719199553073     
  -1.5360000000008114      -0.14958978446777721     
  -1.5300000000008147      -0.15174417579885616     
  -1.5240000000008180      -0.15392041339344706     
  -1.5180000000008214      -0.15611854099253794     
  -1.5120000000008247      -0.15833859859863642     
  -1.5060000000008280      -0.16058062240083809     
  -1.5000000000008313      -0.16284464469977397     
  -1.4940000000008347      -0.16513069383246509     
  -1.4880000000008380      -0.16743879409710738     
  -1.4820000000008413      -0.16976896567781380     
  -1.4760000000008446      -0.17212122456933932     
  -1.4700000000008480      -0.17449558250181613     
  -1.4640000000008513      -0.17689204686552609     
  -1.4580000000008546      -0.17931062063573810     
  -1.4520000000008579      -0.18175130229763775     
  -1.4460000000008613      -0.18421408577137960     
  -1.4400000000008646      -0.18669896033728911     
  -1.4340000000008679      -0.18920591056124450     
  -1.4280000000008712      -0.19173491622026892     
  -1.4220000000008746      -0.19428595222836159     
  -1.4160000000008779      -0.19685898856260037     
  -1.4100000000008812      -0.19945399018954521     
  -1.4040000000008845      -0.20207091699197491     
  -1.3980000000008879      -0.20470972369598872     
  -1.3920000000008912      -0.20737035979850416     
  -1.3860000000008945      -0.21005276949518534     
  -1.3800000000008978      -0.21275689160883279     
  -1.3740000000009012      -0.21548265951826870     
  -1.3680000000009045      -0.21823000108775228     
  -1.3620000000009078      -0.22099883859695657     
  -1.3560000000009111      -0.22378908867154390     
  -1.3500000000009145      -0.22660066221437136     
  -1.3440000000009178      -0.22943346433736461     
  -1.3380000000009211      -0.23228739429409165     
  -1.3320000000009244      -0.23516234541307360     
  -1.3260000000009278      -0.23805820503186867     
  -1.3200000000009311      -0.24097485443196390     
  -1.3140000000009344      -0.24391216877451066     
  -1.3080000000009377      -0.24687001703694239     
  -1.3020000000009411      -0.24984826195050694     
  -1.2960000000009444      -0.25284675993875511     
  -1.2900000000009477      -0.25586536105701857     
  -1.2840000000009510      -0.25890390893291548     
  -1.2780000000009544      -0.26196224070792085     
  -1.2720000000009577      -0.26504018698004017     
  -1.2660000000009610      -0.26813757174762043     
  -1.2600000000009643      -0.27125421235434061     
  -1.2540000000009677      -0.27438991943541502     
  -1.2480000000009710      -0.27754449686504984     
  -1.2420000000009743      -0.28071774170519015     
  -1.2360000000009776      -0.28390944415559349     
  -1.2300000000009810      -0.28711938750527094     
  -1.2240000000009843      -0.29034734808532986     
  -1.2180000000009876      -0.29359309522325949     
  -1.2120000000009910      -0.29685639119869434     
  -1.2060000000009943      -0.30013699120069559     
  -1.2000000000009976      -0.30343464328658570     
  -1.1940000000010009      -0.30674908834237558     
  -1.1880000000010043      -0.31008006004482186     
  -1.1820000000010076      -0.31342728482514920     
  -1.1760000000010109      -0.31679048183447783     
  -1.1700000000010142      -0.32016936291099279     
  -1.1640000000010176      -0.32356363254888887     
  -1.1580000000010209      -0.32697298786913187     
  -1.1520000000010242      -0.33039711859207049     
  -1.1460000000010275      -0.33383570701193405     
  -1.1400000000010309      -0.33728842797325553     
  -1.1340000000010342      -0.34075494884925156     
  -1.1280000000010375      -0.34423492952219664     
  -1.1220000000010408      -0.34772802236582795     
  -1.1160000000010442      -0.35123387222981217     
  -1.1100000000010475      -0.35475211642631149     
  -1.1040000000010508      -0.35828238471868135     
  -1.0980000000010541      -0.36182429931233479     
  -1.0920000000010575      -0.36537747484780303     
  -1.0860000000010608      -0.36894151839603129     
  -1.0800000000010641      -0.37251602945593487     
  -1.0740000000010674      -0.37610059995425243     
  -1.0680000000010708      -0.37969481424772511     
  -1.0620000000010741      -0.38329824912763416     
  -1.0560000000010774      -0.38691047382672328     
  -1.0500000000010807      -0.39053105002854233     
  -1.0440000000010841      -0.39415953187923092     
  -1.0380000000010874      -0.39779546600178234     
  -1.0320000000010907      -0.40143839151280625     
  -1.0260000000010940      -0.40508784004181964     
  -1.0200000000010974      -0.40874333575309535     
  -1.0140000000011007      -0.41240439537009077     
  -1.0080000000011040      -0.41607052820248180     
  -1.0020000000011073      -0.41974123617582848     
 -0.99600000000111066      -0.42341601386389183     
 -0.99000000000111399      -0.42709434852363010     
 -0.98400000000111731      -0.43077572013289028     
 -0.97800000000112064      -0.43445960143082063     
 -0.97200000000112396      -0.43814545796102122     
 -0.96600000000112729      -0.44183274811745443     
 -0.96000000000113062      -0.44552092319313041     
 -0.95400000000113394      -0.44920942743159009     
 -0.94800000000113727      -0.45289769808119529     
 -0.94200000000114059      -0.45658516545225042     
 -0.93600000000114392      -0.46027125297696098     
 -0.93000000000114724      -0.46395537727225034     
 -0.92400000000115057      -0.46763694820544338     
 -0.91800000000115389      -0.47131536896282922     
 -0.91200000000115722      -0.47499003612111473     
 -0.90600000000116054      -0.47866033972177735     
 -0.90000000000116387      -0.48232566334832733     
 -0.89400000000116719      -0.48598538420648363     
 -0.88800000000117052      -0.48963887320727395     
 -0.88200000000117385      -0.49328549505306024     
 -0.87600000000117717      -0.49692460832649726     
 -0.87000000000118050      -0.50055556558242398     
 -0.86400000000118382      -0.50417771344269124     
 -0.85800000000118715      -0.50779039269392701     
 -0.85200000000119047      -0.51139293838823519     
 -0.84600000000119380      -0.51498467994683128     
 -0.84000000000119712      -0.51856494126660724     
 -0.83400000000120045      -0.52213304082962342     
 -0.82800000000120377      -0.52568829181552146     
 -0.82200000000120710      -0.52923000221685257     
 -0.81600000000121042      -0.53275747495731018     
 -0.81000000000121375      -0.53627000801286173     
 -0.80400000000121707      -0.53976689453576432     
 -0.79800000000122040      -0.54324742298145634     
 -0.79200000000122373      -0.54671087723830969     
 -0.78600000000122705      -0.55015653676022802     
 -0.78000000000123038      -0.55358367670207609     
 -0.77400000000123370      -0.55699156805792072     
 -0.76800000000123703      -0.56037947780206920     
 -0.76200000000124035      -0.56374666903288040     
 -0.75600000000124368      -0.56709240111932779     
 -0.75000000000124700      -0.57041592985029832     
 -0.74400000000125033      -0.57371650758659187     
 -0.73800000000125365      -0.57699338341560624     
 -0.73200000000125698      -0.58024580330867570     
 -0.72600000000126030      -0.58347301028103460     
 -0.72000000000126363      -0.58667424455437900     
 -0.71400000000126695      -0.58984874372199503     
 -0.70800000000127028      -0.59299574291642021     
 -0.70200000000127361      -0.59611447497960424     
 -0.69600000000127693      -0.59920417063553622     
 -0.69000000000128026      -0.60226405866530042     
 -0.68400000000128358      -0.60529336608452267     
 -0.67800000000128691      -0.60829131832316874     
 -0.67200000000129023      -0.61125713940765392     
 -0.66600000000129356      -0.61419005214522349     
 -0.66000000000129688      -0.61708927831055849     
 -0.65400000000130021      -0.61995403883456413     
 -0.64800000000130353      -0.62278355399529273     
 -0.64200000000130686      -0.62557704361095756     
 -0.63600000000131018      -0.62833372723498704     
 -0.63000000000131351      -0.63105282435306687     
 -0.62400000000131683      -0.63373355458212510     
 -0.61800000000132016      -0.63637513787120126     
 -0.61200000000132349      -0.63897679470415114     
 -0.60600000000132681      -0.64153774630412785     
 -0.60000000000133014      -0.64405721483978673     
 -0.59400000000133346      -0.64653442363315328     
 -0.58800000000133679      -0.64896859736909940     
 -0.58200000000134011      -0.65135896230636270     
 -0.57600000000134344      -0.65370474649005306     
 -0.57000000000134676      -0.65600517996558116     
 -0.56400000000135009      -0.65825949499394665     
 -0.55800000000135341      -0.66046692626831971     
 -0.55200000000135674      -0.66262671113185367     
 -0.54600000000136006      -0.66473808979665805     
 -0.54000000000136339      -0.66680030556386694     
 -0.53400000000136671      -0.66881260504473294     
 -0.52800000000137004      -0.67077423838267569     
 -0.52200000000137337      -0.67268445947621491     
 -0.51600000000137669      -0.67454252620271749     
 -0.51000000000138002      -0.67634770064288174     
 -0.50400000000138334      -0.67809924930588938     
 -0.49800000000138667      -0.67979644335514666     
 -0.49200000000138999      -0.68143855883454263     
 -0.48600000000139332      -0.68302487689514269     
 -0.48000000000139664      -0.68455468402224773     
 -0.47400000000139997      -0.68602727226273319     
 -0.46800000000140329      -0.68744193945259258     
 -0.46200000000140662      -0.68879798944460524     
 -0.45600000000140994      -0.69009473233605045     
 -0.45000000000141327      -0.69133148469638017     
 -0.44400000000141659      -0.69250756979477701     
 -0.43800000000141992      -0.69362231782750605     
 -0.43200000000142325      -0.69467506614498742     
 -0.42600000000142657      -0.69566515947849739     
 -0.42000000000142990      -0.69659195016641839     
 -0.41400000000143322      -0.69745479837995383     
 -0.40800000000143655      -0.69825307234821798     
 -0.40200000000143987      -0.69898614858262376     
 -0.39600000000144320      -0.69965341210047372     
 -0.39000000000144652      -0.70025425664767360     
 -0.38400000000144985      -0.70078808492048117     
 -0.37800000000145317      -0.70125430878620199     
 -0.37200000000145650      -0.70165234950274624     
 -0.36600000000145982      -0.70198163793696133     
 -0.36000000000146315      -0.70224161478164737     
 -0.35400000000146647      -0.70243173077117538     
 -0.34800000000146980      -0.70255144689561577     
 -0.34200000000147313      -0.70260023461329024     
 -0.33600000000147645      -0.70257757606166127     
 -0.33000000000147978      -0.70248296426647050     
 -0.32400000000148310      -0.70231590334903893     
 -0.31800000000148643      -0.70207590873164161     
 -0.31200000000148975      -0.70176250734086920     
 -0.30600000000149308      -0.70137523780889055     
 -0.30000000000149640      -0.70091365067252942     
 -0.29400000000149973      -0.70037730857006708     
 -0.28800000000150305      -0.69976578643568854     
 -0.28200000000150638      -0.69907867169148308     
 -0.27600000000150970      -0.69831556443691589     
 -0.27000000000151303      -0.69747607763568498     
 -0.26400000000151636      -0.69655983729988002     
 -0.25800000000151968      -0.69556648267135890     
 -0.25200000000152301      -0.69449566640025884     
 -0.24600000000152633      -0.69334705472055913     
 -0.24000000000152966      -0.69212032762261511     
 -0.23400000000153298      -0.69081517902258016     
 -0.22800000000153631      -0.68943131692863546     
 -0.22200000000153963      -0.68796846360395270     
 -0.21600000000154296      -0.68642635572630140     
 -0.21000000000154628      -0.68480474454423379     
 -0.20400000000154961      -0.68310339602976089     
 -0.19800000000155293      -0.68132209102745189     
 -0.19200000000155626      -0.67946062539987362     
 -0.18600000000155958      -0.67751881016930426     
 -0.18000000000156291      -0.67549647165564231     
 -0.17400000000156624      -0.67339345161044128     
 -0.16800000000156956      -0.67120960734700030     
 -0.16200000000157289      -0.66894481186644017     
 -0.15600000000157621      -0.66659895397969571     
 -0.15000000000157954      -0.66417193842536071     
 -0.14400000000158286      -0.66166368598331604     
 -0.13800000000158619      -0.65907413358407896     
 -0.13200000000158951      -0.65640323441381054     
 -0.12600000000159284      -0.65365095801491957     
 -0.12000000000159616      -0.65081729038220248     
 -0.11400000000159949      -0.64790223405446234     
 -0.10800000000160281      -0.64490580820154553     
 -0.10200000000160614      -0.64182804870675059     
  -9.6000000001609465E-002 -0.63866900824454087     
  -9.0000000001612790E-002 -0.63542875635352425     
  -8.4000000001616115E-002 -0.63210737950463780     
  -7.8000000001619441E-002 -0.62870498116449380     
  -7.2000000001622766E-002 -0.62522168185384019     
  -6.6000000001626091E-002 -0.62165761920108920     
  -6.0000000001629417E-002 -0.61801294799086925     
  -5.4000000001632742E-002 -0.61428784020756111     
  -4.8000000001636067E-002 -0.61048248507377778     
  -4.2000000001639393E-002 -0.60659708908374754     
  -3.6000000001642718E-002 -0.60263187603156942     
  -3.0000000001646043E-002 -0.59858708703429886     
  -2.4000000001649369E-002 -0.59446298054984226     
  -1.8000000001652694E-002 -0.59025983238961921     
  -1.2000000001656019E-002 -0.58597793572597212     
  -6.0000000016593447E-003 -0.58161760109429173     
  -1.6626700016786344E-012 -0.57717915638983885     
   5.9999999983340602E-003 -0.57266294685923713     
   1.1999999998330790E-002 -0.56806933508661817     
   1.7999999998327521E-002 -0.56339870097439926     
   2.3999999998324251E-002 -0.55865144171868086     
   2.9999999998320981E-002 -0.55382797177924925     
   3.5999999998317711E-002 -0.54892872284416905     
   4.1999999998314441E-002 -0.54395414378896267     
   4.7999999998311171E-002 -0.53890470063036500     
   5.3999999998307902E-002 -0.53378087647464878     
   5.9999999998304632E-002 -0.52858317146051881     
   6.5999999998301362E-002 -0.52331210269657502     
   7.1999999998298092E-002 -0.51796820419334433     
   7.7999999998294822E-002 -0.51255202678988621     
   8.3999999998291552E-002 -0.50706413807497619     
   8.9999999998288283E-002 -0.50150512230288014     
   9.5999999998285013E-002 -0.49587558030372281     
  0.10199999999828174      -0.49017612938847099     
  0.10799999999827847      -0.48440740324854031     
  0.11399999999827520      -0.47857005185004597     
  0.11999999999827193      -0.47266474132271585     
  0.12599999999826866      -0.46669215384348861     
  0.13199999999826539      -0.46065298751482020     
  0.13799999999826212      -0.45454795623772359     
  0.14399999999825885      -0.44837778957957392     
  0.14999999999825558      -0.44214323263670513     
  0.15599999999825231      -0.43584504589183437     
  0.16199999999824904      -0.42948400506634837     
  0.16799999999824577      -0.42306090096748777     
  0.17399999999824250      -0.41657653933047134     
  0.17999999999823924      -0.41003174065559839     
  0.18599999999823597      -0.40342734004037822     
  0.19199999999823270      -0.39676418700672650     
  0.19799999999822943      -0.39004314532328188     
  0.20399999999822616      -0.38326509282289001     
  0.20999999999822289      -0.37643092121530902     
  0.21599999999821962      -0.36954153589518990     
  0.22199999999821635      -0.36259785574538855     
  0.22799999999821308      -0.35560081293566809     
  0.23399999999820981      -0.34855135271685250     
  0.23999999999820654      -0.34145043321049345     
  0.24599999999820327      -0.33429902519411508     
  0.25199999999820000      -0.32709811188210342     
  0.25799999999819673      -0.31984868870230870     
  0.26399999999819346      -0.31255176306843180     
  0.26999999999819019      -0.30520835414826430     
  0.27599999999818692      -0.29781949262786062     
  0.28199999999818365      -0.29038622047171347     
  0.28799999999818038      -0.28290959067901394     
  0.29399999999817711      -0.27539066703607262     
  0.29999999999817384      -0.26783052386498613     
  0.30599999999817057      -0.26023024576862791     
  0.31199999999816730      -0.25259092737205202     
  0.31799999999816403      -0.24491367306039175     
  0.32399999999816076      -0.23719959671334420     
  0.32999999999815749      -0.22944982143632817     
  0.33599999999815422      -0.22166547928840527     
  0.34199999999815095      -0.21384771100705946     
  0.34799999999814768      -0.20599766572992451     
  0.35399999999814441      -0.19811650071355744     
  0.35999999999814114      -0.19020538104935308     
  0.36599999999813787      -0.18226547937669643     
  0.37199999999813460      -0.17429797559345364     
  0.37799999999813133      -0.16630405656389924     
  0.38399999999812806      -0.15828491582418275     
  0.38999999999812479      -0.15024175328543599     
  0.39599999999812152      -0.14217577493462438     
  0.40199999999811825      -0.13408819253324708     
  0.40799999999811498      -0.12598022331399109     
  0.41399999999811171      -0.11785308967544544     
  0.41999999999810844      -0.10970801887498297     
  0.42599999999810517      -0.10154624271991751     
  0.43199999999810190       -9.3368997257045311E-002
  0.43799999999809863       -8.5177522460680180E-002
  0.44399999999809536       -7.6973061919292721E-002
  0.44999999999809209       -6.8756862520864340E-002
  0.45599999999808882       -6.0530174137067662E-002
  0.46199999999808550       -5.2294249306385224E-002
  0.46799999999808223       -4.4050342916278837E-002
  0.47399999999807896       -3.5799711884522752E-002
  0.47999999999807569       -2.7543614839813751E-002
  0.48599999999807242       -1.9283311801771775E-002
  0.49199999999806915       -1.1020063860445115E-002
  0.49799999999806588       -2.7551328554341731E-003
  0.50399999999806255        5.5102189452518793E-003
  0.50999999999805934        1.3774729166491062E-002
  0.51599999999805601        2.2037135647382758E-002
  0.52199999999805280        3.0296176762505511E-002
  0.52799999999804947        3.8550591742984051E-002
  0.53399999999804626        4.6799120997251066E-002
  0.53999999999804293        5.5040506431389566E-002
  0.54599999999803972        6.3273491768941717E-002
  0.55199999999803639        7.1496822870070323E-002
  0.55799999999803318        7.9709248049959547E-002
  0.56399999999802986        8.7909518396341577E-002
  0.56999999999802653        9.6096388086036516E-002
  0.57599999999802332       0.10426861470039321     
  0.58199999999802010       0.11242495953951917     
  0.58799999999801678       0.12056418793518833     
  0.59399999999801345       0.12868506956231596     
  0.59999999999801024       0.13678637874889091     
  0.60599999999800702       0.14486689478425555     
  0.61199999999800370       0.15292540222562498     
  0.61799999999800037       0.16096069120273851     
  0.62399999999799716       0.16897155772053485     
  0.62999999999799394       0.17695680395974683     
  0.63599999999799062       0.18491523857530948     
  0.64199999999798729       0.19284567699247795     
  0.64799999999798408       0.20074694170055177     
  0.65399999999798086       0.20861786254410444     
  0.65999999999797754       0.21645727701161607     
  0.66599999999797421       0.22426403052141156     
  0.67199999999797100       0.23203697670480344     
  0.67799999999796778       0.23977497768634518     
  0.68399999999796446       0.24747690436109548     
  0.68999999999796113       0.25514163666880330     
  0.69599999999795792       0.26276806386491736     
  0.70199999999795470       0.27035508478832887     
  0.70799999999795138       0.27790160812575970     
  0.71399999999794805       0.28540655267270459     
  0.71999999999794484       0.29286884759084086     
  0.72599999999794163       0.30028743266182217     
  0.73199999999793830       0.30766125853736959     
  0.73799999999793497       0.31498928698557910     
  0.74399999999793176       0.32227049113336603     
  0.74999999999792855       0.32950385570496515     
  0.75599999999792522       0.33668837725641143     
  0.76199999999792190       0.34382306440592536     
  0.76799999999791868       0.35090693806013018     
  0.77399999999791547       0.35793903163602703     
  0.77999999999791214       0.36491839127866260     
  0.78599999999790882       0.37184407607441583     
  0.79199999999790560       0.37871515825984448     
  0.79799999999790239       0.38553072342602096     
  0.80399999999789906       0.39228987071830040     
  0.80999999999789574       0.39899171303145869     
  0.81599999999789252       0.40563537720014353     
  0.82199999999788931       0.41222000418458216     
  0.82799999999788598       0.41874474925149163     
  0.83399999999788266       0.42520878215014141     
  0.83999999999787944       0.43161128728351811     
  0.84599999999787623       0.43795146387454315     
  0.85199999999787290       0.44422852612730090     
  0.85799999999786958       0.45044170338323303     
  0.86399999999786636       0.45659024027225720     
  0.86999999999786315       0.46267339685877157     
  0.87599999999785982       0.46869044878251176     
  0.88199999999785650       0.47464068739421966     
  0.88799999999785328       0.48052341988609831     
  0.89399999999785007       0.48633796941701823     
  0.89999999999784674       0.49208367523245078     
  0.90599999999784342       0.49775989277910104     
  0.91199999999784020       0.50336599381421732     
  0.91799999999783699       0.50890136650955686     
  0.92399999999783367       0.51436541554998960     
  0.92999999999783034       0.51975756222672054     
  0.93599999999782713       0.52507724452512139     
  0.94199999999782391       0.53032391720715399     
  0.94799999999782059       0.53549705188838004     
  0.95399999999781726       0.54059613710954713     
  0.95999999999781405       0.54562067840274753     
  0.96599999999781083       0.55057019835214416     
  0.97199999999780751       0.55544423664926657     
  0.97799999999780418       0.56024235014287416     
  0.98399999999780097       0.56496411288339365     
  0.98999999999779775       0.56960911616193433     
  0.99599999999779443       0.57417696854388989     
   1.0019999999977911       0.57866729589713739     
   1.0079999999977878       0.58307974141484453     
   1.0139999999977845       0.58741396563289983     
   1.0199999999977811       0.59166964644198439     
   1.0259999999977778       0.59584647909429922     
   1.0319999999977745       0.59994417620497431     
   1.0379999999977712       0.60396246774817708     
   1.0439999999977678       0.60790110104795125     
   1.0499999999977645       0.61175984076380474     
   1.0559999999977612       0.61553846887108421     
   1.0619999999977578       0.61923678463615883     
   1.0679999999977545       0.62285460458645536     
   1.0739999999977512       0.62639176247536921     
   1.0799999999977479       0.62984810924209733     
   1.0859999999977445       0.63322351296642287     
   1.0919999999977412       0.63651785881850220     
   1.0979999999977379       0.63973104900368571     
   1.1039999999977346       0.64286300270242458     
   1.1099999999977312       0.64591365600530648     
   1.1159999999977279       0.64888296184326610     
   1.1219999999977246       0.65177088991302390     
   1.1279999999977213       0.65457742659780016     
   1.1339999999977179       0.65730257488335930     
   1.1399999999977146       0.65994635426943848     
   1.1459999999977113       0.66250880067661522     
   1.1519999999977080       0.66498996634867336     
   1.1579999999977046       0.66738991975052397     
   1.1639999999977013       0.66970874546174486     
   1.1699999999976980       0.67194654406579635     
   1.1759999999976947       0.67410343203498202     
   1.1819999999976913       0.67617954161121241     
   1.1879999999976880       0.67817502068264524     
   1.1939999999976847       0.68009003265626244     
   1.1999999999976814       0.68192475632645821     
   1.2059999999976780       0.68367938573970399     
   1.2119999999976747       0.68535413005536339     
   1.2179999999976714       0.68694921340272885     
   1.2239999999976681       0.68846487473435380     
   1.2299999999976647       0.68990136767575228     
   1.2359999999976614       0.69125896037154522     
   1.2419999999976581       0.69253793532812657     
   1.2479999999976548       0.69373858925292653     
   1.2539999999976514       0.69486123289035406     
   1.2599999999976481       0.69590619085449279     
   1.2659999999976448       0.69687380145863254     
   1.2719999999976415       0.69776441654171617     
   1.2779999999976381       0.69857840129178683     
   1.2839999999976348       0.69931613406651061     
   1.2899999999976315       0.69997800621086392     
   1.2959999999976282       0.70056442187206680     
   1.3019999999976248       0.70107579781184326     
   1.3079999999976215       0.70151256321609923     
   1.3139999999976182       0.70187515950209545     
   1.3199999999976149       0.70216404012320754     
   1.3259999999976115       0.70237967037135540     
   1.3319999999976082       0.70252252717718877     
   1.3379999999976049       0.70259309890811350     
   1.3439999999976016       0.70259188516425142     
   1.3499999999975982       0.70251939657241358     
   1.3559999999975949       0.70237615457817659     
   1.3619999999975916       0.70216269123615160     
   1.3679999999975883       0.70187954899853233     
   1.3739999999975849       0.70152728050200419     
   1.3799999999975816       0.70110644835311375     
   1.3859999999975783       0.70061762491217205     
   1.3919999999975750       0.70006139207579210     
   1.3979999999975716       0.69943834105813729     
   1.4039999999975683       0.69874907217097615     
   1.4099999999975650       0.69799419460262546     
   1.4159999999975617       0.69717432619587050     
   1.4219999999975583       0.69629009322494895     
   1.4279999999975550       0.69534213017168478     
   1.4339999999975517       0.69433107950085837     
   1.4399999999975484       0.69325759143489629     
   1.4459999999975450       0.69212232372797089     
   1.4519999999975417       0.69092594143958919     
   1.4579999999975384       0.68966911670775954     
   1.4639999999975351       0.68835252852181583     
   1.4699999999975317       0.68697686249498902     
   1.4759999999975284       0.68554281063680034     
   1.4819999999975251       0.68405107112536645     
   1.4879999999975217       0.68250234807969168     
   1.4939999999975184       0.68089735133203366     
   1.4999999999975151       0.67923679620041699     
   1.5059999999975118       0.67752140326138077     
   1.5119999999975084       0.67575189812303194     
   1.5179999999975051       0.67392901119848836     
   1.5239999999975018       0.67205347747978417     
   1.5299999999974985       0.67012603631231693     
   1.5359999999974951       0.66814743116991004     
   1.5419999999974918       0.66611840943056577     
   1.5479999999974885       0.66403972215298146     
   1.5539999999974852       0.66191212385390419     
   1.5599999999974818       0.65973637228639104     
   1.5659999999974785       0.65751322821905089     
   1.5719999999974752       0.65524345521633220     
   1.5779999999974719       0.65292781941993072     
   1.5839999999974685       0.65056708933137830     
   1.5899999999974652       0.64816203559588625     
   1.5959999999974619       0.64571343078750298     
   1.6019999999974586       0.64322204919565240     
   1.6079999999974552       0.64068866661311674     
   1.6139999999974519       0.63811406012552374     
   1.6199999999974486       0.63549900790240144     
   1.6259999999974453       0.63284428898985645     
   1.6319999999974419       0.63015068310493871     
   1.6379999999974386       0.62741897043174588     
   1.6439999999974353       0.62464993141932401     
   1.6499999999974320       0.62184434658142096     
   1.6559999999974286       0.61900299629814370     
   1.6619999999974253       0.61612666061957166     
   1.6679999999974220       0.61321611907137863     
   1.6739999999974187       0.61027215046251015     
   1.6799999999974153       0.60729553269496706     
   1.6859999999974120       0.60428704257573862     
   1.6919999999974087       0.60124745563093485     
   1.6979999999974054       0.59817754592215788     
   1.7039999999974020       0.59507808586515798     
   1.7099999999973987       0.59194984605081513     
   1.7159999999973954       0.58879359506848461     
   1.7219999999973921       0.58561009933174712     
   1.7279999999973887       0.58240012290660004     
   1.7339999999973854       0.57916442734212459     
   1.7399999999973821       0.57590377150366723     
   1.7459999999973788       0.57261891140856136     
   1.7519999999973754       0.56931060006443002     
   1.7579999999973721       0.56597958731009279     
   1.7639999999973688       0.56262661965910943     
   1.7699999999973655       0.55925244014598630     
   1.7759999999973621       0.55585778817507570     
   1.7819999999973588       0.55244339937218556     
   1.7879999999973555       0.54901000543893153     
   1.7939999999973522       0.54555833400984655     
   1.7999999999973488       0.54208910851227488     
   1.8059999999973455       0.53860304802906556     
   1.8119999999973422       0.53510086716408356     
   1.8179999999973389       0.53158327591056009     
   1.8239999999973355       0.52805097952229207     
   1.8299999999973322       0.52450467838770776     
   1.8359999999973289       0.52094506790680983     
   1.8419999999973256       0.51737283837101178     
   1.8479999999973222       0.51378867484586821     
   1.8539999999973189       0.51019325705672214     
   1.8599999999973156       0.50658725927726111     
   1.8659999999973123       0.50297135022100348     
   1.8719999999973089       0.49934619293570637     
   1.8779999999973056       0.49571244470071252     
   1.8839999999973023       0.49207075692722524     
   1.8899999999972990       0.48842177506152579     
   1.8959999999972956       0.48476613849112188     
   1.9019999999972923       0.48110448045383575     
   1.9079999999972890       0.47743742794982302     
   1.9139999999972857       0.47376560165652321     
   1.9199999999972823       0.47008961584653497     
   1.9259999999972790       0.46641007830841141     
   1.9319999999972757       0.46272759027037019     
   1.9379999999972723       0.45904274632690634     
   1.9439999999972690       0.45535613436830441     
   1.9499999999972657       0.45166833551303676     
   1.9559999999972624       0.44797992404303644     
   1.9619999999972590       0.44429146734183528     
   1.9679999999972557       0.44060352583555101     
   1.9739999999972524       0.43691665293671383     
   1.9799999999972491       0.43323139499091073     
   1.9859999999972457       0.42954829122623905     
   1.9919999999972424       0.42586787370554730     
   1.9979999999972391       0.42219066728144627     
   2.0039999999972355       0.41851718955407419     
   2.0099999999972322       0.41484795083159309     
   2.0159999999972289       0.41118345409339768     
   2.0219999999972256       0.40752419495601555     
   2.0279999999972222       0.40387066164167601     
   2.0339999999972189       0.40022333494952445     
   2.0399999999972156       0.39658268822945969     
   2.0459999999972123       0.39294918735856788     
   2.0519999999972089       0.38932329072012978     
   2.0579999999972056       0.38570544918517502     
   2.0639999999972023       0.38209610609655564     
   2.0699999999971990       0.37849569725551235     
   2.0759999999971956       0.37490465091070652     
   2.0819999999971923       0.37132338774968843     
   2.0879999999971890       0.36775232089277060     
   2.0939999999971857       0.36419185588928288     
   2.0999999999971823       0.36064239071616938     
   2.1059999999971790       0.35710431577890567     
   2.1119999999971757       0.35357801391469929     
   2.1179999999971724       0.35006386039794346     
   2.1239999999971690       0.34656222294789057     
   2.1299999999971657       0.34307346173851555     
   2.1359999999971624       0.33959792941053085     
   2.1419999999971591       0.33613597108552540     
   2.1479999999971557       0.33268792438218764     
   2.1539999999971524       0.32925411943458271     
   2.1599999999971491       0.32583487891244556     
   2.1659999999971458       0.32243051804345846     
   2.1719999999971424       0.31904134463747286     
   2.1779999999971391       0.31566765911264483     
   2.1839999999971358       0.31230975452344334     
   2.1899999999971325       0.30896791659049977     
   2.1959999999971291       0.30564242373225736     
   2.2019999999971258       0.30233354709838767     
   2.2079999999971225       0.29904155060493604     
   2.2139999999971192       0.29576669097115676     
   2.2199999999971158       0.29250921775800509     
   2.2259999999971125       0.28926937340824360     
   2.2319999999971092       0.28604739328813095     
   2.2379999999971059       0.28284350573064937     
   2.2439999999971025       0.27965793208023909     
   2.2499999999970992       0.27649088673899702     
   2.2559999999970959       0.27334257721430610     
   2.2619999999970926       0.27021320416785399     
   2.2679999999970892       0.26710296146600576     
   2.2739999999970859       0.26401203623149139     
   2.2799999999970826       0.26094060889637111     
   2.2859999999970793       0.25788885325624067     
   2.2919999999970759       0.25485693652563790     
   2.2979999999970726       0.25184501939461501     
   2.3039999999970693       0.24885325608643741     
   2.3099999999970660       0.24588179441637181     
   2.3159999999970626       0.24293077585152723     
   2.3219999999970593       0.24000033557171141     
   2.3279999999970560       0.23709060253126496     
   2.3339999999970527       0.23420169952183770     
   2.3399999999970493       0.23133374323606937     
   2.3459999999970460       0.22848684433213917     
   2.3519999999970427       0.22566110749914736     
   2.3579999999970394       0.22285663152329324     
   2.3639999999970360       0.22007350935481362     
   2.3699999999970327       0.21731182817564612     
   2.3759999999970294       0.21457166946778267     
   2.3819999999970261       0.21185310908227731     
   2.3879999999970227       0.20915621730887451     
   2.3939999999970194       0.20648105894622287     
   2.3999999999970161       0.20382769337264076     
   2.4059999999970128       0.20119617461739933     
   2.4119999999970094       0.19858655143249052     
   2.4179999999970061       0.19599886736484604     
   2.4239999999970028       0.19343316082897460     
   2.4299999999969994       0.19088946517998645     
   2.4359999999969961       0.18836780878697032     
   2.4419999999969928       0.18586821510669399     
   2.4479999999969895       0.18339070275759609     
   2.4539999999969861       0.18093528559403727     
   2.4599999999969828       0.17850197278078209     
   2.4659999999969795       0.17609076886768002     
   2.4719999999969762       0.17370167386451696     
   2.4779999999969728       0.17133468331600679     
   2.4839999999969695       0.16898978837689549     
   2.4899999999969662       0.16666697588714904     
   2.4959999999969629       0.16436622844719587     
   2.5019999999969600       0.16208752449319858     
   2.5079999999969567       0.15983083837232590     
   2.5139999999969533       0.15759614041799891     
   2.5199999999969500       0.15538339702508633     
   2.5259999999969467       0.15319257072502179     
   2.5319999999969434       0.15102362026081809     
   2.5379999999969400       0.14887650066195487     
   2.5439999999969367       0.14675116331911348     
   2.5499999999969334       0.14464755605873736     
   2.5559999999969301       0.14256562321739269     
   2.5619999999969267       0.14050530571590772     
   2.5679999999969234       0.13846654113326803     
   2.5739999999969201       0.13644926378024499     
   2.5799999999969168       0.13445340477273812     
   2.5859999999969134       0.13247889210480807     
   2.5919999999969101       0.13052565072138089     
   2.5979999999969068       0.12859360259060440     
   2.6039999999969035       0.12668266677583548     
   2.6099999999969001       0.12479275950724085     
   2.6159999999968968       0.12292379425299170     
   2.6219999999968935       0.12107568179003569     
   2.6279999999968902       0.11924833027442669     
   2.6339999999968868       0.11744164531119757     
   2.6399999999968835       0.11565553002375766     
   2.6459999999968802       0.11388988512279991     
   2.6519999999968769       0.11214460897470206     
   2.6579999999968735       0.11041959766940618     
   2.6639999999968702       0.10871474508776294     
   2.6699999999968669       0.10702994296832537     
   2.6759999999968636       0.10536508097357979     
   2.6819999999968602       0.10372004675559969     
   2.6879999999968569       0.10209472602111033     
   2.6939999999968536       0.10048900259595170     
   2.6999999999968503        9.8902758488928336E-002
   2.7059999999968469        9.7335873955034999E-002
   2.7119999999968436        9.5788227558045794E-002
   2.7179999999968403        9.4259696232458903E-002
   2.7239999999968370        9.2750155344784757E-002
   2.7299999999968336        9.1259478754169412E-002
   2.7359999999968303        8.9787538872343933E-002
   2.7419999999968270        8.8334206722890593E-002
   2.7479999999968237        8.6899351999818825E-002
   2.7539999999968203        8.5482843125442173E-002
   2.7599999999968170        8.4084547307549523E-002
   2.7659999999968137        8.2704330595863559E-002
   2.7719999999968103        8.1342057937780335E-002
   2.7779999999968070        7.9997593233383194E-002
   2.7839999999968037        7.8670799389726431E-002
   2.7899999999968004        7.7361538374382241E-002
   2.7959999999967970        7.6069671268247430E-002
   2.8019999999967937        7.4795058317604496E-002
   2.8079999999967904        7.3537558985433474E-002
   2.8139999999967871        7.2297032001970588E-002
   2.8199999999967837        7.1073335414510913E-002
   2.8259999999967804        6.9866326636451259E-002
   2.8319999999967771        6.8675862495571796E-002
   2.8379999999967738        6.7501799281553462E-002
   2.8439999999967704        6.6343992792729373E-002
   2.8499999999967671        6.5202298382068966E-002
   2.8559999999967638        6.4076571002393598E-002
   2.8619999999967605        6.2966665250822729E-002
   2.8679999999967571        6.1872435412450091E-002
   2.8739999999967538        6.0793735503250033E-002
   2.8799999999967505        5.9730419312213685E-002
   2.8859999999967472        5.8682340442715461E-002
   2.8919999999967438        5.7649352353111187E-002
   2.8979999999967405        5.6631308396568061E-002
   2.9039999999967372        5.5628061860128163E-002
   2.9099999999967339        5.4639466003007280E-002
   2.9159999999967305        5.3665374094130865E-002
   2.9219999999967272        5.2705639448908520E-002
   2.9279999999967239        5.1760115465251090E-002
   2.9339999999967206        5.0828655658830803E-002
   2.9399999999967172        4.9911113697589569E-002
   2.9459999999967139        4.9007343435496849E-002
   2.9519999999967106        4.8117198945561934E-002
   2.9579999999967073        4.7240534552102829E-002
   2.9639999999967039        4.6377204862276922E-002
   2.9699999999967006        4.5527064796876571E-002
   2.9759999999966973        4.4689969620394392E-002
   2.9819999999966940        4.3865774970362661E-002
   2.9879999999966906        4.3054336885971330E-002
   2.9939999999966873        4.2255511835969484E-002
