  -3.0000000000000000        1.4172852252508026E-004
  -2.9940000000000033        1.4599705401360851E-004
  -2.9880000000000067        1.5038648705840635E-004
  -2.9820000000000100        1.5490000293682187E-004
  -2.9760000000000133        1.5954085925287792E-004
  -2.9700000000000166        1.6431239155472723E-004
  -2.9640000000000200        1.6921801498047287E-004
  -2.9580000000000233        1.7426122593269092E-004
  -2.9520000000000266        1.7944560378199744E-004
  -2.9460000000000299        1.8477481259999884E-004
  -2.9400000000000333        1.9025260292196105E-004
  -2.9340000000000366        1.9588281353953842E-004
  -2.9280000000000399        2.0166937332389930E-004
  -2.9220000000000432        2.0761630307958092E-004
  -2.9160000000000466        2.1372771742941246E-004
  -2.9100000000000499        2.2000782673083677E-004
  -2.9040000000000532        2.2646093902396744E-004
  -2.8980000000000565        2.3309146201170141E-004
  -2.8920000000000599        2.3990390507222994E-004
  -2.8860000000000632        2.4690288130425870E-004
  -2.8800000000000665        2.5409310960527814E-004
  -2.8740000000000698        2.6147941678318566E-004
  -2.8680000000000732        2.6906673970159874E-004
  -2.8620000000000765        2.7686012745916126E-004
  -2.8560000000000798        2.8486474360315910E-004
  -2.8500000000000831        2.9308586837775903E-004
  -2.8440000000000865        3.0152890100717226E-004
  -2.8380000000000898        3.1019936201404791E-004
  -2.8320000000000931        3.1910289557339169E-004
  -2.8260000000000964        3.2824527190230450E-004
  -2.8200000000000998        3.3763238968583762E-004
  -2.8140000000001031        3.4727027853923606E-004
  -2.8080000000001064        3.5716510150686124E-004
  -2.8020000000001097        3.6732315759806483E-004
  -2.7960000000001131        3.7775088436027836E-004
  -2.7900000000001164        3.8845486048958697E-004
  -2.7840000000001197        3.9944180847904402E-004
  -2.7780000000001230        4.1071859730497709E-004
  -2.7720000000001264        4.2229224515152354E-004
  -2.7660000000001297        4.3416992217364873E-004
  -2.7600000000001330        4.4635895329885522E-004
  -2.7540000000001363        4.5886682106783118E-004
  -2.7480000000001397        4.7170116851422540E-004
  -2.7420000000001430        4.8486980208378131E-004
  -2.7360000000001463        4.9838069459301373E-004
  -2.7300000000001496        5.1224198822761571E-004
  -2.7240000000001530        5.2646199758079096E-004
  -2.7180000000001563        5.4104921273166935E-004
  -2.7120000000001596        5.5601230236397201E-004
  -2.7060000000001629        5.7136011692507686E-004
  -2.7000000000001663        5.8710169182563088E-004
  -2.6940000000001696        6.0324625067982541E-004
  -2.6880000000001729        6.1980320858647843E-004
  -2.6820000000001762        6.3678217545099630E-004
  -2.6760000000001796        6.5419295934835515E-004
  -2.6700000000001829        6.7204556992713816E-004
  -2.6640000000001862        6.9035022185474318E-004
  -2.6580000000001895        7.0911733830378721E-004
  -2.6520000000001929        7.2835755447977308E-004
  -2.6460000000001962        7.4808172119003884E-004
  -2.6400000000001995        7.6830090845401023E-004
  -2.6340000000002028        7.8902640915476244E-004
  -2.6280000000002062        8.1026974273187564E-004
  -2.6220000000002095        8.3204265891555467E-004
  -2.6160000000002128        8.5435714150198302E-004
  -2.6100000000002161        8.7722541216982749E-004
  -2.6040000000002195        9.0065993433785258E-004
  -2.5980000000002228        9.2467341706351912E-004
  -2.5920000000002261        9.4927881898247701E-004
  -2.5860000000002294        9.7448935228882380E-004
  -2.5800000000002328        1.0003184867559791E-003
  -2.5740000000002361        1.0267799537980063E-003
  -2.5680000000002394        1.0538877505712212E-003
  -2.5620000000002427        1.0816561441158476E-003
  -2.5560000000002461        1.1100996755375376E-003
  -2.5500000000002494        1.1392331642284996E-003
  -2.5440000000002527        1.1690717121279445E-003
  -2.5380000000002561        1.1996307080216235E-003
  -2.5320000000002594        1.2309258318800892E-003
  -2.5260000000002627        1.2629730592354101E-003
  -2.5200000000002660        1.2957886655959310E-003
  -2.5140000000002694        1.3293892308987672E-003
  -2.5080000000002727        1.3637916439995820E-003
  -2.5020000000002760        1.3990131071992620E-003
  -2.4960000000002793        1.4350711408070364E-003
  -2.4900000000002827        1.4719835877395665E-003
  -2.4840000000002860        1.5097686181555234E-003
  -2.4780000000002893        1.5484447341251107E-003
  -2.4720000000002926        1.5880307743340253E-003
  -2.4660000000002960        1.6285459188212404E-003
  -2.4600000000002993        1.6700096937500557E-003
  -2.4540000000003026        1.7124419762117519E-003
  -2.4480000000003059        1.7558629990612083E-003
  -2.4420000000003093        1.8002933557838201E-003
  -2.4360000000003126        1.8457540053929786E-003
  -2.4300000000003159        1.8922662773573822E-003
  -2.4240000000003192        1.9398518765574267E-003
  -2.4180000000003226        1.9885328882698326E-003
  -2.4120000000003259        2.0383317831797459E-003
  -2.4060000000003292        2.0892714224193822E-003
  -2.4000000000003325        2.1413750626323789E-003
  -2.3940000000003359        2.1946663610628902E-003
  -2.3880000000003392        2.2491693806684964E-003
  -2.3820000000003425        2.3049085952559401E-003
  -2.3760000000003458        2.3619088946386499E-003
  -2.3700000000003492        2.4201955898150071E-003
  -2.3640000000003525        2.4797944181662859E-003
  -2.3580000000003558        2.5407315486731170E-003
  -2.3520000000003591        2.6030335871493272E-003
  -2.3460000000003625        2.6667275814920006E-003
  -2.3400000000003658        2.7318410269464551E-003
  -2.3340000000003691        2.7984018713849814E-003
  -2.3280000000003724        2.8664385205979409E-003
  -2.3220000000003758        2.9359798435959605E-003
  -2.3160000000003791        3.0070551779218472E-003
  -2.3100000000003824        3.0796943349707699E-003
  -2.3040000000003857        3.1539276053173157E-003
  -2.2980000000003891        3.2297857640479336E-003
  -2.2920000000003924        3.3073000760972080E-003
  -2.2860000000003957        3.3865023015864429E-003
  -2.2800000000003990        3.4674247011629729E-003
  -2.2740000000004024        3.5501000413385086E-003
  -2.2680000000004057        3.6345615998249108E-003
  -2.2620000000004090        3.7208431708656356E-003
  -2.2560000000004123        3.8089790705611256E-003
  -2.2500000000004157        3.8990041421863662E-003
  -2.2440000000004190        3.9909537614987011E-003
  -2.2380000000004223        4.0848638420341692E-003
  -2.2320000000004256        4.1807708403903297E-003
  -2.2260000000004290        4.2787117614936929E-003
  -2.2200000000004323        4.3787241638497381E-003
  -2.2140000000004356        4.4808461647735248E-003
  -2.2080000000004389        4.5851164455987612E-003
  -2.2020000000004423        4.6915742568632776E-003
  -2.1960000000004456        4.8002594234687300E-003
  -2.1900000000004489        4.9112123498123257E-003
  -2.1840000000004522        5.0244740248883632E-003
  -2.1780000000004556        5.1400860273572973E-003
  -2.1720000000004589        5.2580905305799810E-003
  -2.1660000000004622        5.3785303076148289E-003
  -2.1600000000004655        5.5014487361753238E-003
  -2.1540000000004689        5.6268898035456540E-003
  -2.1480000000004722        5.7548981114517866E-003
  -2.1420000000004755        5.8855188808856155E-003
  -2.1360000000004788        6.0187979568795003E-003
  -2.1300000000004822        6.1547818132287367E-003
  -2.1240000000004855        6.2935175571591064E-003
  -2.1180000000004888        6.4350529339370910E-003
  -2.1120000000004922        6.5794363314197598E-003
  -2.1060000000004955        6.7267167845417898E-003
  -2.1000000000004988        6.8769439797366338E-003
  -2.0940000000005021        7.0301682592891846E-003
  -2.0880000000005055        7.1864406256168358E-003
  -2.0820000000005088        7.3458127454762217E-003
  -2.0760000000005121        7.5083369540925940E-003
  -2.0700000000005154        7.6740662592087823E-003
  -2.0640000000005188        7.8430543450507990E-003
  -2.0580000000005221        8.0153555762070075E-003
  -2.0520000000005254        8.1910250014176934E-003
  -2.0460000000005287        8.3701183572719474E-003
  -2.0400000000005321        8.5526920718086152E-003
  -2.0340000000005354        8.7388032680182394E-003
  -2.0280000000005387        8.9285097672425363E-003
  -2.0220000000005420        9.1218700924683843E-003
  -2.0160000000005454        9.3189434715127070E-003
  -2.0100000000005487        9.5197898400951868E-003
  -2.0040000000005520        9.7244698447952801E-003
  -1.9980000000005553        9.9330448458900666E-003
  -1.9920000000005587        1.0145576920069703E-002
  -1.9860000000005620        1.0362128863026765E-002
  -1.9800000000005653        1.0582764191916101E-002
  -1.9740000000005686        1.0807547147681744E-002
  -1.9680000000005720        1.1036542697247097E-002
  -1.9620000000005753        1.1269816535565047E-002
  -1.9560000000005786        1.1507435087524260E-002
  -1.9500000000005819        1.1749465509708030E-002
  -1.9440000000005853        1.1995975692002054E-002
  -1.9380000000005886        1.2247034259047532E-002
  -1.9320000000005919        1.2502710571535664E-002
  -1.9260000000005952        1.2763074727340043E-002
  -1.9200000000005986        1.3028197562483133E-002
  -1.9140000000006019        1.3298150651932978E-002
  -1.9080000000006052        1.3573006310226447E-002
  -1.9020000000006085        1.3852837591915383E-002
  -1.8960000000006119        1.4137718291831304E-002
  -1.8900000000006152        1.4427722945165658E-002
  -1.8840000000006185        1.4722926827360901E-002
  -1.8780000000006218        1.5023405953809301E-002
  -1.8720000000006252        1.5329237079355141E-002
  -1.8660000000006285        1.5640497697596633E-002
  -1.8600000000006318        1.5957266039983712E-002
  -1.8540000000006351        1.6279621074707613E-002
  -1.8480000000006385        1.6607642505378731E-002
  -1.8420000000006418        1.6941410769488369E-002
  -1.8360000000006451        1.7281007036651086E-002
  -1.8300000000006484        1.7626513206623156E-002
  -1.8240000000006518        1.7978011907093722E-002
  -1.8180000000006551        1.8335586491244518E-002
  -1.8120000000006584        1.8699321035074410E-002
  -1.8060000000006617        1.9069300334484750E-002
  -1.8000000000006651        1.9445609902121873E-002
  -1.7940000000006684        1.9828335963972689E-002
  -1.7880000000006717        2.0217565455709803E-002
  -1.7820000000006750        2.0613386018781966E-002
  -1.7760000000006784        2.1015885996246417E-002
  -1.7700000000006817        2.1425154428339199E-002
  -1.7640000000006850        2.1841281047779590E-002
  -1.7580000000006883        2.2264356274805011E-002
  -1.7520000000006917        2.2694471211932712E-002
  -1.7460000000006950        2.3131717638444439E-002
  -1.7400000000006983        2.3576188004590621E-002
  -1.7340000000007016        2.4027975425510124E-002
  -1.7280000000007050        2.4487173674862212E-002
  -1.7220000000007083        2.4953877178167244E-002
  -1.7160000000007116        2.5428181005852132E-002
  -1.7100000000007149        2.5910180865997667E-002
  -1.7040000000007183        2.6399973096783703E-002
  -1.6980000000007216        2.6897654658629176E-002
  -1.6920000000007249        2.7403323126023383E-002
  -1.6860000000007282        2.7917076679045388E-002
  -1.6800000000007316        2.8439014094568008E-002
  -1.6740000000007349        2.8969234737143579E-002
  -1.6680000000007382        2.9507838549567768E-002
  -1.6620000000007416        3.0054926043119018E-002
  -1.6560000000007449        3.0610598287469953E-002
  -1.6500000000007482        3.1174956900268180E-002
  -1.6440000000007515        3.1748104036383319E-002
  -1.6380000000007549        3.2330142376817514E-002
  -1.6320000000007582        3.2921175117276817E-002
  -1.6260000000007615        3.3521305956400155E-002
  -1.6200000000007648        3.4130639083644082E-002
  -1.6140000000007682        3.4749279166819823E-002
  -1.6080000000007715        3.5377331339281108E-002
  -1.6020000000007748        3.6014901186759353E-002
  -1.5960000000007781        3.6662094733844734E-002
  -1.5900000000007815        3.7319018430110464E-002
  -1.5840000000007848        3.7985779135878112E-002
  -1.5780000000007881        3.8662484107622228E-002
  -1.5720000000007914        3.9349240983011825E-002
  -1.5660000000007948        4.0046157765587238E-002
  -1.5600000000007981        4.0753342809070690E-002
  -1.5540000000008014        4.1470904801308044E-002
  -1.5480000000008047        4.2198952747841467E-002
  -1.5420000000008081        4.2937595955110250E-002
  -1.5360000000008114        4.3686944013279536E-002
  -1.5300000000008147        4.4447106778694775E-002
  -1.5240000000008180        4.5218194355961416E-002
  -1.5180000000008214        4.6000317079648564E-002
  -1.5120000000008247        4.6793585495615499E-002
  -1.5060000000008280        4.7598110341960945E-002
  -1.5000000000008313        4.8414002529593346E-002
  -1.4940000000008347        4.9241373122422792E-002
  -1.4880000000008380        5.0080333317173271E-002
  -1.4820000000008413        5.0930994422815463E-002
  -1.4760000000008446        5.1793467839619758E-002
  -1.4700000000008480        5.2667865037829449E-002
  -1.4640000000008513        5.3554297535954282E-002
  -1.4580000000008546        5.4452876878684726E-002
  -1.4520000000008579        5.5363714614426969E-002
  -1.4460000000008613        5.6286922272459780E-002
  -1.4400000000008646        5.7222611339713368E-002
  -1.4340000000008679        5.8170893237171319E-002
  -1.4280000000008712        5.9131879295896743E-002
  -1.4220000000008746        6.0105680732683346E-002
  -1.4160000000008779        6.1092408625333265E-002
  -1.4100000000008812        6.2092173887562385E-002
  -1.4040000000008845        6.3105087243535612E-002
  -1.3980000000008879        6.4131259202033233E-002
  -1.3920000000008912        6.5170800030250262E-002
  -1.3860000000008945        6.6223819727231334E-002
  -1.3800000000008978        6.7290427996943181E-002
  -1.3740000000009012        6.8370734220986495E-002
  -1.3680000000009045        6.9464847430951188E-002
  -1.3620000000009078        7.0572876280416016E-002
  -1.3560000000009111        7.1694929016597145E-002
  -1.3500000000009145        7.2831113451647431E-002
  -1.3440000000009178        7.3981536933610842E-002
  -1.3380000000009211        7.5146306317034464E-002
  -1.3320000000009244        7.6325527933242251E-002
  -1.3260000000009278        7.7519307560274378E-002
  -1.3200000000009311        7.8727750392496063E-002
  -1.3140000000009344        7.9950961009879778E-002
  -1.3080000000009377        8.1189043346965667E-002
  -1.3020000000009411        8.2442100661504147E-002
  -1.2960000000009444        8.3710235502786251E-002
  -1.2900000000009477        8.4993549679665756E-002
  -1.2840000000009510        8.6292144228278370E-002
  -1.2780000000009544        8.7606119379463776E-002
  -1.2720000000009577        8.8935574525895580E-002
  -1.2660000000009610        9.0280608188924569E-002
  -1.2600000000009643        9.1641317985141940E-002
  -1.2540000000009677        9.3017800592667454E-002
  -1.2480000000009710        9.4410151717169807E-002
  -1.2420000000009743        9.5818466057624979E-002
  -1.2360000000009776        9.7242837271819066E-002
  -1.2300000000009810        9.8683357941603073E-002
  -1.2240000000009843       0.10014011953790586     
  -1.2180000000009876       0.10161321238551320     
  -1.2120000000009910       0.10310272562761920     
  -1.2060000000009943       0.10460874719015936     
  -1.2000000000009976       0.10613136374593098     
  -1.1940000000010009       0.10767066067851050     
  -1.1880000000010043       0.10922672204597522     
  -1.1820000000010076       0.11079963054443752     
  -1.1760000000010109       0.11238946747140027     
  -1.1700000000010142       0.11399631268894297     
  -1.1640000000010176       0.11562024458674554     
  -1.1580000000010209       0.11726134004496087     
  -1.1520000000010242       0.11891967439694416     
  -1.1460000000010275       0.12059532139184882     
  -1.1400000000010309       0.12228835315709867     
  -1.1340000000010342       0.12399884016074605     
  -1.1280000000010375       0.12572685117372562     
  -1.1220000000010408       0.12747245323201478     
  -1.1160000000010442       0.12923571159871006     
  -1.1100000000010475       0.13101668972603053     
  -1.1040000000010508       0.13281544921725877     
  -1.0980000000010541       0.13463204978863064     
  -1.0920000000010575       0.13646654923118354     
  -1.0860000000010608       0.13831900337257666     
  -1.0800000000010641       0.14018946603889185     
  -1.0740000000010674       0.14207798901642879     
  -1.0680000000010708       0.14398462201350490     
  -1.0620000000010741       0.14590941262227242     
  -1.0560000000010774       0.14785240628056404     
  -1.0500000000010807       0.14981364623378007     
  -1.0440000000010841       0.15179317349682814     
  -1.0380000000010874       0.15379102681612952     
  -1.0320000000010907       0.15580724263170312     
  -1.0260000000010940       0.15784185503934023     
  -1.0200000000010974       0.15989489575288360     
  -1.0140000000011007       0.16196639406662308     
  -1.0080000000011040       0.16405637681782076     
  -1.0020000000011073       0.16616486834937957     
 -0.99600000000111066       0.16829189047266777     
 -0.99000000000111399       0.17043746243051380     
 -0.98400000000111731       0.17260160086038379     
 -0.97800000000112064       0.17478431975775705     
 -0.97200000000112396       0.17698563043971124     
 -0.96600000000112729       0.17920554150873316     
 -0.96000000000113062       0.18144405881676742     
 -0.95400000000113394       0.18370118542951860     
 -0.94800000000113727       0.18597692159101906     
 -0.94200000000114059       0.18827126468847952     
 -0.93600000000114392       0.19058420921743308     
 -0.93000000000114724       0.19291574674719034     
 -0.92400000000115057       0.19526586588661807     
 -0.91800000000115389       0.19763455225025692     
 -0.91200000000115722       0.20002178842479160     
 -0.90600000000116054       0.20242755393588990     
 -0.90000000000116387       0.20485182521542339     
 -0.89400000000116719       0.20729457556908573     
 -0.88800000000117052       0.20975577514442240     
 -0.88200000000117385       0.21223539089928778     
 -0.87600000000117717       0.21473338657074298     
 -0.87000000000118050       0.21724972264441031     
 -0.86400000000118382       0.21978435632429857     
 -0.85800000000118715       0.22233724150311443     
 -0.85200000000119047       0.22490832873307409     
 -0.84600000000119380       0.22749756519723083     
 -0.84000000000119712       0.23010489468133252     
 -0.83400000000120045       0.23273025754622448     
 -0.82800000000120377       0.23537359070081171     
 -0.82200000000120710       0.23803482757559619     
 -0.81600000000121042       0.24071389809680269     
 -0.81000000000121375       0.24341072866110927     
 -0.80400000000121707       0.24612524211099565     
 -0.79800000000122040       0.24885735771072418     
 -0.79200000000122373       0.25160699112296953     
 -0.78600000000122705       0.25437405438610883     
 -0.78000000000123038       0.25715845589218894     
 -0.77400000000123370       0.25996010036558342     
 -0.76800000000123703       0.26277888884235429     
 -0.76200000000124035       0.26561471865033320     
 -0.75600000000124368       0.26846748338993331     
 -0.75000000000124700       0.27133707291570924     
 -0.74400000000125033       0.27422337331867658     
 -0.73800000000125365       0.27712626690940473     
 -0.73200000000125698       0.28004563220189727     
 -0.72600000000126030       0.28298134389827229     
 -0.72000000000126363       0.28593327287425768     
 -0.71400000000126695       0.28890128616551120     
 -0.70800000000127028       0.29188524695478157     
 -0.70200000000127361       0.29488501455992111     
 -0.69600000000127693       0.29790044442276337     
 -0.69000000000128026       0.30093138809887798     
 -0.68400000000128358       0.30397769324821416     
 -0.67800000000128691       0.30703920362664638     
 -0.67200000000129023       0.31011575907843208     
 -0.66600000000129356       0.31320719552959519     
 -0.66000000000129688       0.31631334498224378     
 -0.65400000000130021       0.31943403550983646     
 -0.64800000000130353       0.32256909125340566     
 -0.64200000000130686       0.32571833241874981     
 -0.63600000000131018       0.32888157527460465     
 -0.63000000000131351       0.33205863215180337     
 -0.62400000000131683       0.33524931144343595     
 -0.61800000000132016       0.33845341760601749     
 -0.61200000000132349       0.34167075116167434     
 -0.60600000000132681       0.34490110870135743     
 -0.60000000000133014       0.34814428288909199     
 -0.59400000000133346       0.35140006246727146     
 -0.58800000000133679       0.35466823226300476     
 -0.58200000000134011       0.35794857319552359     
 -0.57600000000134344       0.36124086228465913     
 -0.57000000000134676       0.36454487266039393     
 -0.56400000000135009       0.36786037357349644     
 -0.55800000000135341       0.37118713040724582     
 -0.55200000000135674       0.37452490469025157     
 -0.54600000000136006       0.37787345411037621     
 -0.54000000000136339       0.38123253252976430     
 -0.53400000000136671       0.38460189000098599     
 -0.52800000000137004       0.38798127278429667     
 -0.52200000000137337       0.39137042336602051     
 -0.51600000000137669       0.39476908047806070     
 -0.51000000000138002       0.39817697911853978     
 -0.50400000000138334       0.40159385057357516     
 -0.49800000000138667       0.40501942244019168     
 -0.49200000000138999       0.40845341865037410     
 -0.48600000000139332       0.41189555949626350     
 -0.48000000000139664       0.41534556165649644     
 -0.47400000000139997       0.41880313822369286     
 -0.46800000000140329       0.42226799873308929     
 -0.46200000000140662       0.42573984919232222     
 -0.45600000000140994       0.42921839211235857     
 -0.45000000000141327       0.43270332653957694     
 -0.44400000000141659       0.43619434808899565     
 -0.43800000000141992       0.43969114897864942     
 -0.43200000000142325       0.44319341806511164     
 -0.42600000000142657       0.44670084088016226     
 -0.42000000000142990       0.45021309966859785     
 -0.41400000000143322       0.45372987342718224     
 -0.40800000000143655       0.45725083794473342     
 -0.40200000000143987       0.46077566584334612     
 -0.39600000000144320       0.46430402662074272     
 -0.39000000000144652       0.46783558669375130     
 -0.38400000000144985       0.47137000944290453     
 -0.37800000000145317       0.47490695525815485     
 -0.37200000000145650       0.47844608158570018     
 -0.36600000000145982       0.48198704297591410     
 -0.36000000000146315       0.48552949113237537     
 -0.35400000000146647       0.48907307496198721     
 -0.34800000000146980       0.49261744062618229     
 -0.34200000000147313       0.49616223159320316     
 -0.33600000000147645       0.49970708869145158     
 -0.33000000000147978       0.50325165016389706     
 -0.32400000000148310       0.50679555172353563     
 -0.31800000000148643       0.51033842660989093     
 -0.31200000000148975       0.51387990564654540     
 -0.30600000000149308       0.51741961729969199     
 -0.30000000000149640       0.52095718773769728     
 -0.29400000000149973       0.52449224089166147     
 -0.28800000000150305       0.52802439851696725     
 -0.28200000000150638       0.53155328025580240     
 -0.27600000000150970       0.53507850370064447     
 -0.27000000000151303       0.53859968445869655     
 -0.26400000000151636       0.54211643621725669     
 -0.25800000000151968       0.54562837081001148     
 -0.25200000000152301       0.54913509828423679     
 -0.24600000000152633       0.55263622696889114     
 -0.24000000000152966       0.55613136354358905     
 -0.23400000000153298       0.55962011310843485     
 -0.22800000000153631       0.56310207925470412     
 -0.22200000000153963       0.56657686413635688     
 -0.21600000000154296       0.57004406854236256     
 -0.21000000000154628       0.57350329196982319     
 -0.20400000000154961       0.57695413269787488     
 -0.19800000000155293       0.58039618786235025     
 -0.19200000000155626       0.58382905353118586     
 -0.18600000000155958       0.58725232478055200     
 -0.18000000000156291       0.59066559577168865     
 -0.17400000000156624       0.59406845982842726     
 -0.16800000000156956       0.59746050951538054     
 -0.16200000000157289       0.60084133671677553     
 -0.15600000000157621       0.60421053271591441     
 -0.15000000000157954       0.60756768827524088     
 -0.14400000000158286       0.61091239371698935     
 -0.13800000000158619       0.61424423900439540     
 -0.13200000000158951       0.61756281382345113     
 -0.12600000000159284       0.62086770766517507     
 -0.12000000000159616       0.62415850990838018     
 -0.11400000000159949       0.62743480990291656     
 -0.10800000000160281       0.63069619705336177     
 -0.10200000000160614       0.63394226090314254     
  -9.6000000001609465E-002  0.63717259121905678     
  -9.0000000001612790E-002  0.64038677807617939     
  -8.4000000001616115E-002  0.64358441194312033     
  -7.8000000001619441E-002  0.64676508376761777     
  -7.2000000001622766E-002  0.64992838506243678     
  -6.6000000001626091E-002  0.65307390799155085     
  -6.0000000001629417E-002  0.65620124545658198     
  -5.4000000001632742E-002  0.65930999118347067     
  -4.8000000001636067E-002  0.66239973980935585     
  -4.2000000001639393E-002  0.66547008696963417     
  -3.6000000001642718E-002  0.66852062938517542     
  -3.0000000001646043E-002  0.67155096494966615     
  -2.4000000001649369E-002  0.67456069281706021     
  -1.8000000001652694E-002  0.67754941348910136     
  -1.2000000001656019E-002  0.68051672890290171     
  -6.0000000016593447E-003  0.68346224251853993     
  -1.6626700016786344E-012  0.68638555940665968     
   5.9999999983340602E-003  0.68928628633603684     
   1.1999999998330790E-002  0.69216403186109121     
   1.7999999998327521E-002  0.69501840640931500     
   2.3999999998324251E-002  0.69784902236858959     
   2.9999999998320981E-002  0.70065549417436579     
   3.5999999998317711E-002  0.70343743839667860     
   4.1999999998314441E-002  0.70619447382696998     
   4.7999999998311171E-002  0.70892622156469032     
   5.3999999998307902E-002  0.71163230510365649     
   5.9999999998304632E-002  0.71431235041813113     
   6.5999999998301362E-002  0.71696598604860329     
   7.1999999998298092E-002  0.71959284318723937     
   7.7999999998294822E-002  0.72219255576297514     
   8.3999999998291552E-002  0.72476476052622718     
   8.9999999998288283E-002  0.72730909713319059     
   9.5999999998285013E-002  0.72982520822969876     
  0.10199999999828174       0.73231273953461762     
  0.10799999999827847       0.73477133992274679     
  0.11399999999827520       0.73720066150720076     
  0.11999999999827193       0.73960035972124194     
  0.12599999999826866       0.74197009339954223     
  0.13199999999826539       0.74430952485884150     
  0.13799999999826212       0.74661831997798012     
  0.14399999999825885       0.74889614827727735     
  0.14999999999825558       0.75114268299722942     
  0.15599999999825231       0.75335760117650197     
  0.16199999999824904       0.75554058372918909     
  0.16799999999824577       0.75769131552131541     
  0.17399999999824250       0.75980948544655302     
  0.17999999999823924       0.76189478650113085     
  0.18599999999823597       0.76394691585790819     
  0.19199999999823270       0.76596557493958939     
  0.19799999999822943       0.76795046949105372     
  0.20399999999822616       0.76990130965077774     
  0.20999999999822289       0.77181781002132421     
  0.21599999999821962       0.77369968973887315     
  0.22199999999821635       0.77554667254177367     
  0.22799999999821308       0.77735848683809106     
  0.23399999999820981       0.77913486577212698     
  0.23999999999820654       0.78087554728988873     
  0.24599999999820327       0.78258027420348875     
  0.25199999999820000       0.78424879425444627     
  0.25799999999819673       0.78588086017587500     
  0.26399999999819346       0.78747622975353249     
  0.26999999999819019       0.78903466588570892     
  0.27599999999818692       0.79055593664193957     
  0.28199999999818365       0.79203981532051471     
  0.28799999999818038       0.79348608050476943     
  0.29399999999817711       0.79489451611813655     
  0.29999999999817384       0.79626491147793799     
  0.30599999999817057       0.79759706134790065     
  0.31199999999816730       0.79889076598937547     
  0.31799999999816403       0.80014583121124416     
  0.32399999999816076       0.80136206841849333     
  0.32999999999815749       0.80253929465944140     
  0.33599999999815422       0.80367733267160135     
  0.34199999999815095       0.80477601092616169     
  0.34799999999814768       0.80583516367107222     
  0.35399999999814441       0.80685463097271692     
  0.35999999999814114       0.80783425875616266     
  0.36599999999813787       0.80877389884396511     
  0.37199999999813460       0.80967340899352302     
  0.37799999999813133       0.81053265293296384     
  0.38399999999812806       0.81135150039554982     
  0.38999999999812479       0.81212982715259219     
  0.39599999999812152       0.81286751504486165     
  0.40199999999811825       0.81356445201248451     
  0.40799999999811498       0.81422053212331202     
  0.41399999999811171       0.81483565559975601     
  0.41999999999810844       0.81540972884407825     
  0.42599999999810517       0.81594266446212727     
  0.43199999999810190       0.81643438128551116     
  0.43799999999809863       0.81688480439220146     
  0.44399999999809536       0.81729386512555846     
  0.44999999999809209       0.81766150111177371     
  0.45599999999808882       0.81798765627572012     
  0.46199999999808550       0.81827228085520742     
  0.46799999999808223       0.81851533141363564     
  0.47399999999807896       0.81871677085104277     
  0.47999999999807569       0.81887656841354362     
  0.48599999999807242       0.81899469970115424     
  0.49199999999806915       0.81907114667400238     
  0.49799999999806588       0.81910589765691733     
  0.50399999999806255       0.81909894734240374     
  0.50999999999805934       0.81905029679199048     
  0.51599999999805601       0.81895995343596184     
  0.52199999999805280       0.81882793107146545     
  0.52799999999804947       0.81865424985900126     
  0.53399999999804626       0.81843893631728992     
  0.53999999999804293       0.81818202331652479     
  0.54599999999803972       0.81788355007000879     
  0.55199999999803639       0.81754356212417900     
  0.55799999999803318       0.81716211134702299     
  0.56399999999802986       0.81673925591489094     
  0.56999999999802653       0.81627506029770880     
  0.57599999999802332       0.81576959524259474     
  0.58199999999802010       0.81522293775589094     
  0.58799999999801678       0.81463517108360950     
  0.59399999999801345       0.81400638469030506     
  0.59999999999801024       0.81333667423637990     
  0.60599999999800702       0.81262614155382884     
  0.61199999999800370       0.81187489462043350     
  0.61799999999800037       0.81108304753241389     
  0.62399999999799716       0.81025072047554925     
  0.62999999999799394       0.80937803969477562     
  0.63599999999799062       0.80846513746227378     
  0.64199999999798729       0.80751215204405524     
  0.64799999999798408       0.80651922766506212     
  0.65399999999798086       0.80548651447279096     
  0.65999999999797754       0.80441416849945258     
  0.66599999999797421       0.80330235162268371     
  0.67199999999797100       0.80215123152482204     
  0.67799999999796778       0.80096098165076068     
  0.68399999999796446       0.79973178116439592     
  0.68999999999796113       0.79846381490368290     
  0.69599999999795792       0.79715727333431841     
  0.70199999999795470       0.79581235250206062     
  0.70799999999795138       0.79442925398371023     
  0.71399999999794805       0.79300818483676405     
  0.71999999999794484       0.79154935754776190     
  0.72599999999794163       0.79005298997934270     
  0.73199999999793830       0.78851930531603165     
  0.73799999999793497       0.78694853200877191     
  0.74399999999793176       0.78534090371822618     
  0.74999999999792855       0.78369665925686405     
  0.75599999999792522       0.78201604252985479     
  0.76199999999792190       0.78029930247478896     
  0.76799999999791868       0.77854669300024859     
  0.77399999999791547       0.77675847292324451     
  0.77999999999791214       0.77493490590554626     
  0.78599999999790882       0.77307626038892463     
  0.79199999999790560       0.77118280952932872     
  0.79799999999790239       0.76925483113002113     
  0.80399999999789906       0.76729260757369333     
  0.80999999999789574       0.76529642575358459     
  0.81599999999789252       0.76326657700362976     
  0.82199999999788931       0.76120335702765518     
  0.82799999999788598       0.75910706582765286     
  0.83399999999788266       0.75697800763115131     
  0.83999999999787944       0.75481649081771263     
  0.84599999999787623       0.75262282784457790     
  0.85199999999787290       0.75039733517148466     
  0.85799999999786958       0.74814033318468631     
  0.86399999999786636       0.74585214612019513     
  0.86999999999786315       0.74353310198627487     
  0.87599999999785982       0.74118353248521096     
  0.88199999999785650       0.73880377293438260     
  0.88799999999785328       0.73639416218666309     
  0.89399999999785007       0.73395504255017630     
  0.89999999999784674       0.73148675970743315     
  0.90599999999784342       0.72898966263387799     
  0.91199999999784020       0.72646410351586899     
  0.91799999999783699       0.72391043766811991     
  0.92399999999783367       0.72132902345063354     
  0.92999999999783034       0.71872022218514753     
  0.93599999999782713       0.71608439807112634     
  0.94199999999782391       0.71342191810132194     
  0.94799999999782059       0.71073315197693387     
  0.95399999999781726       0.70801847202239310     
  0.95999999999781405       0.70527825309979852     
  0.96599999999781083       0.70251287252303429     
  0.97199999999780751       0.69972270997159403     
  0.97799999999780418       0.69690814740413864     
  0.98399999999780097       0.69406956897181848     
  0.98999999999779775       0.69120736093138269     
  0.99599999999779443       0.68832191155810696     
   1.0019999999977911       0.68541361105856435     
   1.0079999999977878       0.68248285148326893     
   1.0139999999977845       0.67953002663921536     
   1.0199999999977811       0.67655553200234686     
   1.0259999999977778       0.67355976462997424     
   1.0319999999977745       0.67054312307317421     
   1.0379999999977712       0.66750600728919463     
   1.0439999999977678       0.66444881855389282     
   1.0499999999977645       0.66137195937423288     
   1.0559999999977612       0.65827583340086870     
   1.0619999999977578       0.65516084534083940     
   1.0679999999977545       0.65202740087040412     
   1.0739999999977512       0.64887590654803828     
   1.0799999999977479       0.64570676972762231     
   1.0859999999977445       0.64252039847184383     
   1.0919999999977412       0.63931720146584281     
   1.0979999999977379       0.63609758793112015     
   1.1039999999977346       0.63286196753973811     
   1.1099999999977312       0.62961075032883784     
   1.1159999999977279       0.62634434661549332     
   1.1219999999977246       0.62306316691193298     
   1.1279999999977213       0.61976762184114809     
   1.1339999999977179       0.61645812205291128     
   1.1399999999977146       0.61313507814023416     
   1.1459999999977113       0.60979890055627928     
   1.1519999999977080       0.60644999953175638     
   1.1579999999977046       0.60308878499282037     
   1.1639999999977013       0.59971566647949726     
   1.1699999999976980       0.59633105306465628     
   1.1759999999976947       0.59293535327355351     
   1.1819999999976913       0.58952897500396539     
   1.1879999999976880       0.58611232544693448     
   1.1939999999976847       0.58268581100814776     
   1.1999999999976814       0.57924983722996859     
   1.2059999999976780       0.57580480871414108     
   1.2119999999976747       0.57235112904518681     
   1.2179999999976714       0.56888920071451399     
   1.2239999999976681       0.56541942504525666     
   1.2299999999976647       0.56194220211786350     
   1.2359999999976614       0.55845793069645400     
   1.2419999999976581       0.55496700815595945     
   1.2479999999976548       0.55146983041006614     
   1.2539999999976514       0.54796679183997854     
   1.2599999999976481       0.54445828522401807     
   1.2659999999976448       0.54094470166807418     
   1.2719999999976415       0.53742643053692296     
   1.2779999999976381       0.53390385938642959     
   1.2839999999976348       0.53037737389664807     
   1.2899999999976315       0.52684735780583491     
   1.2959999999976282       0.52331419284538838     
   1.3019999999976248       0.51977825867572924     
   1.3079999999976215       0.51623993282313496     
   1.3139999999976182       0.51269959061753956     
   1.3199999999976149       0.50915760513131447     
   1.3259999999976115       0.50561434711903841     
   1.3319999999976082       0.50207018495827105     
   1.3379999999976049       0.49852548459133983     
   1.3439999999976016       0.49498060946815031     
   1.3499999999975982       0.49143592049003315     
   1.3559999999975949       0.48789177595463279     
   1.3619999999975916       0.48434853150185153     
   1.3679999999975883       0.48080654006085610     
   1.3739999999975849       0.47726615179815379     
   1.3799999999975816       0.47372771406674974     
   1.3859999999975783       0.47019157135638889     
   1.3919999999975750       0.46665806524489301     
   1.3979999999975716       0.46312753435059800     
   1.4039999999975683       0.45960031428589693     
   1.4099999999975650       0.45607673761189693     
   1.4159999999975617       0.45255713379419393     
   1.4219999999975583       0.44904182915976854     
   1.4279999999975550       0.44553114685501172     
   1.4339999999975517       0.44202540680488039     
   1.4399999999975484       0.43852492567318835     
   1.4459999999975450       0.43503001682403575     
   1.4519999999975417       0.43154099028437992     
   1.4579999999975384       0.42805815270774850     
   1.4639999999975351       0.42458180733909956     
   1.4699999999975317       0.42111225398082702     
   1.4759999999975284       0.41764978895991506     
   1.4819999999975251       0.41419470509624079     
   1.4879999999975217       0.41074729167202562     
   1.4939999999975184       0.40730783440243562     
   1.4999999999975151       0.40387661540733011     
   1.5059999999975118       0.40045391318415696     
   1.5119999999975084       0.39704000258199434     
   1.5179999999975051       0.39363515477673622     
   1.5239999999975018       0.39023963724741967     
   1.5299999999974985       0.38685371375369204     
   1.5359999999974951       0.38347764431441389     
   1.5419999999974918       0.38011168518739596     
   1.5479999999974885       0.37675608885026524     
   1.5539999999974852       0.37341110398245586     
   1.5599999999974818       0.37007697544832258     
   1.5659999999974785       0.36675394428136870     
   1.5719999999974752       0.36344224766958760     
   1.5779999999974719       0.36014211894190706     
   1.5839999999974685       0.35685378755573610     
   1.5899999999974652       0.35357747908560411     
   1.5959999999974619       0.35031341521288745     
   1.6019999999974586       0.34706181371661787     
   1.6079999999974552       0.34382288846536213     
   1.6139999999974519       0.34059684941016916     
   1.6199999999974486       0.33738390257857509     
   1.6259999999974453       0.33418425006965785     
   1.6319999999974419       0.33099809005013436     
   1.6379999999974386       0.32782561675149058     
   1.6439999999974353       0.32466702046813478     
   1.6499999999974320       0.32152248755656815     
   1.6559999999974286       0.31839220043555833     
   1.6619999999974253       0.31527633758731038     
   1.6679999999974220       0.31217507355962310     
   1.6739999999974187       0.30908857896902087     
   1.6799999999974153       0.30601702050485069     
   1.6859999999974120       0.30296056093433332     
   1.6919999999974087       0.29991935910855749     
   1.6979999999974054       0.29689356996940741     
   1.7039999999974020       0.29388334455740944     
   1.7099999999973987       0.29088883002048893     
   1.7159999999973954       0.28791016962362426     
   1.7219999999973921       0.28494750275938541     
   1.7279999999973887       0.28200096495934646     
   1.7339999999973854       0.27907068790635775     
   1.7399999999973821       0.27615679944766736     
   1.7459999999973788       0.27325942360887623     
   1.7519999999973754       0.27037868060871700     
   1.7579999999973721       0.26751468687464131     
   1.7639999999973688       0.26466755505920381     
   1.7699999999973655       0.26183739405722756     
   1.7759999999973621       0.25902430902374057     
   1.7819999999973588       0.25622840139266639     
   1.7879999999973555       0.25344976889625648     
   1.7939999999973522       0.25068850558525135     
   1.7999999999973488       0.24794470184975489     
   1.8059999999973455       0.24521844444080917     
   1.8119999999973422       0.24250981649265385     
   1.8179999999973389       0.23981889754565841     
   1.8239999999973355       0.23714576356991016     
   1.8299999999973322       0.23449048698944569     
   1.8359999999973289       0.23185313670710961     
   1.8419999999973256       0.22923377813002832     
   1.8479999999973222       0.22663247319568094     
   1.8539999999973189       0.22404928039855579     
   1.8599999999973156       0.22148425481737630     
   1.8659999999973123       0.21893744814288152     
   1.8719999999973089       0.21640890870614674     
   1.8779999999973056       0.21389868150742988     
   1.8839999999973023       0.21140680824552771     
   1.8899999999972990       0.20893332734762898     
   1.8959999999972956       0.20647827399964669     
   1.9019999999972923       0.20404168017701838     
   1.9079999999972890       0.20162357467595618     
   1.9139999999972857       0.19922398314513431     
   1.9199999999972823       0.19684292811779802     
   1.9259999999972790       0.19448042904427906     
   1.9319999999972757       0.19213650232490445     
   1.9379999999972723       0.18981116134328163     
   1.9439999999972690       0.18750441649994742     
   1.9499999999972657       0.18521627524636503     
   1.9559999999972624       0.18294674211925485     
   1.9619999999972590       0.18069581877524485     
   1.9679999999972557       0.17846350402582511     
   1.9739999999972524       0.17624979387259440     
   1.9799999999972491       0.17405468154278131     
   1.9859999999972457       0.17187815752502875     
   1.9919999999972424       0.16972020960542619     
   1.9979999999972391       0.16758082290377535     
   2.0039999999972355       0.16545997991007641     
   2.0099999999972322       0.16335766052122036     
   2.0159999999972289       0.16127384207787371     
   2.0219999999972256       0.15920849940154180     
   2.0279999999972222       0.15716160483179809     
   2.0339999999972189       0.15513312826366454     
   2.0399999999972156       0.15312303718513129     
   2.0459999999972123       0.15113129671480105     
   2.0519999999972089       0.14915786963964681     
   2.0579999999972056       0.14720271645286812     
   2.0639999999972023       0.14526579539183465     
   2.0699999999971990       0.14334706247610360     
   2.0759999999971956       0.14144647154549858     
   2.0819999999971923       0.13956397429823814     
   2.0879999999971890       0.13769952032910027     
   2.0939999999971857       0.13585305716761306     
   2.0999999999971823       0.13402453031625733     
   2.1059999999971790       0.13221388328867079     
   2.1119999999971757       0.13042105764784212     
   2.1179999999971724       0.12864599304428281     
   2.1239999999971690       0.12688862725416572     
   2.1299999999971657       0.12514889621742020     
   2.1359999999971624       0.12342673407577096     
   2.1419999999971591       0.12172207321071170     
   2.1479999999971557       0.12003484428140179     
   2.1539999999971524       0.11836497626247612     
   2.1599999999971491       0.11671239648175721     
   2.1659999999971458       0.11507703065786064     
   2.1719999999971424       0.11345880293768233     
   2.1779999999971391       0.11185763593375940     
   2.1839999999971358       0.11027345076149407     
   2.1899999999971325       0.10870616707623186     
   2.1959999999971291       0.10715570311018431     
   2.2019999999971258       0.10562197570918783     
   2.2079999999971225       0.10410490036928942     
   2.2139999999971192       0.10260439127315091     
   2.2199999999971158       0.10112036132626301     
   2.2259999999971125        9.9652722192960980E-002
   2.2319999999971092        9.8201384332234506E-002
   2.2379999999971059        9.6766257033322423E-002
   2.2439999999971025        9.5347248451086566E-002
   2.2499999999970992        9.3944265641155114E-002
   2.2559999999970959        9.2557214594830295E-002
   2.2619999999970926        9.1186000273751358E-002
   2.2679999999970892        8.9830526644307379E-002
   2.2739999999970859        8.8490696711792327E-002
   2.2799999999970826        8.7166412554296274E-002
   2.2859999999970793        8.5857575356325946E-002
   2.2919999999970759        8.4564085442149023E-002
   2.2979999999970726        8.3285842308855829E-002
   2.3039999999970693        8.2022744659132799E-002
   2.3099999999970660        8.0774690433741914E-002
   2.3159999999970626        7.9541576843700973E-002
   2.3219999999970593        7.8323300402159415E-002
   2.3279999999970560        7.7119756955964444E-002
   2.3339999999970527        7.5930841716913014E-002
   2.3399999999970493        7.4756449292684518E-002
   2.3459999999970460        7.3596473717450275E-002
   2.3519999999970427        7.2450808482154933E-002
   2.3579999999970394        7.1319346564466243E-002
   2.3639999999970360        7.0201980458388810E-002
   2.3699999999970327        6.9098602203538265E-002
   2.3759999999970294        6.8009103414072472E-002
   2.3819999999970261        6.6933375307276069E-002
   2.3879999999970227        6.5871308731795294E-002
   2.3939999999970194        6.4822794195519923E-002
   2.3999999999970161        6.3787721893109772E-002
   2.4059999999970128        6.2765981733162599E-002
   2.4119999999970094        6.1757463365021179E-002
   2.4179999999970061        6.0762056205217380E-002
   2.4239999999970028        5.9779649463550293E-002
   2.4299999999969994        5.8810132168797491E-002
   2.4359999999969961        5.7853393194056392E-002
   2.4419999999969928        5.6909321281714977E-002
   2.4479999999969895        5.5977805068049696E-002
   2.4539999999969861        5.5058733107449527E-002
   2.4599999999969828        5.4151993896264662E-002
   2.4659999999969795        5.3257475896279050E-002
   2.4719999999969762        5.2375067557805619E-002
   2.4779999999969728        5.1504657342403427E-002
   2.4839999999969695        5.0646133745216267E-002
   2.4899999999969662        4.9799385316932079E-002
   2.4959999999969629        4.8964300685362824E-002
   2.5019999999969600        4.8140768576644656E-002
   2.5079999999969567        4.7328677836058465E-002
   2.5139999999969533        4.6527917448470332E-002
   2.5199999999969500        4.5738376558392801E-002
   2.5259999999969467        4.4959944489666955E-002
   2.5319999999969434        4.4192510764765373E-002
   2.5379999999969400        4.3435965123717363E-002
   2.5439999999969367        4.2690197542656433E-002
   2.5499999999969334        4.1955098251991306E-002
   2.5559999999969301        4.1230557754201112E-002
   2.5619999999969267        4.0516466841256059E-002
   2.5679999999969234        3.9812716611664620E-002
   2.5739999999969201        3.9119198487148434E-002
   2.5799999999969168        3.8435804228946636E-002
   2.5859999999969134        3.7762425953750782E-002
   2.5919999999969101        3.7098956149272132E-002
   2.5979999999969068        3.6445287689443100E-002
   2.6039999999969035        3.5801313849254356E-002
   2.6099999999969001        3.5166928319229865E-002
   2.6159999999968968        3.4542025219541583E-002
   2.6219999999968935        3.3926499113766113E-002
   2.6279999999968902        3.3320245022285269E-002
   2.6339999999968868        3.2723158435333070E-002
   2.6399999999968835        3.2135135325691323E-002
   2.6459999999968802        3.1556072161036272E-002
   2.6519999999968769        3.0985865915938948E-002
   2.6579999999968735        3.0424414083521617E-002
   2.6639999999968702        2.9871614686773223E-002
   2.6699999999968669        2.9327366289526237E-002
   2.6759999999968636        2.8791568007098117E-002
   2.6819999999968602        2.8264119516599993E-002
   2.6879999999968569        2.7744921066915541E-002
   2.6939999999968536        2.7233873488353124E-002
   2.6999999999968503        2.6730878201974215E-002
   2.7059999999968469        2.6235837228601358E-002
   2.7119999999968436        2.5748653197508520E-002
   2.7179999999968403        2.5269229354797487E-002
   2.7239999999968370        2.4797469571463240E-002
   2.7299999999968336        2.4333278351151844E-002
   2.7359999999968303        2.3876560837614184E-002
   2.7419999999968270        2.3427222821858846E-002
   2.7479999999968237        2.2985170749007883E-002
   2.7539999999968203        2.2550311724858673E-002
   2.7599999999968170        2.2122553522155537E-002
   2.7659999999968137        2.1701804586574829E-002
   2.7719999999968103        2.1287974042426851E-002
   2.7779999999968070        2.0880971698078413E-002
   2.7839999999968037        2.0480708051099739E-002
   2.7899999999968004        2.0087094293139186E-002
   2.7959999999967970        1.9700042314529796E-002
   2.8019999999967937        1.9319464708631308E-002
   2.8079999999967904        1.8945274775911281E-002
   2.8139999999967871        1.8577386527769347E-002
   2.8199999999967837        1.8215714690108173E-002
   2.8259999999967804        1.7860174706655130E-002
   2.8319999999967771        1.7510682742038434E-002
   2.8379999999967738        1.7167155684621637E-002
   2.8439999999967704        1.6829511149100255E-002
   2.8499999999967671        1.6497667478864456E-002
   2.8559999999967638        1.6171543748131751E-002
   2.8619999999967605        1.5851059763853412E-002
   2.8679999999967571        1.5536136067398594E-002
   2.8739999999967538        1.5226693936020119E-002
   2.8799999999967505        1.4922655384105633E-002
   2.8859999999967472        1.4623943164218117E-002
   2.8919999999967438        1.4330480767929718E-002
   2.8979999999967405        1.4042192426452578E-002
   2.9039999999967372        1.3759003111070684E-002
   2.9099999999967339        1.3480838533376545E-002
   2.9159999999967305        1.3207625145316646E-002
   2.9219999999967272        1.2939290139049245E-002
   2.9279999999967239        1.2675761446618814E-002
   2.9339999999967206        1.2416967739450391E-002
   2.9399999999967172        1.2162838427668132E-002
   2.9459999999967139        1.1913303659241540E-002
   2.9519999999967106        1.1668294318963343E-002
   2.9579999999967073        1.1427742027262577E-002
   2.9639999999967039        1.1191579138856839E-002
   2.9699999999967006        1.0959738741247225E-002
   2.9759999999966973        1.0732154653059781E-002
   2.9819999999966940        1.0508761422237098E-002
   2.9879999999966906        1.0289494324083694E-002
   2.9939999999966873        1.0074289359168754E-002
