  -3.0000000000000000        4.1231407228763785E-003
  -2.9940000000000033        4.2208797164467122E-003
  -2.9880000000000067        4.3206982787732861E-003
  -2.9820000000000100        4.4226344226969104E-003
  -2.9760000000000133        4.5267267004088681E-003
  -2.9700000000000166        4.6330142073474330E-003
  -2.9640000000000200        4.7415365860261913E-003
  -2.9580000000000233        4.8523340297909742E-003
  -2.9520000000000266        4.9654472865023527E-003
  -2.9460000000000299        5.0809176621403546E-003
  -2.9400000000000333        5.1987870243281661E-003
  -2.9340000000000366        5.3190978057714661E-003
  -2.9280000000000399        5.4418930076101275E-003
  -2.9220000000000432        5.5672162026786194E-003
  -2.9160000000000466        5.6951115386718902E-003
  -2.9100000000000499        5.8256237412130773E-003
  -2.9040000000000532        5.9587981168194816E-003
  -2.8980000000000565        6.0946805557631472E-003
  -2.8920000000000599        6.2333175348225096E-003
  -2.8860000000000632        6.3747561199212262E-003
  -2.8800000000000665        6.5190439686505794E-003
  -2.8740000000000698        6.6662293326715614E-003
  -2.8680000000000732        6.8163610599927555E-003
  -2.8620000000000765        6.9694885971202294E-003
  -2.8560000000000798        7.1256619910754554E-003
  -2.8500000000000831        7.2849318912771308E-003
  -2.8440000000000865        7.4473495512831700E-003
  -2.8380000000000898        7.6129668303885449E-003
  -2.8320000000000931        7.7818361950749383E-003
  -2.8260000000000964        7.9540107203080936E-003
  -2.8200000000000998        8.1295440906787569E-003
  -2.8140000000001031        8.3084906013827439E-003
  -2.8080000000001064        8.4909051590361436E-003
  -2.8020000000001097        8.6768432823211995E-003
  -2.7960000000001131        8.8663611024585916E-003
  -2.7900000000001164        9.0595153635018109E-003
  -2.7840000000001197        9.2563634224490828E-003
  -2.7780000000001230        9.4569632491685839E-003
  -2.7720000000001264        9.6613734261324115E-003
  -2.7660000000001297        9.8696531479548887E-003
  -2.7600000000001330        1.0081862220730521E-002
  -2.7540000000001363        1.0298061061167353E-002
  -2.7480000000001397        1.0518310695510982E-002
  -2.7420000000001430        1.0742672758254600E-002
  -2.7360000000001463        1.0971209490630690E-002
  -2.7300000000001496        1.1203983738879576E-002
  -2.7240000000001530        1.1441058952290183E-002
  -2.7180000000001563        1.1682499181008560E-002
  -2.7120000000001596        1.1928369073609236E-002
  -2.7060000000001629        1.2178733874424936E-002
  -2.7000000000001663        1.2433659420629888E-002
  -2.6940000000001696        1.2693212139072114E-002
  -2.6880000000001729        1.2957459042849759E-002
  -2.6820000000001762        1.3226467727627205E-002
  -2.6760000000001796        1.3500306367685736E-002
  -2.6700000000001829        1.3779043711704545E-002
  -2.6640000000001862        1.4062749078267050E-002
  -2.6580000000001895        1.4351492351087942E-002
  -2.6520000000001929        1.4645343973956247E-002
  -2.6460000000001962        1.4944374945389921E-002
  -2.6400000000001995        1.5248656812996890E-002
  -2.6340000000002028        1.5558261667538329E-002
  -2.6280000000002062        1.5873262136689294E-002
  -2.6220000000002095        1.6193731378492220E-002
  -2.6160000000002128        1.6519743074498442E-002
  -2.6100000000002161        1.6851371422593641E-002
  -2.6040000000002195        1.7188691129502127E-002
  -2.5980000000002228        1.7531777402965902E-002
  -2.5920000000002261        1.7880705943593797E-002
  -2.5860000000002294        1.8235552936376211E-002
  -2.5800000000002328        1.8596395041861145E-002
  -2.5740000000002361        1.8963309386987311E-002
  -2.5680000000002394        1.9336373555569556E-002
  -2.5620000000002427        1.9715665578432868E-002
  -2.5560000000002461        2.0101263923190272E-002
  -2.5500000000002494        2.0493247483660864E-002
  -2.5440000000002527        2.0891695568923532E-002
  -2.5380000000002561        2.1296687892002477E-002
  -2.5320000000002594        2.1708304558180583E-002
  -2.5260000000002627        2.2126626052936610E-002
  -2.5200000000002660        2.2551733229502373E-002
  -2.5140000000002694        2.2983707296036229E-002
  -2.5080000000002727        2.3422629802409087E-002
  -2.5020000000002760        2.3868582626599206E-002
  -2.4960000000002793        2.4321647960692611E-002
  -2.4900000000002827        2.4781908296485040E-002
  -2.4840000000002860        2.5249446410682913E-002
  -2.4780000000002893        2.5724345349699061E-002
  -2.4720000000002926        2.6206688414041005E-002
  -2.4660000000002960        2.6696559142287992E-002
  -2.4600000000002993        2.7194041294654001E-002
  -2.4540000000003026        2.7699218836134274E-002
  -2.4480000000003059        2.8212175919231954E-002
  -2.4420000000003093        2.8732996866262558E-002
  -2.4360000000003126        2.9261766151233874E-002
  -2.4300000000003159        2.9798568381298476E-002
  -2.4240000000003192        3.0343488277777067E-002
  -2.4180000000003226        3.0896610656750104E-002
  -2.4120000000003259        3.1458020409215810E-002
  -2.4060000000003292        3.2027802480813022E-002
  -2.4000000000003325        3.2606041851106361E-002
  -2.3940000000003359        3.3192823512433044E-002
  -2.3880000000003392        3.3788232448309433E-002
  -2.3820000000003425        3.4392353611395664E-002
  -2.3760000000003458        3.5005271901018167E-002
  -2.3700000000003492        3.5627072140248101E-002
  -2.3640000000003525        3.6257839052535622E-002
  -2.3580000000003558        3.6897657237898784E-002
  -2.3520000000003591        3.7546611148667169E-002
  -2.3460000000003625        3.8204785064779222E-002
  -2.3400000000003658        3.8872263068633936E-002
  -2.3340000000003691        3.9549129019496268E-002
  -2.3280000000003724        4.0235466527456909E-002
  -2.3220000000003758        4.0931358926946881E-002
  -2.3160000000003791        4.1636889249807060E-002
  -2.3100000000003824        4.2352140197914209E-002
  -2.3040000000003857        4.3077194115363697E-002
  -2.2980000000003891        4.3812132960210956E-002
  -2.2920000000003924        4.4557038275772322E-002
  -2.2860000000003957        4.5311991161487417E-002
  -2.2800000000003990        4.6077072243344716E-002
  -2.2740000000004024        4.6852361643872166E-002
  -2.2680000000004057        4.7637938951695623E-002
  -2.2620000000004090        4.8433883190667056E-002
  -2.2560000000004123        4.9240272788565603E-002
  -2.2500000000004157        5.0057185545374264E-002
  -2.2440000000004190        5.0884698601135446E-002
  -2.2380000000004223        5.1722888403388886E-002
  -2.2320000000004256        5.2571830674195200E-002
  -2.2260000000004290        5.3431600376749766E-002
  -2.2200000000004323        5.4302271681590013E-002
  -2.2140000000004356        5.5183917932401461E-002
  -2.2080000000004389        5.6076611611426595E-002
  -2.2020000000004423        5.6980424304481386E-002
  -2.1960000000004456        5.7895426665585316E-002
  -2.1900000000004489        5.8821688381209193E-002
  -2.1840000000004522        5.9759278134147609E-002
  -2.1780000000004556        6.0708263567020776E-002
  -2.1720000000004589        6.1668711245412899E-002
  -2.1660000000004622        6.2640686620653183E-002
  -2.1600000000004655        6.3624253992245625E-002
  -2.1540000000004689        6.4619476469955736E-002
  -2.1480000000004722        6.5626415935560262E-002
  -2.1420000000004755        6.6645133004268248E-002
  -2.1360000000004788        6.7675686985820924E-002
  -2.1300000000004822        6.8718135845278389E-002
  -2.1240000000004855        6.9772536163501528E-002
  -2.1180000000004888        7.0838943097338208E-002
  -2.1120000000004922        7.1917410339521814E-002
  -2.1060000000004955        7.3007990078291909E-002
  -2.1000000000004988        7.4110732956746847E-002
  -2.0940000000005021        7.5225688031936772E-002
  -2.0880000000005055        7.6352902733708636E-002
  -2.0820000000005088        7.7492422823312243E-002
  -2.0760000000005121        7.8644292351779138E-002
  -2.0700000000005154        7.9808553618083727E-002
  -2.0640000000005188        8.0985247127099341E-002
  -2.0580000000005221        8.2174411547359633E-002
  -2.0520000000005254        8.3376083668637677E-002
  -2.0460000000005287        8.4590298359354110E-002
  -2.0400000000005321        8.5817088523827592E-002
  -2.0340000000005354        8.7056485059378935E-002
  -2.0280000000005387        8.8308516813303206E-002
  -2.0220000000005420        8.9573210539721573E-002
  -2.0160000000005454        9.0850590856327199E-002
  -2.0100000000005487        9.2140680201038452E-002
  -2.0040000000005520        9.3443498788573956E-002
  -1.9980000000005553        9.4759064566962634E-002
  -1.9920000000005587        9.6087393174005123E-002
  -1.9860000000005620        9.7428497893698715E-002
  -1.9800000000005653        9.8782389612643740E-002
  -1.9740000000005686       0.10014907677644458     
  -1.9680000000005720       0.10152856534612219     
  -1.9620000000005753       0.10292085875455265     
  -1.9560000000005786       0.10432595786294989     
  -1.9500000000005819       0.10574386091740666     
  -1.9440000000005853       0.10717456350551209     
  -1.9380000000005886       0.10861805851306156     
  -1.9320000000005919       0.11007433608087720     
  -1.9260000000005952       0.11154338356175479     
  -1.9200000000005986       0.11302518547755612     
  -1.9140000000006019       0.11451972347646380     
  -1.9080000000006052       0.11602697629041665     
  -1.9020000000006085       0.11754691969274435     
  -1.8960000000006119       0.11907952645601910     
  -1.8900000000006152       0.12062476631014400     
  -1.8840000000006185       0.12218260590069567     
  -1.8780000000006218       0.12375300874754204     
  -1.8720000000006252       0.12533593520375269     
  -1.8660000000006285       0.12693134241482282     
  -1.8600000000006318       0.12853918427822919     
  -1.8540000000006351       0.13015941140333911     
  -1.8480000000006385       0.13179197107169202     
  -1.8420000000006418       0.13343680719767329     
  -1.8360000000006451       0.13509386028960141     
  -1.8300000000006484       0.13676306741124905     
  -1.8240000000006518       0.13844436214381778     
  -1.8180000000006551       0.14013767454838877     
  -1.8120000000006584       0.14184293112886831     
  -1.8060000000006617       0.14356005479545175     
  -1.8000000000006651       0.14528896482862452     
  -1.7940000000006684       0.14702957684372342     
  -1.7880000000006717       0.14878180275607827     
  -1.7820000000006750       0.15054555074675666     
  -1.7760000000006784       0.15232072522893175     
  -1.7700000000006817       0.15410722681489641     
  -1.7640000000006850       0.15590495228374424     
  -1.7580000000006883       0.15771379454973927     
  -1.7520000000006917       0.15953364263139758     
  -1.7460000000006950       0.16136438162130032     
  -1.7400000000006983       0.16320589265666186     
  -1.7340000000007016       0.16505805289067443     
  -1.7280000000007050       0.16692073546465103     
  -1.7220000000007083       0.16879380948098802     
  -1.7160000000007116       0.17067713997697073     
  -1.7100000000007149       0.17257058789944191     
  -1.7040000000007183       0.17447401008035718     
  -1.6980000000007216       0.17638725921324702     
  -1.6920000000007249       0.17831018383060834     
  -1.6860000000007282       0.18024262828224777     
  -1.6800000000007316       0.18218443271459606     
  -1.6740000000007349       0.18413543305101807     
  -1.6680000000007382       0.18609546097313762     
  -1.6620000000007416       0.18806434390319865     
  -1.6560000000007449       0.19004190498748541     
  -1.6500000000007482       0.19202796308082104     
  -1.6440000000007515       0.19402233273216629     
  -1.6380000000007549       0.19602482417133885     
  -1.6320000000007582       0.19803524329687433     
  -1.6260000000007615       0.20005339166504885     
  -1.6200000000007648       0.20207906648008361     
  -1.6140000000007682       0.20411206058555134     
  -1.6080000000007715       0.20615216245700477     
  -1.6020000000007748       0.20819915619584631     
  -1.5960000000007781       0.21025282152445895     
  -1.5900000000007815       0.21231293378261656     
  -1.5840000000007848       0.21437926392519269     
  -1.5780000000007881       0.21645157852118752     
  -1.5720000000007914       0.21852963975408946     
  -1.5660000000007948       0.22061320542359086     
  -1.5600000000007981       0.22270202894867439     
  -1.5540000000008014       0.22479585937208854     
  -1.5480000000008047       0.22689444136622761     
  -1.5420000000008081       0.22899751524043566     
  -1.5360000000008114       0.23110481694974683     
  -1.5300000000008147       0.23321607810508163     
  -1.5240000000008180       0.23533102598491240     
  -1.5180000000008214       0.23744938354841419     
  -1.5120000000008247       0.23957086945011491     
  -1.5060000000008280       0.24169519805606032     
  -1.5000000000008313       0.24382207946150633     
  -1.4940000000008347       0.24595121951015311     
  -1.4880000000008380       0.24808231981493320     
  -1.4820000000008413       0.25021507778036683     
  -1.4760000000008446       0.25234918662649580     
  -1.4700000000008480       0.25448433541440774     
  -1.4640000000008513       0.25662020907336219     
  -1.4580000000008546       0.25875648842952798     
  -1.4520000000008579       0.26089285023634262     
  -1.4460000000008613       0.26302896720650321     
  -1.4400000000008646       0.26516450804559755     
  -1.4340000000008679       0.26729913748738304     
  -1.4280000000008712       0.26943251633072268     
  -1.4220000000008746       0.27156430147818367     
  -1.4160000000008779       0.27369414597630709     
  -1.4100000000008812       0.27582169905755122     
  -1.4040000000008845       0.27794660618391942     
  -1.3980000000008879       0.28006850909227077     
  -1.3920000000008912       0.28218704584132248     
  -1.3860000000008945       0.28430185086034609     
  -1.3800000000008978       0.28641255499955870     
  -1.3740000000009012       0.28851878558221361     
  -1.3680000000009045       0.29062016645839028     
  -1.3620000000009078       0.29271631806048609     
  -1.3560000000009111       0.29480685746040680     
  -1.3500000000009145       0.29689139842845963     
  -1.3440000000009178       0.29896955149394361     
  -1.3380000000009211       0.30104092400743682     
  -1.3320000000009244       0.30310512020477909     
  -1.3260000000009278       0.30516174127274359     
  -1.3200000000009311       0.30721038541639645     
  -1.3140000000009344       0.30925064792813689     
  -1.3080000000009377       0.31128212125841404     
  -1.3020000000009411       0.31330439508811231     
  -1.2960000000009444       0.31531705640260027     
  -1.2900000000009477       0.31731968956743223     
  -1.2840000000009510       0.31931187640569736     
  -1.2780000000009544       0.32129319627700353     
  -1.2720000000009577       0.32326322615808756     
  -1.2660000000009610       0.32522154072504023     
  -1.2600000000009643       0.32716771243713494     
  -1.2540000000009677       0.32910131162224576     
  -1.2480000000009710       0.33102190656384362     
  -1.2420000000009743       0.33292906358955454     
  -1.2360000000009776       0.33482234716126646     
  -1.2300000000009810       0.33670131996676794     
  -1.2240000000009843       0.33856554301290254     
  -1.2180000000009876       0.34041457572022127     
  -1.2120000000009910       0.34224797601911522     
  -1.2060000000009943       0.34406530044740991     
  -1.2000000000009976       0.34586610424940001     
  -1.1940000000010009       0.34764994147630596     
  -1.1880000000010043       0.34941636508812945     
  -1.1820000000010076       0.35116492705688668     
  -1.1760000000010109       0.35289517847119589     
  -1.1700000000010142       0.35460666964219606     
  -1.1640000000010176       0.35629895021077157     
  -1.1580000000010209       0.35797156925605789     
  -1.1520000000010242       0.35962407540520286     
  -1.1460000000010275       0.36125601694435527     
  -1.1400000000010309       0.36286694193085489     
  -1.1340000000010342       0.36445639830659393     
  -1.1280000000010375       0.36602393401252264     
  -1.1220000000010408       0.36756909710426711     
  -1.1160000000010442       0.36909143586883025     
  -1.1100000000010475       0.37059049894234464     
  -1.1040000000010508       0.37206583542884314     
  -1.0980000000010541       0.37351699502001773     
  -1.0920000000010575       0.37494352811592968     
  -1.0860000000010608       0.37634498594663951     
  -1.0800000000010641       0.37772092069472007     
  -1.0740000000010674       0.37907088561861829     
  -1.0680000000010708       0.38039443517682786     
  -1.0620000000010741       0.38169112515283832     
  -1.0560000000010774       0.38296051278081983     
  -1.0500000000010807       0.38420215687200809     
  -1.0440000000010841       0.38541561794174878     
  -1.0380000000010874       0.38660045833716278     
  -1.0320000000010907       0.38775624236539219     
  -1.0260000000010940       0.38888253642238513     
  -1.0200000000010974       0.38997890912218047     
  -1.0140000000011007       0.39104493142664770     
  -1.0080000000011040       0.39208017677564161     
  -1.0020000000011073       0.39308422121752812     
 -0.99600000000111066       0.39405664354003761     
 -0.99000000000111399       0.39499702540140214     
 -0.98400000000111731       0.39590495146173144     
 -0.97800000000112064       0.39678000951458314     
 -0.97200000000112396       0.39762179061868219     
 -0.96600000000112729       0.39842988922974232     
 -0.96000000000113062       0.39920390333234501     
 -0.95400000000113394       0.39994343457182735     
 -0.94800000000113727       0.40064808838613264     
 -0.94200000000114059       0.40131747413757757     
 -0.93600000000114392       0.40195120524448447     
 -0.93000000000114724       0.40254889931263488     
 -0.92400000000115057       0.40311017826649231     
 -0.91800000000115389       0.40363466848014806     
 -0.91200000000115722       0.40412200090793921     
 -0.90600000000116054       0.40457181121468982     
 -0.90000000000116387       0.40498373990552766     
 -0.89400000000116719       0.40535743245522310     
 -0.88800000000117052       0.40569253943700390     
 -0.88200000000117385       0.40598871665079350     
 -0.87600000000117717       0.40624562525082358     
 -0.87000000000118050       0.40646293187256888     
 -0.86400000000118382       0.40664030875895701     
 -0.85800000000118715       0.40677743388579890     
 -0.85200000000119047       0.40687399108639211     
 -0.84600000000119380       0.40692967017524434     
 -0.84000000000119712       0.40694416707086789     
 -0.83400000000120045       0.40691718391759402     
 -0.82800000000120377       0.40684842920635533     
 -0.82200000000120710       0.40673761789438784     
 -0.81600000000121042       0.40658447152379995     
 -0.81000000000121375       0.40638871833895912     
 -0.80400000000121707       0.40615009340264674     
 -0.79800000000122040       0.40586833871092853     
 -0.79200000000122373       0.40554320330669302     
 -0.78600000000122705       0.40517444339180764     
 -0.78000000000123038       0.40476182243784109     
 -0.77400000000123370       0.40430511129530711     
 -0.76800000000123703       0.40380408830137421     
 -0.76200000000124035       0.40325853938599915     
 -0.75600000000124368       0.40266825817643176     
 -0.75000000000124700       0.40203304610004342     
 -0.74400000000125033       0.40135271248543386     
 -0.73800000000125365       0.40062707466176589     
 -0.73200000000125698       0.39985595805628349     
 -0.72600000000126030       0.39903919628996587     
 -0.72000000000126363       0.39817663127127179     
 -0.71400000000126695       0.39726811328792849     
 -0.70800000000127028       0.39631350109672053     
 -0.70200000000127361       0.39531266201123372     
 -0.69600000000127693       0.39426547198751155     
 -0.69000000000128026       0.39317181570757809     
 -0.68400000000128358       0.39203158666078919     
 -0.67800000000128691       0.39084468722296400     
 -0.67200000000129023       0.38961102873326242     
 -0.66600000000129356       0.38833053156876102     
 -0.66000000000129688       0.38700312521669256     
 -0.65400000000130021       0.38562874834430699     
 -0.64800000000130353       0.38420734886631680     
 -0.64200000000130686       0.38273888400988826     
 -0.63600000000131018       0.38122332037714196     
 -0.63000000000131351       0.37966063400512640     
 -0.62400000000131683       0.37805081042322963     
 -0.61800000000132016       0.37639384470799375     
 -0.61200000000132349       0.37468974153529938     
 -0.60600000000132681       0.37293851522988797     
 -0.60000000000133014       0.37114018981218760     
 -0.59400000000133346       0.36929479904241563     
 -0.58800000000133679       0.36740238646192391     
 -0.58200000000134011       0.36546300543176130     
 -0.57600000000134344       0.36347671916842278     
 -0.57000000000134676       0.36144360077676002     
 -0.56400000000135009       0.35936373328002746     
 -0.55800000000135341       0.35723720964703709     
 -0.55200000000135674       0.35506413281640153     
 -0.54600000000136006       0.35284461571783882     
 -0.54000000000136339       0.35057878129052100     
 -0.53400000000136671       0.34826676249844296     
 -0.52800000000137004       0.34590870234279436     
 -0.52200000000137337       0.34350475387131429     
 -0.51600000000137669       0.34105508018461422     
 -0.51000000000138002       0.33855985443945019     
 -0.50400000000138334       0.33601925984893211     
 -0.49800000000138661       0.33343348967965514     
 -0.49200000000138988       0.33080274724574077     
 -0.48600000000139315       0.32812724589977732     
 -0.48000000000139642       0.32540720902064890     
 -0.47400000000139969       0.32264286999824460     
 -0.46800000000140296       0.31983447221503991     
 -0.46200000000140623       0.31698226902454546     
 -0.45600000000140950       0.31408652372661588     
 -0.45000000000141277       0.31114750953961684     
 -0.44400000000141604       0.30816550956944733     
 -0.43800000000141931       0.30514081677541516     
 -0.43200000000142258       0.30207373393296727     
 -0.42600000000142585       0.29896457359327433     
 -0.42000000000142912       0.29581365803967430     
 -0.41400000000143239       0.29262131924097690     
 -0.40800000000143566       0.28938789880163568     
 -0.40200000000143893       0.28611374790879385     
 -0.39600000000144220       0.28279922727621098     
 -0.39000000000144547       0.27944470708508068     
 -0.38400000000144874       0.27605056692174945     
 -0.37800000000145201       0.27261719571234716     
 -0.37200000000145528       0.26914499165434486     
 -0.36600000000145855       0.26563436214505110     
 -0.36000000000146182       0.26208572370706501     
 -0.35400000000146509       0.25849950191070148     
 -0.34800000000146836       0.25487613129340658     
 -0.34200000000147163       0.25121605527618462     
 -0.33600000000147490       0.24751972607705450     
 -0.33000000000147817       0.24378760462156038     
 -0.32400000000148144       0.24002016045035804     
 -0.31800000000148471       0.23621787162390220     
 -0.31200000000148798       0.23238122462426083     
 -0.30600000000149125       0.22851071425408245     
 -0.30000000000149452       0.22460684353274651     
 -0.29400000000149779       0.22067012358972446     
 -0.28800000000150106       0.21670107355518348     
 -0.28200000000150433       0.21270022044786419     
 -0.27600000000150759       0.20866809906026626     
 -0.27000000000151086       0.20460525184117476     
 -0.26400000000151413       0.20051222877556441     
 -0.25800000000151740       0.19638958726191727     
 -0.25200000000152067       0.19223789198699204     
 -0.24600000000152394       0.18805771479808364     
 -0.24000000000152721       0.18384963457281342     
 -0.23400000000153048       0.17961423708649085     
 -0.22800000000153375       0.17535211487708882     
 -0.22200000000153702       0.17106386710787608     
 -0.21600000000154029       0.16675009942775065     
 -0.21000000000154356       0.16241142382932033     
 -0.20400000000154683       0.15804845850477525     
 -0.19800000000155010       0.15366182769960143     
 -0.19200000000155337       0.14925216156418231     
 -0.18600000000155664       0.14482009600333809     
 -0.18000000000155991       0.14036627252385264     
 -0.17400000000156318       0.13589133808003992     
 -0.16800000000156645       0.13139594491740036     
 -0.16200000000156972       0.12688075041442132     
 -0.15600000000157299       0.12234641692257471     
 -0.15000000000157626       0.11779361160456618     
 -0.14400000000157953       0.11322300627089117     
 -0.13800000000158280       0.10863527721475384     
 -0.13200000000158607       0.10403110504540583     
 -0.12600000000158934        9.9411174519961759E-002
 -0.12000000000159261        9.4776174373750161E-002
 -0.11400000000159588        9.0126797149258461E-002
 -0.10800000000159915        8.5463739023731417E-002
 -0.10200000000160242        8.0787699635482907E-002
  -9.6000000001605690E-002   7.6099381908982425E-002
  -9.0000000001608960E-002   7.1399491878776283E-002
  -8.4000000001612229E-002   6.6688738512306583E-002
  -7.8000000001615499E-002   6.1967833531689248E-002
  -7.2000000001618769E-002   5.7237491234514187E-002
  -6.6000000001622039E-002   5.2498428313730777E-002
  -6.0000000001625316E-002   4.7751363676682167E-002
  -5.4000000001628592E-002   4.2997018263352352E-002
  -4.8000000001631869E-002   3.8236114863890482E-002
  -4.2000000001635146E-002   3.3469377935476753E-002
  -3.6000000001638423E-002   2.8697533418595319E-002
  -3.0000000001641696E-002   2.3921308552778985E-002
  -2.4000000001644969E-002   1.9141431691891416E-002
  -1.8000000001648243E-002   1.4358632119012536E-002
  -1.2000000001651516E-002   9.5736398609928049E-003
  -6.0000000016547901E-003   4.7871855027426602E-003
  -1.6580643108499160E-012   1.3230058293149913E-012
   5.9999999983386615E-003  -4.7871855000968513E-003
   1.1999999998335387E-002  -9.5736398583476014E-003
   1.7999999998332114E-002  -1.4358632116368340E-002
   2.3999999998328841E-002  -1.9141431689248638E-002
   2.9999999998325567E-002  -2.3921308550138017E-002
   3.5999999998322291E-002  -2.8697533415956569E-002
   4.1999999998319014E-002  -3.3469377932840626E-002
   4.7999999998315737E-002  -3.8236114861257380E-002
   5.3999999998312460E-002  -4.2997018260722684E-002
   5.9999999998309184E-002  -4.7751363674056316E-002
   6.5999999998305914E-002  -5.2498428311109152E-002
   7.1999999998302644E-002  -5.7237491231897183E-002
   7.7999999998299374E-002  -6.1967833529077275E-002
   8.3999999998296104E-002  -6.6688738509700030E-002
   8.9999999998292834E-002  -7.1399491876175544E-002
   9.5999999998289565E-002  -7.6099381906387861E-002
  0.10199999999828629       -8.0787699632894963E-002
  0.10799999999828302       -8.5463739021150412E-002
  0.11399999999827976       -9.0126797146684839E-002
  0.11999999999827649       -9.4776174371184310E-002
  0.12599999999827322       -9.9411174517404041E-002
  0.13199999999826995      -0.10403110504285665     
  0.13799999999826668      -0.10863527721221355     
  0.14399999999826341      -0.11322300626836013     
  0.14999999999826014      -0.11779361160204482     
  0.15599999999825687      -0.12234641692006336     
  0.16199999999825360      -0.12688075041192037     
  0.16799999999825033      -0.13139594491491016     
  0.17399999999824706      -0.13589133807756087     
  0.17999999999824379      -0.14036627252138509     
  0.18599999999824052      -0.14482009600088236     
  0.19199999999823725      -0.14925216156173879     
  0.19799999999823398      -0.15366182769717046     
  0.20399999999823071      -0.15804845850235719     
  0.20999999999822744      -0.16241142382691551     
  0.21599999999822417      -0.16675009942535943     
  0.22199999999822090      -0.17106386710549878     
  0.22799999999821763      -0.17535211487472582     
  0.23399999999821436      -0.17961423708414243     
  0.23999999999821109      -0.18384963457047998     
  0.24599999999820782      -0.18805771479576541     
  0.25199999999820455      -0.19223789198468941     
  0.25799999999820128      -0.19638958725963054     
  0.26399999999819801      -0.20051222877329392     
  0.26999999999819474      -0.20460525183892078     
  0.27599999999819147      -0.20866809905802911     
  0.28199999999818820      -0.21270022044564418     
  0.28799999999818493      -0.21670107355298085     
  0.29399999999818166      -0.22067012358753957     
  0.29999999999817839      -0.22460684353057961     
  0.30599999999817512      -0.22851071425193392     
  0.31199999999817185      -0.23238122462213084     
  0.31799999999816858      -0.23621787162179114     
  0.32399999999816531      -0.24002016044826607     
  0.32999999999816204      -0.24378760461948781     
  0.33599999999815877      -0.24751972607500158     
  0.34199999999815550      -0.25121605527415158     
  0.34799999999815223      -0.25487613129139375     
  0.35399999999814896      -0.25849950190870896     
  0.35999999999814569      -0.26208572370509320     
  0.36599999999814242      -0.26563436214310016     
  0.37199999999813915      -0.26914499165241501     
  0.37799999999813588      -0.27261719571043869     
  0.38399999999813261      -0.27605056691986252     
  0.38999999999812934      -0.27944470708321567     
  0.39599999999812607      -0.28279922727436785     
  0.40199999999812280      -0.28611374790697297     
  0.40799999999811953      -0.28938789879983717     
  0.41399999999811626      -0.29262131923920109     
  0.41999999999811299      -0.29581365803792131     
  0.42599999999810972      -0.29896457359154438     
  0.43199999999810645      -0.30207373393126041     
  0.43799999999810318      -0.30514081677373167     
  0.44399999999809991      -0.30816550956778738     
  0.44999999999809664      -0.31114750953798059     
  0.45599999999809337      -0.31408652372500345     
  0.46199999999809011      -0.31698226902295706     
  0.46799999999808684      -0.31983447221347561     
  0.47399999999808357      -0.32264286999670450     
  0.47999999999808030      -0.32540720901913328     
  0.48599999999807703      -0.32812724589828629     
  0.49199999999807376      -0.33080274724427444     
  0.49799999999807049      -0.33343348967821357     
  0.50399999999806722      -0.33601925984751552     
  0.50999999999806389      -0.33855985443805853     
  0.51599999999806057      -0.34105508018324771     
  0.52199999999805724      -0.34350475386997309     
  0.52799999999805391      -0.34590870234147836     
  0.53399999999805059      -0.34826676249715249     
  0.53999999999804726      -0.35057878128925590     
  0.54599999999804394      -0.35284461571659931     
  0.55199999999804061      -0.35506413281518762     
  0.55799999999803729      -0.35723720964584899     
  0.56399999999803396      -0.35936373327886501     
  0.56999999999803064      -0.36144360077562354     
  0.57599999999802731      -0.36347671916731195     
  0.58199999999802399      -0.36546300543067645     
  0.58799999999802066      -0.36740238646086509     
  0.59399999999801734      -0.36929479904138268     
  0.59999999999801401      -0.37114018981118069     
  0.60599999999801069      -0.37293851522890709     
  0.61199999999800736      -0.37468974153434459     
  0.61799999999800403      -0.37639384470706488     
  0.62399999999800071      -0.37805081042232697     
  0.62999999999799738      -0.37966063400424971     
  0.63599999999799406      -0.38122332037629131     
  0.64199999999799073      -0.38273888400906364     
  0.64799999999798741      -0.38420734886551822     
  0.65399999999798408      -0.38562874834353444     
  0.65999999999798076      -0.38700312521594599     
  0.66599999999797743      -0.38833053156804037     
  0.67199999999797411      -0.38961102873256764     
  0.67799999999797078      -0.39084468722229510     
  0.68399999999796746      -0.39203158666014598     
  0.68999999999796413      -0.39317181570696086     
  0.69599999999796081      -0.39426547198691986     
  0.70199999999795748      -0.39531266201066789     
  0.70799999999795415      -0.39631350109618008     
  0.71399999999795083      -0.39726811328741363     
  0.71999999999794750      -0.39817663127078240     
  0.72599999999794418      -0.39903919628950180     
  0.73199999999794085      -0.39985595805584473     
  0.73799999999793753      -0.40062707466135228     
  0.74399999999793420      -0.40135271248504539     
  0.74999999999793088      -0.40203304609967994     
  0.75599999999792755      -0.40266825817609303     
  0.76199999999792423      -0.40325853938568534     
  0.76799999999792090      -0.40380408830108505     
  0.77399999999791758      -0.40430511129504249     
  0.77999999999791425      -0.40476182243760112     
  0.78599999999791093      -0.40517444339159175     
  0.79199999999790760      -0.40554320330650151     
  0.79799999999790427      -0.40586833871076100     
  0.80399999999790095      -0.40615009340250308     
  0.80999999999789762      -0.40638871833883927     
  0.81599999999789430      -0.40658447152370358     
  0.82199999999789097      -0.40673761789431506     
  0.82799999999788765      -0.40684842920630582     
  0.83399999999788432      -0.40691718391756770     
  0.83999999999788100      -0.40694416707086456     
  0.84599999999787767      -0.40692967017526377     
  0.85199999999787435      -0.40687399108643429     
  0.85799999999787102      -0.40677743388586368     
  0.86399999999786770      -0.40664030875904406     
  0.86999999999786437      -0.40646293187267812     
  0.87599999999786105      -0.40624562525095470     
  0.88199999999785772      -0.40598871665094655     
  0.88799999999785439      -0.40569253943717853     
  0.89399999999785107      -0.40535743245541911     
  0.89999999999784774      -0.40498373990574488     
  0.90599999999784442      -0.40457181121492813     
  0.91199999999784109      -0.40412200090819828     
  0.91799999999783777      -0.40363466848042795     
  0.92399999999783444      -0.40311017826679252     
  0.92999999999783112      -0.40254889931295523     
  0.93599999999782779      -0.40195120524482492     
  0.94199999999782447      -0.40131747413793784     
  0.94799999999782114      -0.40064808838651256     
  0.95399999999781782      -0.39994343457222647     
  0.95999999999781449      -0.39920390333276340     
  0.96599999999781117      -0.39842988923017969     
  0.97199999999780784      -0.39762179061913822     
  0.97799999999780451      -0.39678000951505765     
  0.98399999999780119      -0.39590495146222432     
  0.98999999999779786      -0.39499702540191317     
  0.99599999999779454      -0.39405664354056635     
   1.0019999999977913      -0.39308422121807435     
   1.0079999999977880      -0.39208017677620521     
   1.0139999999977847      -0.39104493142722851     
   1.0199999999977813      -0.38997890912277811     
   1.0259999999977780      -0.38888253642299947     
   1.0319999999977747      -0.38775624236602285     
   1.0379999999977714      -0.38660045833780976     
   1.0439999999977680      -0.38541561794241169     
   1.0499999999977647      -0.38420215687268666     
   1.0559999999977614      -0.38296051278151383     
   1.0619999999977581      -0.38169112515354758     
   1.0679999999977547      -0.38039443517755211     
   1.0739999999977514      -0.37907088561935715     
   1.0799999999977481      -0.37772092069547347     
   1.0859999999977448      -0.37634498594740717     
   1.0919999999977414      -0.37494352811671139     
   1.0979999999977381      -0.37351699502081309     
   1.1039999999977348      -0.37206583542965199     
   1.1099999999977315      -0.37059049894316665     
   1.1159999999977281      -0.36909143586966536     
   1.1219999999977248      -0.36756909710511493     
   1.1279999999977215      -0.36602393401338296     
   1.1339999999977182      -0.36445639830746646     
   1.1399999999977148      -0.36286694193173935     
   1.1459999999977115      -0.36125601694525150     
   1.1519999999977082      -0.35962407540611058     
   1.1579999999977049      -0.35797156925697687     
   1.1639999999977015      -0.35629895021170155     
   1.1699999999976982      -0.35460666964313675     
   1.1759999999976949      -0.35289517847214713     
   1.1819999999976916      -0.35116492705784808     
   1.1879999999976882      -0.34941636508910096     
   1.1939999999976849      -0.34764994147728712     
   1.1999999999976816      -0.34586610425039077     
   1.2059999999976783      -0.34406530044840988     
   1.2119999999976749      -0.34224797602012419     
   1.2179999999976716      -0.34041457572123890     
   1.2239999999976683      -0.33856554301392888     
   1.2299999999976650      -0.33670131996780256     
   1.2359999999976616      -0.33482234716230902     
   1.2419999999976583      -0.33292906359060481     
   1.2479999999976550      -0.33102190656490144     
   1.2539999999976517      -0.32910131162331102     
   1.2599999999976483      -0.32716771243820725     
   1.2659999999976450      -0.32522154072611936     
   1.2719999999976417      -0.32326322615917324     
   1.2779999999976384      -0.32129319627809561     
   1.2839999999976350      -0.31931187640679559     
   1.2899999999976317      -0.31731968956853623     
   1.2959999999976284      -0.31531705640370999     
   1.3019999999976251      -0.31330439508922753     
   1.3079999999976217      -0.31128212125953436     
   1.3139999999976184      -0.30925064792926216     
   1.3199999999976151      -0.30721038541752649     
   1.3259999999976118      -0.30516174127387818     
   1.3319999999976084      -0.30310512020591796     
   1.3379999999976051      -0.30104092400857979     
   1.3439999999976018      -0.29896955149509030     
   1.3499999999975985      -0.29689139842961010     
   1.3559999999975951      -0.29480685746156066     
   1.3619999999975918      -0.29271631806164311     
   1.3679999999975885      -0.29062016645955036     
   1.3739999999975852      -0.28851878558337640     
   1.3799999999975818      -0.28641255500072421     
   1.3859999999975785      -0.28430185086151388     
   1.3919999999975752      -0.28218704584249243     
   1.3979999999975719      -0.28006850909344266     
   1.4039999999975685      -0.27794660618509309     
   1.4099999999975652      -0.27582169905872655     
   1.4159999999975619      -0.27369414597748370     
   1.4219999999975586      -0.27156430147936156     
   1.4279999999975552      -0.26943251633190135     
   1.4339999999975519      -0.26729913748856254     
   1.4399999999975486      -0.26516450804677766     
   1.4459999999975452      -0.26302896720768376     
   1.4519999999975419      -0.26089285023752340     
   1.4579999999975386      -0.25875648843070881     
   1.4639999999975353      -0.25662020907454286     
   1.4699999999975319      -0.25448433541558807     
   1.4759999999975286      -0.25234918662767558     
   1.4819999999975253      -0.25021507778154600     
   1.4879999999975220      -0.24808231981611159     
   1.4939999999975186      -0.24595121951133048     
   1.4999999999975153      -0.24382207946268256     
   1.5059999999975120      -0.24169519805723522     
   1.5119999999975087      -0.23957086945128833     
   1.5179999999975053      -0.23744938354958597     
   1.5239999999975020      -0.23533102598608230     
   1.5299999999974987      -0.23321607810624959     
   1.5359999999974954      -0.23110481695091273     
   1.5419999999974920      -0.22899751524159931     
   1.5479999999974887      -0.22689444136738884     
   1.5539999999974854      -0.22479585937324711     
   1.5599999999974821      -0.22270202894983035     
   1.5659999999974787      -0.22061320542474394     
   1.5719999999974754      -0.21852963975523959     
   1.5779999999974721      -0.21645157852233449     
   1.5839999999974688      -0.21437926392633638     
   1.5899999999974654      -0.21231293378375696     
   1.5959999999974621      -0.21025282152559593     
   1.6019999999974588      -0.20819915619697962     
   1.6079999999974555      -0.20615216245813431     
   1.6139999999974521      -0.20411206058667708     
   1.6199999999974488      -0.20207906648120530     
   1.6259999999974455      -0.20005339166616642     
   1.6319999999974422      -0.19803524329798766     
   1.6379999999974388      -0.19602482417244790     
   1.6439999999974355      -0.19402233273327094     
   1.6499999999974322      -0.19202796308192119     
   1.6559999999974289      -0.19004190498858084     
   1.6619999999974255      -0.18806434390428933     
   1.6679999999974222      -0.18609546097422341     
   1.6739999999974189      -0.18413543305209898     
   1.6799999999974156      -0.18218443271567183     
   1.6859999999974122      -0.18024262828331850     
   1.6919999999974089      -0.17831018383167388     
   1.6979999999974056      -0.17638725921430723     
   1.7039999999974023      -0.17447401008141200     
   1.7099999999973989      -0.17257058790049126     
   1.7159999999973956      -0.17067713997801451     
   1.7219999999973923      -0.16879380948202616     
   1.7279999999973890      -0.16692073546568342     
   1.7339999999973856      -0.16505805289170117     
   1.7399999999973823      -0.16320589265768265     
   1.7459999999973790      -0.16136438162231517     
   1.7519999999973757      -0.15953364263240649     
   1.7579999999973723      -0.15771379455074216     
   1.7639999999973690      -0.15590495228474094     
   1.7699999999973657      -0.15410722681588701     
   1.7759999999973624      -0.15232072522991605     
   1.7819999999973590      -0.15054555074773462     
   1.7879999999973557      -0.14878180275705002     
   1.7939999999973524      -0.14702957684468873     
   1.7999999999973491      -0.14528896482958339     
   1.8059999999973457      -0.14356005479640413     
   1.8119999999973424      -0.14184293112981411     
   1.8179999999973391      -0.14013767454932802     
   1.8239999999973358      -0.13844436214475045     
   1.8299999999973324      -0.13676306741217500     
   1.8359999999973291      -0.13509386029052076     
   1.8419999999973258      -0.13343680719858586     
   1.8479999999973225      -0.13179197107259785     
   1.8539999999973191      -0.13015941140423806     
   1.8599999999973158      -0.12853918427912128     
   1.8659999999973125      -0.12693134241570811     
   1.8719999999973091      -0.12533593520463113     
   1.8779999999973058      -0.12375300874841348     
   1.8839999999973025      -0.12218260590156020     
   1.8899999999972992      -0.12062476631100157     
   1.8959999999972958      -0.11907952645686976     
   1.9019999999972925      -0.11754691969358796     
   1.9079999999972892      -0.11602697629125329     
   1.9139999999972859      -0.11451972347729340     
   1.9199999999972825      -0.11302518547837866     
   1.9259999999972792      -0.11154338356257026     
   1.9319999999972759      -0.11007433608168565     
   1.9379999999972726      -0.10861805851386294     
   1.9439999999972692      -0.10717456350630637     
   1.9499999999972659      -0.10574386091819395     
   1.9559999999972626      -0.10432595786373008     
   1.9619999999972593      -0.10292085875532572     
   1.9679999999972559      -0.10152856534688820     
   1.9739999999972526      -0.10014907677720357     
   1.9799999999972493       -9.8782389613395596E-002
   1.9859999999972460       -9.7428497894443508E-002
   1.9919999999972426       -9.6087393174742838E-002
   1.9979999999972393       -9.4759064567693341E-002
   2.0039999999972360       -9.3443498789297544E-002
   2.0099999999972327       -9.2140680201755018E-002
   2.0159999999972293       -9.0850590857036714E-002
   2.0219999999972260       -8.9573210540424164E-002
   2.0279999999972227       -8.8308516813998719E-002
   2.0339999999972194       -8.7056485060067482E-002
   2.0399999999972160       -8.5817088524509144E-002
   2.0459999999972127       -8.4590298360028737E-002
   2.0519999999972094       -8.3376083669305337E-002
   2.0579999999972061       -8.2174411548020340E-002
   2.0639999999972027       -8.0985247127753179E-002
   2.0699999999971994       -7.9808553618730682E-002
   2.0759999999971961       -7.8644292352419223E-002
   2.0819999999971928       -7.7492422823945514E-002
   2.0879999999971894       -7.6352902734335051E-002
   2.0939999999971861       -7.5225688032556429E-002
   2.0999999999971828       -7.4110732957359718E-002
   2.1059999999971795       -7.3007990078898105E-002
   2.1119999999971761       -7.1917410340121238E-002
   2.1179999999971728       -7.0838943097930998E-002
   2.1239999999971695       -6.9772536164087628E-002
   2.1299999999971662       -6.8718135845857856E-002
   2.1359999999971628       -6.7675686986393840E-002
   2.1419999999971595       -6.6645133004834586E-002
   2.1479999999971562       -6.5626415936120050E-002
   2.1539999999971529       -6.4619476470509057E-002
   2.1599999999971495       -6.3624253992792493E-002
   2.1659999999971462       -6.2640686621193611E-002
   2.1719999999971429       -6.1668711245946931E-002
   2.1779999999971396       -6.0708263567548451E-002
   2.1839999999971362       -5.9759278134668990E-002
   2.1899999999971329       -5.8821688381724316E-002
   2.1959999999971296       -5.7895426666094173E-002
   2.2019999999971263       -5.6980424304984054E-002
   2.2079999999971229       -5.6076611611923066E-002
   2.2139999999971196       -5.5183917932891839E-002
   2.2199999999971163       -5.4302271682074306E-002
   2.2259999999971130       -5.3431600377227967E-002
   2.2319999999971096       -5.2571830674667440E-002
   2.2379999999971063       -5.1722888403855131E-002
   2.2439999999971030       -5.0884698601595786E-002
   2.2499999999970997       -5.0057185545828733E-002
   2.2559999999970963       -4.9240272789014217E-002
   2.2619999999970930       -4.8433883191109854E-002
   2.2679999999970897       -4.7637938952132697E-002
   2.2739999999970864       -4.6852361644303515E-002
   2.2799999999970830       -4.6077072243770376E-002
   2.2859999999970797       -4.5311991161907463E-002
   2.2919999999970764       -4.4557038276186817E-002
   2.2979999999970731       -4.3812132960619914E-002
   2.3039999999970697       -4.3077194115767180E-002
   2.3099999999970664       -4.2352140198312259E-002
   2.3159999999970631       -4.1636889250199732E-002
   2.3219999999970597       -4.0931358927334176E-002
   2.3279999999970564       -4.0235466527838909E-002
   2.3339999999970531       -3.9549129019873001E-002
   2.3399999999970498       -3.8872263069005458E-002
   2.3459999999970464       -3.8204785065145588E-002
   2.3519999999970431       -3.7546611149028401E-002
   2.3579999999970398       -3.6897657238254937E-002
   2.3639999999970365       -3.6257839052886764E-002
   2.3699999999970331       -3.5627072140594275E-002
   2.3759999999970298       -3.5005271901359394E-002
   2.3819999999970265       -3.4392353611731992E-002
   2.3879999999970232       -3.3788232448640911E-002
   2.3939999999970198       -3.3192823512759734E-002
   2.3999999999970165       -3.2606041851428284E-002
   2.4059999999970132       -3.2027802481130289E-002
   2.4119999999970099       -3.1458020409528435E-002
   2.4179999999970065       -3.0896610657058107E-002
   2.4239999999970032       -3.0343488278080522E-002
   2.4299999999969999       -2.9798568381597404E-002
   2.4359999999969966       -2.9261766151528347E-002
   2.4419999999969932       -2.8732996866552628E-002
   2.4479999999969899       -2.8212175919517656E-002
   2.4539999999969866       -2.7699218836415636E-002
   2.4599999999969833       -2.7194041294931096E-002
   2.4659999999969799       -2.6696559142560815E-002
   2.4719999999969766       -2.6206688414309679E-002
   2.4779999999969733       -2.5724345349963609E-002
   2.4839999999969700       -2.5249446410943354E-002
   2.4899999999969666       -2.4781908296741460E-002
   2.4959999999969633       -2.4321647960945020E-002
   2.5019999999969600       -2.3868582626847663E-002
   2.5079999999969567       -2.3422629802653624E-002
   2.5139999999969533       -2.2983707296276905E-002
   2.5199999999969500       -2.2551733229739218E-002
   2.5259999999969467       -2.2126626053169687E-002
   2.5319999999969434       -2.1708304558409938E-002
   2.5379999999969400       -2.1296687892228158E-002
   2.5439999999969367       -2.0891695569145559E-002
   2.5499999999969334       -2.0493247483879300E-002
   2.5559999999969301       -2.0101263923405163E-002
   2.5619999999969267       -1.9715665578644258E-002
   2.5679999999969234       -1.9336373555777470E-002
   2.5739999999969201       -1.8963309387191814E-002
   2.5799999999969168       -1.8596395042062262E-002
   2.5859999999969134       -1.8235552936573980E-002
   2.5919999999969101       -1.7880705943788294E-002
   2.5979999999969068       -1.7531777403157152E-002
   2.6039999999969035       -1.7188691129690157E-002
   2.6099999999969001       -1.6851371422778500E-002
   2.6159999999968968       -1.6519743074680193E-002
   2.6219999999968935       -1.6193731378670879E-002
   2.6279999999968902       -1.5873262136864914E-002
   2.6339999999968868       -1.5558261667710937E-002
   2.6399999999968835       -1.5248656813166539E-002
   2.6459999999968802       -1.4944374945556650E-002
   2.6519999999968769       -1.4645343974120102E-002
   2.6579999999968735       -1.4351492351248940E-002
   2.6639999999968702       -1.4062749078425250E-002
   2.6699999999968669       -1.3779043711859980E-002
   2.6759999999968636       -1.3500306367838435E-002
   2.6819999999968602       -1.3226467727777214E-002
   2.6879999999968569       -1.2957459042997129E-002
   2.6939999999968536       -1.2693212139216864E-002
   2.6999999999968503       -1.2433659420772064E-002
   2.7059999999968469       -1.2178733874564565E-002
   2.7119999999968436       -1.1928369073746368E-002
   2.7179999999968403       -1.1682499181143240E-002
   2.7239999999968370       -1.1441058952422426E-002
   2.7299999999968336       -1.1203983739009417E-002
   2.7359999999968303       -1.0971209490758173E-002
   2.7419999999968270       -1.0742672758379755E-002
   2.7479999999968237       -1.0518310695633843E-002
   2.7539999999968203       -1.0298061061287963E-002
   2.7599999999968170       -1.0081862220848904E-002
   2.7659999999968137       -9.8696531480710857E-003
   2.7719999999968103       -9.6613734262464557E-003
   2.7779999999968070       -9.4569632492804995E-003
   2.7839999999968037       -9.2563634225589133E-003
   2.7899999999968004       -9.0595153636095875E-003
   2.7959999999967970       -8.8663611025643456E-003
   2.8019999999967937       -8.6768432824249533E-003
   2.8079999999967904       -8.4909051591379354E-003
   2.8139999999967871       -8.3084906014826085E-003
   2.8199999999967837       -8.1295440907767184E-003
   2.8259999999967804       -7.9540107204041817E-003
   2.8319999999967771       -7.7818361951691789E-003
   2.8379999999967738       -7.6129668304809814E-003
   2.8439999999967704       -7.4473495513738197E-003
   2.8499999999967671       -7.2849318913660224E-003
   2.8559999999967638       -7.1256619911626165E-003
   2.8619999999967605       -6.9694885972057079E-003
   2.8679999999967571       -6.8163610600765600E-003
   2.8739999999967538       -6.6662293327537214E-003
   2.8799999999967505       -6.5190439687311374E-003
   2.8859999999967472       -6.3747561200001848E-003
   2.8919999999967438       -6.2333175348999025E-003
   2.8979999999967405       -6.0946805558390136E-003
   2.9039999999967372       -5.9587981168938344E-003
   2.9099999999967339       -5.8256237412859469E-003
   2.9159999999967305       -5.6951115387432975E-003
   2.9219999999967272       -5.5672162027485903E-003
   2.9279999999967239       -5.4418930076786951E-003
   2.9339999999967206       -5.3190978058386545E-003
   2.9399999999967172       -5.1987870243939815E-003
   2.9459999999967139       -5.0809176622048377E-003
   2.9519999999967106       -4.9654472865655200E-003
   2.9579999999967073       -4.8523340298528492E-003
   2.9639999999967039       -4.7415365860867991E-003
   2.9699999999967006       -4.6330142074067961E-003
   2.9759999999966973       -4.5267267004670039E-003
   2.9819999999966940       -4.4226344227538449E-003
   2.9879999999966906       -4.3206982788290410E-003
   2.9939999999966873       -4.2208797165013091E-003
