  -3.0000000000000000       -7.7157171140700967E-003
  -2.9940000000000033       -7.8628385444083539E-003
  -2.9880000000000067       -8.0122325555489985E-003
  -2.9820000000000100       -8.1639216205133154E-003
  -2.9760000000000133       -8.3179281339686578E-003
  -2.9700000000000166       -8.4742744031298389E-003
  -2.9640000000000200       -8.6329826384774402E-003
  -2.9580000000000233       -8.7940749442926690E-003
  -2.9520000000000266       -8.9575733090087612E-003
  -2.9460000000000299       -9.1234995953786910E-003
  -2.9400000000000333       -9.2918755304591521E-003
  -2.9340000000000366       -9.4627226954109543E-003
  -2.9280000000000399       -9.6360625151160721E-003
  -2.9220000000000432       -9.8119162476113121E-003
  -2.9160000000000466       -9.9903049733393381E-003
  -2.9100000000000499       -1.0171249584217321E-002
  -2.9040000000000532       -1.0354770772523782E-002
  -2.8980000000000565       -1.0540889019604281E-002
  -2.8920000000000599       -1.0729624584396889E-002
  -2.8860000000000632       -1.0920997491778116E-002
  -2.8800000000000665       -1.1115027520730491E-002
  -2.8740000000000698       -1.1311734192332822E-002
  -2.8680000000000732       -1.1511136757574248E-002
  -2.8620000000000765       -1.1713254184993718E-002
  -2.8560000000000798       -1.1918105148146160E-002
  -2.8500000000000831       -1.2125708012896827E-002
  -2.8440000000000865       -1.2336080824545948E-002
  -2.8380000000000898       -1.2549241294785114E-002
  -2.8320000000000931       -1.2765206788487476E-002
  -2.8260000000000964       -1.2983994310333972E-002
  -2.8200000000000998       -1.3205620491277853E-002
  -2.8140000000001031       -1.3430101574849538E-002
  -2.8080000000001064       -1.3657453403304707E-002
  -2.8020000000001097       -1.3887691403618032E-002
  -2.7960000000001131       -1.4120830573325383E-002
  -2.7900000000001164       -1.4356885466217504E-002
  -2.7840000000001197       -1.4595870177888029E-002
  -2.7780000000001230       -1.4837798331139225E-002
  -2.7720000000001264       -1.5082683061248818E-002
  -2.7660000000001297       -1.5330537001101286E-002
  -2.7600000000001330       -1.5581372266187209E-002
  -2.7540000000001363       -1.5835200439474749E-002
  -2.7480000000001397       -1.6092032556156998E-002
  -2.7420000000001430       -1.6351879088279203E-002
  -2.7360000000001463       -1.6614749929250411E-002
  -2.7300000000001496       -1.6880654378243723E-002
  -2.7240000000001530       -1.7149601124489711E-002
  -2.7180000000001563       -1.7421598231467935E-002
  -2.7120000000001596       -1.7696653121001136E-002
  -2.7060000000001629       -1.7974772557257344E-002
  -2.7000000000001663       -1.8255962630665069E-002
  -2.6940000000001696       -1.8540228741746979E-002
  -2.6880000000001729       -1.8827575584877212E-002
  -2.6820000000001762       -1.9118007131968717E-002
  -2.6760000000001796       -1.9411526616095555E-002
  -2.6700000000001829       -1.9708136515057099E-002
  -2.6640000000001862       -2.0007838534889501E-002
  -2.6580000000001895       -2.0310633593331170E-002
  -2.6520000000001929       -2.0616521803248626E-002
  -2.6460000000001962       -2.0925502456029511E-002
  -2.6400000000001995       -2.1237574004949269E-002
  -2.6340000000002028       -2.1552734048518679E-002
  -2.6280000000002062       -2.1870979313819441E-002
  -2.6220000000002095       -2.2192305639834903E-002
  -2.6160000000002128       -2.2516707960783328E-002
  -2.6100000000002161       -2.2844180289461773E-002
  -2.6040000000002195       -2.3174715700607570E-002
  -2.5980000000002228       -2.3508306314286201E-002
  -2.5920000000002261       -2.3844943279312917E-002
  -2.5860000000002294       -2.4184616756716713E-002
  -2.5800000000002328       -2.4527315903254958E-002
  -2.5740000000002361       -2.4873028854987343E-002
  -2.5680000000002394       -2.5221742710917393E-002
  -2.5620000000002427       -2.5573443516711113E-002
  -2.5560000000002461       -2.5928116248500960E-002
  -2.5500000000002494       -2.6285744796784902E-002
  -2.5440000000002527       -2.6646311950429453E-002
  -2.5380000000002561       -2.7009799380786251E-002
  -2.5320000000002594       -2.7376187625931726E-002
  -2.5260000000002627       -2.7745456075039587E-002
  -2.5200000000002660       -2.8117582952895636E-002
  -2.5140000000002694       -2.8492545304565426E-002
  -2.5080000000002727       -2.8870318980224411E-002
  -2.5020000000002760       -2.9250878620160691E-002
  -2.4960000000002793       -2.9634197639961390E-002
  -2.4900000000002827       -3.0020248215891960E-002
  -2.4840000000002860       -3.0409001270480310E-002
  -2.4780000000002893       -3.0800426458315107E-002
  -2.4720000000002926       -3.1194492152070225E-002
  -2.4660000000002960       -3.1591165428765257E-002
  -2.4600000000002993       -3.1990412056273621E-002
  -2.4540000000003026       -3.2392196480089265E-002
  -2.4480000000003059       -3.2796481810362994E-002
  -2.4420000000003093       -3.3203229809219602E-002
  -2.4360000000003126       -3.3612400878367553E-002
  -2.4300000000003159       -3.4023954047012146E-002
  -2.4240000000003192       -3.4437846960083923E-002
  -2.4180000000003226       -3.4854035866793913E-002
  -2.4120000000003259       -3.5272475609526871E-002
  -2.4060000000003292       -3.5693119613085141E-002
  -2.4000000000003325       -3.6115919874293495E-002
  -2.3940000000003359       -3.6540826951978078E-002
  -2.3880000000003392       -3.6967789957330570E-002
  -2.3820000000003425       -3.7396756544669056E-002
  -2.3760000000003458       -3.7827672902608557E-002
  -2.3700000000003492       -3.8260483745652003E-002
  -2.3640000000003525       -3.8695132306214269E-002
  -2.3580000000003558       -3.9131560327090795E-002
  -2.3520000000003591       -3.9569708054383083E-002
  -2.3460000000003625       -4.0009514230892489E-002
  -2.3400000000003658       -4.0450916089994772E-002
  -2.3340000000003691       -4.0893849350006749E-002
  -2.3280000000003724       -4.1338248209057307E-002
  -2.3220000000003758       -4.1784045340474620E-002
  -2.3160000000003791       -4.2231171888700771E-002
  -2.3100000000003824       -4.2679557465746525E-002
  -2.3040000000003857       -4.3129130148196755E-002
  -2.2980000000003891       -4.3579816474779397E-002
  -2.2920000000003924       -4.4031541444508368E-002
  -2.2860000000003957       -4.4484228515412588E-002
  -2.2800000000003990       -4.4937799603862488E-002
  -2.2740000000004024       -4.5392175084504736E-002
  -2.2680000000004057       -4.5847273790817183E-002
  -2.2620000000004090       -4.6303013016294442E-002
  -2.2560000000004123       -4.6759308516275529E-002
  -2.2500000000004157       -4.7216074510423908E-002
  -2.2440000000004190       -4.7673223685871374E-002
  -2.2380000000004223       -4.8130667201035468E-002
  -2.2320000000004256       -4.8588314690121433E-002
  -2.2260000000004290       -4.9046074268318987E-002
  -2.2200000000004323       -4.9503852537703348E-002
  -2.2140000000004356       -4.9961554593851216E-002
  -2.2080000000004389       -5.0419084033180933E-002
  -2.2020000000004423       -5.0876342961026146E-002
  -2.1960000000004456       -5.1333232000453095E-002
  -2.1900000000004489       -5.1789650301829603E-002
  -2.1840000000004522       -5.2245495553155462E-002
  -2.1780000000004556       -5.2700663991162036E-002
  -2.1720000000004589       -5.3155050413190429E-002
  -2.1660000000004622       -5.3608548189855568E-002
  -2.1600000000004655       -5.4061049278504164E-002
  -2.1540000000004689       -5.4512444237474859E-002
  -2.1480000000004722       -5.4962622241166610E-002
  -2.1420000000004755       -5.5411471095923870E-002
  -2.1360000000004788       -5.5858877256744009E-002
  -2.1300000000004822       -5.6304725844814017E-002
  -2.1240000000004855       -5.6748900665882472E-002
  -2.1180000000004888       -5.7191284229472866E-002
  -2.1120000000004922       -5.7631757768943075E-002
  -2.1060000000004955       -5.8070201262396599E-002
  -2.1000000000004988       -5.8506493454450581E-002
  -2.0940000000005021       -5.8940511878863872E-002
  -2.0880000000005055       -5.9372132882030824E-002
  -2.0820000000005088       -5.9801231647342780E-002
  -2.0760000000005121       -6.0227682220422081E-002
  -2.0700000000005154       -6.0651357535229891E-002
  -2.0640000000005188       -6.1072129441051878E-002
  -2.0580000000005221       -6.1489868730362510E-002
  -2.0520000000005254       -6.1904445167570522E-002
  -2.0460000000005287       -6.2315727518646127E-002
  -2.0400000000005321       -6.2723583581631076E-002
  -2.0340000000005354       -6.3127880218031854E-002
  -2.0280000000005387       -6.3528483385095966E-002
  -2.0220000000005420       -6.3925258168970350E-002
  -2.0160000000005454       -6.4318068818741456E-002
  -2.0100000000005487       -6.4706778781354682E-002
  -2.0040000000005520       -6.5091250737412371E-002
  -1.9980000000005553       -6.5471346637846289E-002
  -1.9920000000005587       -6.5846927741463265E-002
  -1.9860000000005620       -6.6217854653359040E-002
  -1.9800000000005653       -6.6583987364197433E-002
  -1.9740000000005686       -6.6945185290349610E-002
  -1.9680000000005720       -6.7301307314889022E-002
  -1.9620000000005753       -6.7652211829435607E-002
  -1.9560000000005786       -6.7997756776844373E-002
  -1.9500000000005819       -6.8337799694730611E-002
  -1.9440000000005853       -6.8672197759825360E-002
  -1.9380000000005886       -6.9000807833152752E-002
  -1.9320000000005919       -6.9323486506022103E-002
  -1.9260000000005952       -6.9640090146824429E-002
  -1.9200000000005986       -6.9950474948625371E-002
  -1.9140000000006019       -7.0254496977543948E-002
  -1.9080000000006052       -7.0552012221906726E-002
  -1.9020000000006085       -7.0842876642166583E-002
  -1.8960000000006119       -7.1126946221574061E-002
  -1.8900000000006152       -7.1404077017589926E-002
  -1.8840000000006185       -7.1674125214024734E-002
  -1.8780000000006218       -7.1936947173894053E-002
  -1.8720000000006252       -7.2192399492973527E-002
  -1.8660000000006285       -7.2440339054040695E-002
  -1.8600000000006318       -7.2680623081787313E-002
  -1.8540000000006351       -7.2913109198387990E-002
  -1.8480000000006385       -7.3137655479707436E-002
  -1.8420000000006418       -7.3354120512130638E-002
  -1.8360000000006451       -7.3562363449997906E-002
  -1.8300000000006484       -7.3762244073627206E-002
  -1.8240000000006518       -7.3953622847905312E-002
  -1.8180000000006551       -7.4136360981428368E-002
  -1.8120000000006584       -7.4310320486172365E-002
  -1.8060000000006617       -7.4475364237673494E-002
  -1.8000000000006651       -7.4631356035697247E-002
  -1.7940000000006684       -7.4778160665375334E-002
  -1.7880000000006717       -7.4915643958787817E-002
  -1.7820000000006750       -7.5043672856969071E-002
  -1.7760000000006784       -7.5162115472313412E-002
  -1.7700000000006817       -7.5270841151357737E-002
  -1.7640000000006850       -7.5369720537916643E-002
  -1.7580000000006883       -7.5458625636545262E-002
  -1.7520000000006917       -7.5537429876305615E-002
  -1.7460000000006950       -7.5606008174809239E-002
  -1.7400000000006983       -7.5664237002511570E-002
  -1.7340000000007016       -7.5711994447230369E-002
  -1.7280000000007050       -7.5749160278861152E-002
  -1.7220000000007083       -7.5775616014262664E-002
  -1.7160000000007116       -7.5791244982283401E-002
  -1.7100000000007149       -7.5795932388900797E-002
  -1.7040000000007183       -7.5789565382444718E-002
  -1.6980000000007216       -7.5772033118874788E-002
  -1.6920000000007249       -7.5743226827082094E-002
  -1.6860000000007282       -7.5703039874185168E-002
  -1.6800000000007316       -7.5651367830788699E-002
  -1.6740000000007349       -7.5588108536174772E-002
  -1.6680000000007382       -7.5513162163394223E-002
  -1.6620000000007416       -7.5426431284226395E-002
  -1.6560000000007449       -7.5327820933975553E-002
  -1.6500000000007482       -7.5217238676070414E-002
  -1.6440000000007515       -7.5094594666434283E-002
  -1.6380000000007549       -7.4959801717592534E-002
  -1.6320000000007582       -7.4812775362483222E-002
  -1.6260000000007615       -7.4653433917938314E-002
  -1.6200000000007648       -7.4481698547799097E-002
  -1.6140000000007682       -7.4297493325633623E-002
  -1.6080000000007715       -7.4100745297019668E-002
  -1.6020000000007748       -7.3891384541359545E-002
  -1.5960000000007781       -7.3669344233190909E-002
  -1.5900000000007815       -7.3434560702958368E-002
  -1.5840000000007848       -7.3186973497210345E-002
  -1.5780000000007881       -7.2926525438185771E-002
  -1.5720000000007914       -7.2653162682754638E-002
  -1.5660000000007948       -7.2366834780676195E-002
  -1.5600000000007981       -7.2067494732139137E-002
  -1.5540000000008014       -7.1755099044547452E-002
  -1.5480000000008047       -7.1429607788515967E-002
  -1.5420000000008081       -7.1090984653039146E-002
  -1.5360000000008114       -7.0739196999796777E-002
  -1.5300000000008147       -7.0374215916560526E-002
  -1.5240000000008180       -6.9996016269665409E-002
  -1.5180000000008214       -6.9604576755509073E-002
  -1.5120000000008247       -6.9199879951043722E-002
  -1.5060000000008280       -6.8781912363224187E-002
  -1.5000000000008313       -6.8350664477375894E-002
  -1.4940000000008347       -6.7906130804447878E-002
  -1.4880000000008380       -6.7448309927113953E-002
  -1.4820000000008413       -6.6977204544687516E-002
  -1.4760000000008446       -6.6492821516813960E-002
  -1.4700000000008480       -6.5995171905906314E-002
  -1.4640000000008513       -6.5484271018288645E-002
  -1.4580000000008546       -6.4960138444012883E-002
  -1.4520000000008579       -6.4422798095314801E-002
  -1.4460000000008613       -6.3872278243674946E-002
  -1.4400000000008646       -6.3308611555451394E-002
  -1.4340000000008679       -6.2731835126050198E-002
  -1.4280000000008712       -6.2141990512601129E-002
  -1.4220000000008746       -6.1539123765106299E-002
  -1.4160000000008779       -6.0923285456029118E-002
  -1.4100000000008812       -6.0294530708292160E-002
  -1.4040000000008845       -5.9652919221652910E-002
  -1.3980000000008879       -5.8998515297426127E-002
  -1.3920000000008912       -5.8331387861523649E-002
  -1.3860000000008945       -5.7651610485780838E-002
  -1.3800000000008978       -5.6959261407541498E-002
  -1.3740000000009012       -5.6254423547472385E-002
  -1.3680000000009045       -5.5537184525579306E-002
  -1.3620000000009078       -5.4807636675398383E-002
  -1.3560000000009111       -5.4065877056334512E-002
  -1.3500000000009145       -5.3312007464122659E-002
  -1.3440000000009178       -5.2546134439385529E-002
  -1.3380000000009211       -5.1768369274264071E-002
  -1.3320000000009244       -5.0978828017096529E-002
  -1.3260000000009278       -5.0177631475123281E-002
  -1.3200000000009311       -4.9364905215195459E-002
  -1.3140000000009344       -4.8540779562465566E-002
  -1.3080000000009377       -4.7705389597040314E-002
  -1.3020000000009411       -4.6858875148575091E-002
  -1.2960000000009444       -4.6001380788792241E-002
  -1.2900000000009477       -4.5133055821904154E-002
  -1.2840000000009510       -4.4254054272925732E-002
  -1.2780000000009544       -4.3364534873858461E-002
  -1.2720000000009577       -4.2464661047732319E-002
  -1.2660000000009610       -4.1554600890490609E-002
  -1.2600000000009643       -4.0634527150705327E-002
  -1.2540000000009677       -3.9704617207110202E-002
  -1.2480000000009710       -3.8765053043940741E-002
  -1.2420000000009743       -3.7816021224071253E-002
  -1.2360000000009776       -3.6857712859939551E-002
  -1.2300000000009810       -3.5890323582251964E-002
  -1.2240000000009843       -3.4914053506461262E-002
  -1.2180000000009876       -3.3929107197012233E-002
  -1.2120000000009910       -3.2935693629349790E-002
  -1.2060000000009943       -3.1934026149686975E-002
  -1.2000000000009976       -3.0924322432529829E-002
  -1.1940000000010009       -2.9906804435958122E-002
  -1.1880000000010043       -2.8881698354662221E-002
  -1.1820000000010076       -2.7849234570737107E-002
  -1.1760000000010109       -2.6809647602236003E-002
  -1.1700000000010142       -2.5763176049487392E-002
  -1.1640000000010176       -2.4710062539179661E-002
  -1.1580000000010209       -2.3650553666220153E-002
  -1.1520000000010242       -2.2584899933375646E-002
  -1.1460000000010275       -2.1513355688702485E-002
  -1.1400000000010309       -2.0436179060776615E-002
  -1.1340000000010342       -1.9353631891733974E-002
  -1.1280000000010375       -1.8265979668134345E-002
  -1.1220000000010408       -1.7173491449661196E-002
  -1.1160000000010442       -1.6076439795673272E-002
  -1.1100000000010475       -1.4975100689623291E-002
  -1.1040000000010508       -1.3869753461361411E-002
  -1.0980000000010541       -1.2760680707342383E-002
  -1.0920000000010575       -1.1648168208755579E-002
  -1.0860000000010608       -1.0532504847599752E-002
  -1.0800000000010641       -9.4139825207244284E-003
  -1.0740000000010674       -8.2928960518623713E-003
  -1.0680000000010708       -7.1695431016771428E-003
  -1.0620000000010741       -6.0442240758529532E-003
  -1.0560000000010774       -4.9172420312535879E-003
  -1.0500000000010807       -3.7889025801798619E-003
  -1.0440000000010841       -2.6595137927549607E-003
  -1.0380000000010874       -1.5293860974695422E-003
  -1.0320000000010907       -3.9883217991861045E-004
  -1.0260000000010940        7.3183312023571492E-004
  -1.0200000000010974        1.8622929140405837E-003
  -1.0140000000011007        2.9922283697321715E-003
  -1.0080000000011040        4.1213188208808881E-003
  -1.0020000000011073        5.2492418761640033E-003
 -0.99600000000111066        6.3756735307251662E-003
 -0.99000000000111399        7.5002882790810542E-003
 -0.98400000000111731        8.6227592295319098E-003
 -0.97800000000112064        9.7427582200335303E-003
 -0.97200000000112396        1.0859955935486248E-002
 -0.96600000000112729        1.1974022026395168E-002
 -0.96000000000113062        1.3084625228855527E-002
 -0.95400000000113394        1.4191433485815599E-002
 -0.94800000000113727        1.5294114069568236E-002
 -0.94200000000114059        1.6392333705421661E-002
 -0.93600000000114392        1.7485758696498731E-002
 -0.93000000000114724        1.8574055049613254E-002
 -0.92400000000115057        1.9656888602170512E-002
 -0.91800000000115389        2.0733925150038406E-002
 -0.91200000000115722        2.1804830576335244E-002
 -0.90600000000116054        2.2869270981078178E-002
 -0.90000000000116387        2.3926912811636621E-002
 -0.89400000000116719        2.4977422993933438E-002
 -0.88800000000117052        2.6020469064335652E-002
 -0.88200000000117385        2.7055719302176779E-002
 -0.87600000000117717        2.8082842862850677E-002
 -0.87000000000118050        2.9101509911417307E-002
 -0.86400000000118382        3.0111391756659125E-002
 -0.85800000000118715        3.1112160985526927E-002
 -0.85200000000119047        3.2103491597912953E-002
 -0.84600000000119380        3.3085059141688272E-002
 -0.84000000000119712        3.4056540847941644E-002
 -0.83400000000120045        3.5017615766355231E-002
 -0.82800000000120377        3.5967964900653571E-002
 -0.82200000000120710        3.6907271344060529E-002
 -0.81600000000121042        3.7835220414698938E-002
 -0.81000000000121375        3.8751499790867450E-002
 -0.80400000000121707        3.9655799646128385E-002
 -0.79800000000122040        4.0547812784140248E-002
 -0.79200000000122373        4.1427234773168196E-002
 -0.78600000000122705        4.2293764080205382E-002
 -0.78000000000123038        4.3147102204638424E-002
 -0.77400000000123370        4.3986953811388986E-002
 -0.76800000000123703        4.4813026863464535E-002
 -0.76200000000124035        4.5625032753850298E-002
 -0.75600000000124368        4.6422686436674993E-002
 -0.75000000000124700        4.7205706557582175E-002
 -0.74400000000125033        4.7973815583240119E-002
 -0.73800000000125365        4.8726739929921922E-002
 -0.73200000000125698        4.9464210091088548E-002
 -0.72600000000126030        5.0185960763907377E-002
 -0.72000000000126363        5.0891730974638866E-002
 -0.71400000000126695        5.1581264202824113E-002
 -0.70800000000127028        5.2254308504206690E-002
 -0.70200000000127361        5.2910616632322063E-002
 -0.69600000000127693        5.3549946158688203E-002
 -0.69000000000128026        5.4172059591531811E-002
 -0.68400000000128358        5.4776724492984451E-002
 -0.67800000000128691        5.5363713594683520E-002
 -0.67200000000129023        5.5932804911713783E-002
 -0.66600000000129356        5.6483781854825124E-002
 -0.66000000000129688        5.7016433340863232E-002
 -0.65400000000130021        5.7530553901350416E-002
 -0.64800000000130353        5.8025943789154155E-002
 -0.64200000000130686        5.8502409083182036E-002
 -0.63600000000131018        5.8959761791042321E-002
 -0.63000000000131351        5.9397819949609784E-002
 -0.62400000000131683        5.9816407723438096E-002
 -0.61800000000132016        6.0215355500959876E-002
 -0.61200000000132349        6.0594499988417261E-002
 -0.60600000000132681        6.0953684301466263E-002
 -0.60000000000133014        6.1292758054399182E-002
 -0.59400000000133346        6.1611577446930618E-002
 -0.58800000000133679        6.1910005348493412E-002
 -0.58200000000134011        6.2187911379991821E-002
 -0.57600000000134344        6.2445171992960735E-002
 -0.57000000000134676        6.2681670546080370E-002
 -0.56400000000135009        6.2897297378997477E-002
 -0.55800000000135341        6.3091949883405024E-002
 -0.55200000000135674        6.3265532571333646E-002
 -0.54600000000136006        6.3417957140609646E-002
 -0.54000000000136339        6.3549142537434974E-002
 -0.53400000000136671        6.3659015016046913E-002
 -0.52800000000137004        6.3747508195415692E-002
 -0.52200000000137337        6.3814563112940023E-002
 -0.51600000000137669        6.3860128275102235E-002
 -0.51000000000138002        6.3884159705045351E-002
 -0.50400000000138334        6.3886620987037152E-002
 -0.49800000000138661        6.3867483307786174E-002
 -0.49200000000138988        6.3826725494577866E-002
 -0.48600000000139315        6.3764334050199170E-002
 -0.48000000000139642        6.3680303184622575E-002
 -0.47400000000139969        6.3574634843421393E-002
 -0.46800000000140296        6.3447338732890005E-002
 -0.46200000000140623        6.3298432341844846E-002
 -0.45600000000140950        6.3127940960082937E-002
 -0.45000000000141277        6.2935897693476545E-002
 -0.44400000000141604        6.2722343475684936E-002
 -0.43800000000141931        6.2487327076465086E-002
 -0.43200000000142258        6.2230905106565336E-002
 -0.42600000000142585        6.1953142019187904E-002
 -0.42000000000142912        6.1654110108007434E-002
 -0.41400000000143239        6.1333889501735246E-002
 -0.40800000000143566        6.0992568155220091E-002
 -0.40200000000143893        6.0630241837078332E-002
 -0.39600000000144220        6.0247014113848467E-002
 -0.39000000000144547        5.9842996330666413E-002
 -0.38400000000144874        5.9418307588459937E-002
 -0.37800000000145201        5.8973074717662458E-002
 -0.37200000000145528        5.8507432248448614E-002
 -0.36600000000145855        5.8021522377495013E-002
 -0.36000000000146182        5.7515494931272663E-002
 -0.35400000000146509        5.6989507325878083E-002
 -0.34800000000146836        5.6443724523413279E-002
 -0.34200000000147163        5.5878318984925505E-002
 -0.33600000000147490        5.5293470619920466E-002
 -0.33000000000147817        5.4689366732463870E-002
 -0.32400000000148144        5.4066201963888477E-002
 -0.31800000000148471        5.3424178232125516E-002
 -0.31200000000148798        5.2763504667680934E-002
 -0.30600000000149125        5.2084397546279519E-002
 -0.30000000000149452        5.1387080218200758E-002
 -0.29400000000149779        5.0671783034333048E-002
 -0.28800000000150106        4.9938743268974017E-002
 -0.28200000000150433        4.9188205039406935E-002
 -0.27600000000150759        4.8420419222284780E-002
 -0.27000000000151086        4.7635643366855399E-002
 -0.26400000000151413        4.6834141605062794E-002
 -0.25800000000151740        4.6016184558561532E-002
 -0.25200000000152067        4.5182049242682994E-002
 -0.24600000000152394        4.4332018967393437E-002
 -0.24000000000152721        4.3466383235286364E-002
 -0.23400000000153048        4.2585437636652498E-002
 -0.22800000000153375        4.1689483741672806E-002
 -0.22200000000153702        4.0778828989781669E-002
 -0.21600000000154029        3.9853786576248468E-002
 -0.21000000000154356        3.8914675336028035E-002
 -0.20400000000154683        3.7961819624931163E-002
 -0.19800000000155010        3.6995549198169012E-002
 -0.19200000000155337        3.6016199086325341E-002
 -0.18600000000155664        3.5024109468813437E-002
 -0.18000000000155991        3.4019625544874622E-002
 -0.17400000000156318        3.3003097402177849E-002
 -0.16800000000156645        3.1974879883080454E-002
 -0.16200000000156972        3.0935332448611751E-002
 -0.15600000000157299        2.9884819040242479E-002
 -0.15000000000157626        2.8823707939504437E-002
 -0.14400000000157953        2.7752371625525546E-002
 -0.13800000000158280        2.6671186630547232E-002
 -0.13200000000158607        2.5580533393491877E-002
 -0.12600000000158934        2.4480796111649189E-002
 -0.12000000000159261        2.3372362590551699E-002
 -0.11400000000159588        2.2255624092110252E-002
 -0.10800000000159915        2.1130975181081767E-002
 -0.10200000000160242        1.9998813569942087E-002
  -9.6000000001605690E-002   1.8859539962238065E-002
  -9.0000000001608960E-002   1.7713557894493540E-002
  -8.4000000001612229E-002   1.6561273576745007E-002
  -7.8000000001615499E-002   1.5403095731783358E-002
  -7.2000000001618769E-002   1.4239435433178864E-002
  -6.6000000001622039E-002   1.3070705942167417E-002
  -6.0000000001625316E-002   1.1897322543476486E-002
  -5.4000000001628592E-002   1.0719702380169997E-002
  -4.8000000001631869E-002   9.5382642875919341E-003
  -4.2000000001635146E-002   8.3534286264888274E-003
  -3.6000000001638423E-002   7.1656171153919729E-003
  -3.0000000001641696E-002   5.9752526623404797E-003
  -2.4000000001644969E-002   4.7827591960267471E-003
  -1.8000000001648243E-002   3.5885614964462410E-003
  -1.2000000001651516E-002   2.3930850251337337E-003
  -6.0000000016547901E-003   1.1967557550684566E-003
  -1.6580643108499160E-012   3.3073597861130648E-013
   5.9999999983386615E-003  -1.1967557544071026E-003
   1.1999999998335387E-002  -2.3930850244727334E-003
   1.7999999998332114E-002  -3.5885614957858296E-003
   2.3999999998328841E-002  -4.7827591953671601E-003
   2.9999999998325567E-002  -5.9752526616819518E-003
   3.5999999998322291E-002  -7.1656171147347382E-003
   4.1999999998319014E-002  -8.3534286258331227E-003
   4.7999999998315737E-002  -9.5382642869379884E-003
   5.3999999998312460E-002  -1.0719702379518047E-002
   5.9999999998309184E-002  -1.1897322542826761E-002
   6.5999999998305914E-002  -1.3070705941520152E-002
   7.1999999998302644E-002  -1.4239435432534286E-002
   7.7999999998299374E-002  -1.5403095731141696E-002
   8.3999999998296104E-002  -1.6561273576106490E-002
   8.9999999998292834E-002  -1.7713557893858391E-002
   9.5999999998289565E-002  -1.8859539961606511E-002
  0.10199999999828629       -1.9998813569314357E-002
  0.10799999999828302       -2.1130975180458075E-002
  0.11399999999827976       -2.2255624091490817E-002
  0.11999999999827649       -2.3372362589936749E-002
  0.12599999999827322       -2.4480796111038938E-002
  0.13199999999826995       -2.5580533392886542E-002
  0.13799999999826668       -2.6671186629947025E-002
  0.14399999999826341       -2.7752371624930671E-002
  0.14999999999826014       -2.8823707938915116E-002
  0.15599999999825687       -2.9884819039658915E-002
  0.16199999999825360       -3.0935332448034137E-002
  0.16799999999825033       -3.1974879882509008E-002
  0.17399999999824706       -3.3003097401612766E-002
  0.17999999999824379       -3.4019625544316090E-002
  0.18599999999824052       -3.5024109468261663E-002
  0.19199999999823725       -3.6016199085780513E-002
  0.19799999999823398       -3.6995549197631317E-002
  0.20399999999823071       -3.7961819624400796E-002
  0.20999999999822744       -3.8914675335505161E-002
  0.21599999999822417       -3.9853786575733290E-002
  0.22199999999822090       -4.0778828989274360E-002
  0.22799999999821763       -4.1689483741173539E-002
  0.23399999999821436       -4.2585437636161440E-002
  0.23999999999821109       -4.3466383234803688E-002
  0.24599999999820782       -4.4332018966919295E-002
  0.25199999999820455       -4.5182049242217553E-002
  0.25799999999820128       -4.6016184558104953E-002
  0.26399999999819801       -4.6834141604615229E-002
  0.26999999999819474       -4.7635643366417013E-002
  0.27599999999819147       -4.8420419221855714E-002
  0.28199999999818820       -4.9188205038987319E-002
  0.28799999999818493       -4.9938743268564026E-002
  0.29399999999818166       -5.0671783033932785E-002
  0.29999999999817839       -5.1387080217810376E-002
  0.30599999999817512       -5.2084397545899136E-002
  0.31199999999817185       -5.2763504667310668E-002
  0.31799999999816858       -5.3424178231765505E-002
  0.32399999999816531       -5.4066201963538840E-002
  0.32999999999816204       -5.4689366732124697E-002
  0.33599999999815877       -5.5293470619591896E-002
  0.34199999999815550       -5.5878318984607621E-002
  0.34799999999815223       -5.6443724523106198E-002
  0.35399999999814896       -5.6989507325581897E-002
  0.35999999999814569       -5.7515494930987447E-002
  0.36599999999814242       -5.8021522377220879E-002
  0.37199999999813915       -5.8507432248185644E-002
  0.37799999999813588       -5.8973074717410735E-002
  0.38399999999813261       -5.9418307588219511E-002
  0.38999999999812934       -5.9842996330437409E-002
  0.39599999999812607       -6.0247014113630912E-002
  0.40199999999812280       -6.0630241836872281E-002
  0.40799999999811953       -6.0992568155025628E-002
  0.41399999999811626       -6.1333889501552434E-002
  0.41999999999811299       -6.1654110107836307E-002
  0.42599999999810972       -6.1953142019028504E-002
  0.43199999999810645       -6.2230905106417704E-002
  0.43799999999810318       -6.2487327076329265E-002
  0.44399999999809991       -6.2722343475560979E-002
  0.44999999999809664       -6.2935897693364454E-002
  0.45599999999809337       -6.3127940959982753E-002
  0.46199999999809011       -6.3298432341756583E-002
  0.46799999999808684       -6.3447338732813663E-002
  0.47399999999808357       -6.3574634843357000E-002
  0.47999999999808030       -6.3680303184570172E-002
  0.48599999999807703       -6.3764334050158702E-002
  0.49199999999807376       -6.3826725494549347E-002
  0.49799999999807049       -6.3867483307769632E-002
  0.50399999999806722       -6.3886620987032544E-002
  0.50999999999806389       -6.3884159705052679E-002
  0.51599999999806057       -6.3860128275121469E-002
  0.52199999999805724       -6.3814563112971165E-002
  0.52799999999805391       -6.3747508195458671E-002
  0.53399999999805059       -6.3659015016101744E-002
  0.53999999999804726       -6.3549142537501588E-002
  0.54599999999804394       -6.3417957140688014E-002
  0.55199999999804061       -6.3265532571423741E-002
  0.55799999999803729       -6.3091949883506790E-002
  0.56399999999803396       -6.2897297379110872E-002
  0.56999999999803064       -6.2681670546205340E-002
  0.57599999999802731       -6.2445171993097195E-002
  0.58199999999802399       -6.2187911380139724E-002
  0.58799999999802066       -6.1910005348652687E-002
  0.59399999999801734       -6.1611577447101204E-002
  0.59999999999801401       -6.1292758054581002E-002
  0.60599999999801069       -6.0953684301659240E-002
  0.61199999999800736       -6.0594499988621313E-002
  0.61799999999800403       -6.0215355501174898E-002
  0.62399999999800071       -5.9816407723664027E-002
  0.62999999999799738       -5.9397819949846532E-002
  0.63599999999799406       -5.8959761791289776E-002
  0.64199999999799073       -5.8502409083440114E-002
  0.64799999999798741       -5.8025943789422725E-002
  0.65399999999798408       -5.7530553901629415E-002
  0.65999999999798076       -5.7016433341152535E-002
  0.66599999999797743       -5.6483781855124600E-002
  0.67199999999797411       -5.5932804912023321E-002
  0.67799999999797078       -5.5363713595003007E-002
  0.68399999999796746       -5.4776724493313764E-002
  0.68999999999796413       -5.4172059591870832E-002
  0.69599999999796081       -5.3549946159036813E-002
  0.70199999999795748       -5.2910616632680124E-002
  0.70799999999795415       -5.2254308504574083E-002
  0.71399999999795083       -5.1581264203200673E-002
  0.71999999999794750       -5.0891730975024467E-002
  0.72599999999794418       -5.0185960764301894E-002
  0.73199999999794085       -4.9464210091491823E-002
  0.73799999999793753       -4.8726739930333808E-002
  0.74399999999793420       -4.7973815583660484E-002
  0.74999999999793088       -4.7205706558010860E-002
  0.75599999999792755       -4.6422686437111824E-002
  0.76199999999792423       -4.5625032754295157E-002
  0.76799999999792090       -4.4813026863917228E-002
  0.77399999999791758       -4.3986953811849382E-002
  0.77999999999791425       -4.3147102205106355E-002
  0.78599999999791093       -4.2293764080680675E-002
  0.79199999999790760       -4.1427234773650699E-002
  0.79799999999790427       -4.0547812784629808E-002
  0.80399999999790095       -3.9655799646624822E-002
  0.80999999999789762       -3.8751499791370582E-002
  0.81599999999789430       -3.7835220415208620E-002
  0.82199999999789097       -3.6907271344576574E-002
  0.82799999999788765       -3.5967964901175799E-002
  0.83399999999788432       -3.5017615766883468E-002
  0.83999999999788100       -3.4056540848475723E-002
  0.84599999999787767       -3.3085059142228035E-002
  0.85199999999787435       -3.2103491598458177E-002
  0.85799999999787102       -3.1112160986077466E-002
  0.86399999999786770       -3.0111391757214778E-002
  0.86999999999786437       -2.9101509911977918E-002
  0.87599999999786105       -2.8082842863416054E-002
  0.88199999999785772       -2.7055719302746719E-002
  0.88799999999785439       -2.6020469064910002E-002
  0.89399999999785107       -2.4977422994512000E-002
  0.89999999999784774       -2.3926912812219252E-002
  0.90599999999784442       -2.2869270981664625E-002
  0.91199999999784109       -2.1804830576925345E-002
  0.91799999999783777       -2.0733925150632011E-002
  0.92399999999783444       -1.9656888602767396E-002
  0.92999999999783112       -1.8574055050213287E-002
  0.93599999999782779       -1.7485758697101658E-002
  0.94199999999782447       -1.6392333706027322E-002
  0.94799999999782114       -1.5294114070176470E-002
  0.95399999999781782       -1.4191433486426219E-002
  0.95999999999781449       -1.3084625229468318E-002
  0.96599999999781117       -1.1974022027009958E-002
  0.97199999999780784       -1.0859955936102868E-002
  0.97799999999780451       -9.7427582206518273E-003
  0.98399999999780119       -8.6227592301516328E-003
  0.98999999999779786       -7.5002882797020488E-003
  0.99599999999779454       -6.3756735313472554E-003
   1.0019999999977913       -5.2492418767870015E-003
   1.0079999999977880       -4.1213188215046366E-003
   1.0139999999977847       -2.9922283703564386E-003
   1.0199999999977813       -1.8622929146652346E-003
   1.0259999999977780       -7.3183312086057978E-004
   1.0319999999977747        3.9883217929372446E-004
   1.0379999999977714        1.5293860968448147E-003
   1.0439999999977680        2.6595137921305691E-003
   1.0499999999977647        3.7889025795559269E-003
   1.0559999999977614        4.9172420306303182E-003
   1.0619999999977581        6.0442240752305266E-003
   1.0679999999977547        7.1695431010557406E-003
   1.0739999999977514        8.2928960512421070E-003
   1.0799999999977481        9.4139825201055103E-003
   1.0859999999977448        1.0532504846982338E-002
   1.0919999999977414        1.1648168208139853E-002
   1.0979999999977381        1.2760680706728488E-002
   1.1039999999977348        1.3869753460749449E-002
   1.1099999999977315        1.4975100689013466E-002
   1.1159999999977281        1.6076439795065772E-002
   1.1219999999977248        1.7173491449056156E-002
   1.1279999999977215        1.8265979667531847E-002
   1.1339999999977182        1.9353631891134232E-002
   1.1399999999977148        2.0436179060179766E-002
   1.1459999999977115        2.1513355688108717E-002
   1.1519999999977082        2.2584899932785011E-002
   1.1579999999977049        2.3650553665632852E-002
   1.1639999999977015        2.4710062538595836E-002
   1.1699999999976982        2.5763176048907196E-002
   1.1759999999976949        2.6809647601659565E-002
   1.1819999999976916        2.7849234570164472E-002
   1.1879999999976882        2.8881698354093609E-002
   1.1939999999976849        2.9906804435393682E-002
   1.1999999999976816        3.0924322431969655E-002
   1.2059999999976783        3.1934026149131135E-002
   1.2119999999976749        3.2935693628798418E-002
   1.2179999999976716        3.3929107196465490E-002
   1.2239999999976683        3.4914053505919342E-002
   1.2299999999976650        3.5890323581714886E-002
   1.2359999999976616        3.6857712859407407E-002
   1.2419999999976583        3.7816021223544175E-002
   1.2479999999976550        3.8765053043418859E-002
   1.2539999999976517        3.9704617206593594E-002
   1.2599999999976483        4.0634527150194069E-002
   1.2659999999976450        4.1554600889984833E-002
   1.2719999999976417        4.2464661047232150E-002
   1.2779999999976384        4.3364534873364002E-002
   1.2839999999976350        4.4254054272437032E-002
   1.2899999999976317        4.5133055821421283E-002
   1.2959999999976284        4.6001380788315310E-002
   1.3019999999976251        4.6858875148104252E-002
   1.3079999999976217        4.7705389596575547E-002
   1.3139999999976184        4.8540779562006947E-002
   1.3199999999976151        4.9364905214743113E-002
   1.3259999999976118        5.0177631474677312E-002
   1.3319999999976084        5.0978828016656944E-002
   1.3379999999976051        5.1768369273830953E-002
   1.3439999999976018        5.2546134438958926E-002
   1.3499999999975985        5.3312007463702682E-002
   1.3559999999975951        5.4065877055921210E-002
   1.3619999999975918        5.4807636674991812E-002
   1.3679999999975885        5.5537184525179507E-002
   1.3739999999975852        5.6254423547079380E-002
   1.3799999999975818        5.6959261407155418E-002
   1.3859999999975785        5.7651610485401690E-002
   1.3919999999975752        5.8331387861151433E-002
   1.3979999999975719        5.8998515297060919E-002
   1.4039999999975685        5.9652919221294752E-002
   1.4099999999975652        6.0294530707941142E-002
   1.4159999999975619        6.0923285455685178E-002
   1.4219999999975586        6.1539123764769534E-002
   1.4279999999975552        6.2141990512271518E-002
   1.4339999999975519        6.2731835125727817E-002
   1.4399999999975486        6.3308611555136271E-002
   1.4459999999975452        6.3872278243367053E-002
   1.4519999999975419        6.4422798095014153E-002
   1.4579999999975386        6.4960138443719589E-002
   1.4639999999975353        6.5484271018002652E-002
   1.4699999999975319        6.5995171905627592E-002
   1.4759999999975286        6.6492821516542538E-002
   1.4819999999975253        6.6977204544423463E-002
   1.4879999999975220        6.7448309926857269E-002
   1.4939999999975186        6.7906130804198508E-002
   1.4999999999975153        6.8350664477133879E-002
   1.5059999999975120        6.8781912362989514E-002
   1.5119999999975087        6.9199879950816431E-002
   1.5179999999975053        6.9604576755289110E-002
   1.5239999999975020        6.9996016269452704E-002
   1.5299999999974987        7.0374215916355148E-002
   1.5359999999974954        7.0739196999598714E-002
   1.5419999999974920        7.1090984652848438E-002
   1.5479999999974887        7.1429607788332461E-002
   1.5539999999974854        7.1755099044371148E-002
   1.5599999999974821        7.2067494731970064E-002
   1.5659999999974787        7.2366834780514380E-002
   1.5719999999974754        7.2653162682600012E-002
   1.5779999999974721        7.2926525438038223E-002
   1.5839999999974688        7.3186973497069915E-002
   1.5899999999974654        7.3434560702825072E-002
   1.5959999999974621        7.3669344233064718E-002
   1.6019999999974588        7.3891384541240362E-002
   1.6079999999974555        7.4100745296907453E-002
   1.6139999999974521        7.4297493325528402E-002
   1.6199999999974488        7.4481698547700786E-002
   1.6259999999974455        7.4653433917846818E-002
   1.6319999999974422        7.4812775362398568E-002
   1.6379999999974388        7.4959801717514637E-002
   1.6439999999974355        7.5094594666363215E-002
   1.6499999999974322        7.5217238676006021E-002
   1.6559999999974289        7.5327820933917766E-002
   1.6619999999974255        7.5426431284175185E-002
   1.6679999999974222        7.5513162163349537E-002
   1.6739999999974189        7.5588108536136622E-002
   1.6799999999974156        7.5651367830756933E-002
   1.6859999999974122        7.5703039874159828E-002
   1.6919999999974089        7.5743226827063026E-002
   1.6979999999974056        7.5772033118861992E-002
   1.7039999999974023        7.5789565382438112E-002
   1.7099999999973989        7.5795932388900339E-002
   1.7159999999973956        7.5791244982289008E-002
   1.7219999999973923        7.5775616014274308E-002
   1.7279999999973890        7.5749160278878694E-002
   1.7339999999973856        7.5711994447253836E-002
   1.7399999999973823        7.5664237002540907E-002
   1.7459999999973790        7.5606008174844253E-002
   1.7519999999973757        7.5537429876346346E-002
   1.7579999999973723        7.5458625636591628E-002
   1.7639999999973690        7.5369720537968504E-002
   1.7699999999973657        7.5270841151415122E-002
   1.7759999999973624        7.5162115472376154E-002
   1.7819999999973590        7.5043672857037155E-002
   1.7879999999973557        7.4915643958861217E-002
   1.7939999999973524        7.4778160665453938E-002
   1.7999999999973491        7.4631356035780930E-002
   1.8059999999973457        7.4475364237762187E-002
   1.8119999999973424        7.4310320486266027E-002
   1.8179999999973391        7.4136360981526969E-002
   1.8239999999973358        7.3953622848008702E-002
   1.8299999999973324        7.3762244073735314E-002
   1.8359999999973291        7.3562363450110704E-002
   1.8419999999973258        7.3354120512248086E-002
   1.8479999999973225        7.3137655479829367E-002
   1.8539999999973191        7.2913109198514278E-002
   1.8599999999973158        7.2680623081917958E-002
   1.8659999999973125        7.2440339054175601E-002
   1.8719999999973091        7.2192399493112652E-002
   1.8779999999973058        7.1936947174037244E-002
   1.8839999999973025        7.1674125214171991E-002
   1.8899999999972992        7.1404077017741138E-002
   1.8959999999972958        7.1126946221729243E-002
   1.9019999999972925        7.0842876642325497E-002
   1.9079999999972892        7.0552012222069374E-002
   1.9139999999972859        7.0254496977710204E-002
   1.9199999999972825        6.9950474948795152E-002
   1.9259999999972792        6.9640090146997666E-002
   1.9319999999972759        6.9323486506198753E-002
   1.9379999999972726        6.9000807833332720E-002
   1.9439999999972692        6.8672197760008560E-002
   1.9499999999972659        6.8337799694917045E-002
   1.9559999999972626        6.7997756777033833E-002
   1.9619999999972593        6.7652211829628051E-002
   1.9679999999972559        6.7301307315084394E-002
   1.9739999999972526        6.6945185290547868E-002
   1.9799999999972493        6.6583987364398411E-002
   1.9859999999972460        6.6217854653562697E-002
   1.9919999999972426        6.5846927741669531E-002
   1.9979999999972393        6.5471346638055136E-002
   2.0039999999972360        6.5091250737623660E-002
   2.0099999999972327        6.4706778781568330E-002
   2.0159999999972293        6.4318068818957380E-002
   2.0219999999972260        6.3925258169188565E-002
   2.0279999999972227        6.3528483385316276E-002
   2.0339999999972194        6.3127880218254273E-002
   2.0399999999972160        6.2723583581855494E-002
   2.0459999999972127        6.2315727518872488E-002
   2.0519999999972094        6.1904445167798777E-002
   2.0579999999972061        6.1489868730592520E-002
   2.0639999999972027        6.1072129441283610E-002
   2.0699999999971994        6.0651357535463267E-002
   2.0759999999971961        6.0227682220657011E-002
   2.0819999999971928        5.9801231647579237E-002
   2.0879999999971894        5.9372132882268669E-002
   2.0939999999971861        5.8940511879103083E-002
   2.0999999999971828        5.8506493454691069E-002
   2.1059999999971795        5.8070201262638385E-002
   2.1119999999971761        5.7631757769185978E-002
   2.1179999999971728        5.7191284229716866E-002
   2.1239999999971695        5.6748900666127464E-002
   2.1299999999971662        5.6304725845059952E-002
   2.1359999999971628        5.5858877256990867E-002
   2.1419999999971595        5.5411471096171568E-002
   2.1479999999971562        5.4962622241415016E-002
   2.1539999999971529        5.4512444237723993E-002
   2.1599999999971495        5.4061049278753985E-002
   2.1659999999971462        5.3608548190105944E-002
   2.1719999999971429        5.3155050413441311E-002
   2.1779999999971396        5.2700663991413370E-002
   2.1839999999971362        5.2245495553407205E-002
   2.1899999999971329        5.1789650302081720E-002
   2.1959999999971296        5.1333232000705484E-002
   2.2019999999971263        5.0876342961278770E-002
   2.2079999999971229        5.0419084033433724E-002
   2.2139999999971196        4.9961554594104167E-002
   2.2199999999971163        4.9503852537956354E-002
   2.2259999999971130        4.9046074268571972E-002
   2.2319999999971096        4.8588314690374425E-002
   2.2379999999971063        4.8130667201288335E-002
   2.2439999999971030        4.7673223686124123E-002
   2.2499999999970997        4.7216074510676498E-002
   2.2559999999970963        4.6759308516527855E-002
   2.2619999999970930        4.6303013016546483E-002
   2.2679999999970897        4.5847273791068899E-002
   2.2739999999970864        4.5392175084756056E-002
   2.2799999999970830        4.4937799604113357E-002
   2.2859999999970797        4.4484228515662999E-002
   2.2919999999970764        4.4031541444758279E-002
   2.2979999999970731        4.3579816475028760E-002
   2.3039999999970697        4.3129130148445535E-002
   2.3099999999970664        4.2679557465994673E-002
   2.3159999999970631        4.2231171888948281E-002
   2.3219999999970597        4.1784045340721387E-002
   2.3279999999970564        4.1338248209303319E-002
   2.3339999999970531        4.0893849350251955E-002
   2.3399999999970498        4.0450916090239146E-002
   2.3459999999970464        4.0009514231136016E-002
   2.3519999999970431        3.9569708054625688E-002
   2.3579999999970398        3.9131560327332462E-002
   2.3639999999970365        3.8695132306454987E-002
   2.3699999999970331        3.8260483745891742E-002
   2.3759999999970298        3.7827672902847269E-002
   2.3819999999970265        3.7396756544906672E-002
   2.3879999999970232        3.6967789957567082E-002
   2.3939999999970198        3.6540826952213473E-002
   2.3999999999970165        3.6115919874527717E-002
   2.4059999999970132        3.5693119613318225E-002
   2.4119999999970099        3.5272475609758762E-002
   2.4179999999970065        3.4854035867024548E-002
   2.4239999999970032        3.4437846960313330E-002
   2.4299999999969999        3.4023954047240228E-002
   2.4359999999969966        3.3612400878594344E-002
   2.4419999999969932        3.3203229809445074E-002
   2.4479999999969899        3.2796481810587128E-002
   2.4539999999969866        3.2392196480312010E-002
   2.4599999999969833        3.1990412056494978E-002
   2.4659999999969799        3.1591165428985164E-002
   2.4719999999969766        3.1194492152288721E-002
   2.4779999999969733        3.0800426458532190E-002
   2.4839999999969700        3.0409001270695898E-002
   2.4899999999969666        3.0020248216106087E-002
   2.4959999999969633        2.9634197640174002E-002
   2.5019999999969600        2.9250878620371797E-002
   2.5079999999969567        2.8870318980433955E-002
   2.5139999999969533        2.8492545304773433E-002
   2.5199999999969500        2.8117582953102065E-002
   2.5259999999969467        2.7745456075244469E-002
   2.5319999999969434        2.7376187626135032E-002
   2.5379999999969400        2.7009799380987951E-002
   2.5439999999969367        2.6646311950629525E-002
   2.5499999999969334        2.6285744796983368E-002
   2.5559999999969301        2.5928116248697803E-002
   2.5619999999969267        2.5573443516906325E-002
   2.5679999999969234        2.5221742711110939E-002
   2.5739999999969201        2.4873028855179238E-002
   2.5799999999969168        2.4527315903445195E-002
   2.5859999999969134        2.4184616756905263E-002
   2.5919999999969101        2.3844943279499809E-002
   2.5979999999969068        2.3508306314471424E-002
   2.6039999999969035        2.3174715700791090E-002
   2.6099999999969001        2.2844180289643589E-002
   2.6159999999968968        2.2516707960963472E-002
   2.6219999999968935        2.2192305640013340E-002
   2.6279999999968902        2.1870979313996182E-002
   2.6339999999968868        2.1552734048693713E-002
   2.6399999999968835        2.1237574005122602E-002
   2.6459999999968802        2.0925502456201134E-002
   2.6519999999968769        2.0616521803418542E-002
   2.6579999999968735        2.0310633593499366E-002
   2.6639999999968702        2.0007838535055993E-002
   2.6699999999968669        1.9708136515221887E-002
   2.6759999999968636        1.9411526616258619E-002
   2.6819999999968602        1.9118007132130067E-002
   2.6879999999968569        1.8827575585036890E-002
   2.6939999999968536        1.8540228741904929E-002
   2.6999999999968503        1.8255962630821323E-002
   2.7059999999968469        1.7974772557411887E-002
   2.7119999999968436        1.7696653121153993E-002
   2.7179999999968403        1.7421598231619123E-002
   2.7239999999968370        1.7149601124639199E-002
   2.7299999999968336        1.6880654378391511E-002
   2.7359999999968303        1.6614749929396527E-002
   2.7419999999968270        1.6351879088423643E-002
   2.7479999999968237        1.6092032556299766E-002
   2.7539999999968203        1.5835200439615858E-002
   2.7599999999968170        1.5581372266326656E-002
   2.7659999999968137        1.5330537001239087E-002
   2.7719999999968103        1.5082683061384978E-002
   2.7779999999968070        1.4837798331273733E-002
   2.7839999999968037        1.4595870178020913E-002
   2.7899999999968004        1.4356885466348777E-002
   2.7959999999967970        1.4120830573455046E-002
   2.8019999999967937        1.3887691403746072E-002
   2.8079999999967904        1.3657453403431146E-002
   2.8139999999967871        1.3430101574974396E-002
   2.8199999999967837        1.3205620491401129E-002
   2.8259999999967804        1.2983994310455670E-002
   2.8319999999967771        1.2765206788607601E-002
   2.8379999999967738        1.2549241294903700E-002
   2.8439999999967704        1.2336080824662988E-002
   2.8499999999967671        1.2125708013012319E-002
   2.8559999999967638        1.1918105148260116E-002
   2.8619999999967605        1.1713254185106181E-002
   2.8679999999967571        1.1511136757685201E-002
   2.8739999999967538        1.1311734192442274E-002
   2.8799999999967505        1.1115027520838481E-002
   2.8859999999967472        1.0920997491884616E-002
   2.8919999999967438        1.0729624584501917E-002
   2.8979999999967405        1.0540889019707874E-002
   2.9039999999967372        1.0354770772625928E-002
   2.9099999999967339        1.0171249584318035E-002
   2.9159999999967305        9.9903049734386268E-003
   2.9219999999967272        9.8119162477091904E-003
   2.9279999999967239        9.6360625152125626E-003
   2.9339999999967206        9.4627226955060744E-003
   2.9399999999967172        9.2918755305528809E-003
   2.9459999999967139        9.1234995954710667E-003
   2.9519999999967106        8.9575733090997908E-003
   2.9579999999967073        8.7940749443823595E-003
   2.9639999999967039        8.6329826385658122E-003
   2.9699999999967006        8.4742744032168995E-003
   2.9759999999966973        8.3179281340544139E-003
   2.9819999999966940        8.1639216205977860E-003
   2.9879999999966906        8.0122325556322010E-003
   2.9939999999966873        7.8628385444902936E-003
