  -3.0000000000000000        1.1557114178172710E-003
  -2.9940000000000033        1.1854784979210328E-003
  -2.9880000000000067        1.2159503661351156E-003
  -2.9820000000000100        1.2471419959831811E-003
  -2.9760000000000133        1.2790686341415934E-003
  -2.9700000000000166        1.3117458043017613E-003
  -2.9640000000000200        1.3451893110600402E-003
  -2.9580000000000233        1.3794152438346835E-003
  -2.9520000000000266        1.4144399808093558E-003
  -2.9460000000000299        1.4502801929026355E-003
  -2.9400000000000333        1.4869528477629546E-003
  -2.9340000000000366        1.5244752137883709E-003
  -2.9280000000000399        1.5628648641705990E-003
  -2.9220000000000432        1.6021396809625930E-003
  -2.9160000000000466        1.6423178591690852E-003
  -2.9100000000000499        1.6834179108593632E-003
  -2.9040000000000532        1.7254586693015723E-003
  -2.8980000000000565        1.7684592931177944E-003
  -2.8920000000000599        1.8124392704591730E-003
  -2.8860000000000632        1.8574184232002550E-003
  -2.8800000000000665        1.9034169111517554E-003
  -2.8740000000000698        1.9504552362909005E-003
  -2.8680000000000732        1.9985542470084459E-003
  -2.8620000000000765        2.0477351423715158E-003
  -2.8560000000000798        2.0980194764013181E-003
  -2.8500000000000831        2.1494291623647362E-003
  -2.8440000000000865        2.2019864770789033E-003
  -2.8380000000000898        2.2557140652276638E-003
  -2.8320000000000931        2.3106349436889106E-003
  -2.8260000000000964        2.3667725058717230E-003
  -2.8200000000000998        2.4241505260622349E-003
  -2.8140000000001031        2.4827931637770315E-003
  -2.8080000000001064        2.5427249681229764E-003
  -2.8020000000001097        2.6039708821622557E-003
  -2.7960000000001131        2.6665562472813968E-003
  -2.7900000000001164        2.7305068075630539E-003
  -2.7840000000001197        2.7958487141592102E-003
  -2.7780000000001230        2.8626085296645405E-003
  -2.7720000000001264        2.9308132324885497E-003
  -2.7660000000001297        3.0004902212251352E-003
  -2.7600000000001330        3.0716673190181046E-003
  -2.7540000000001363        3.1443727779212815E-003
  -2.7480000000001397        3.2186352832516761E-003
  -2.7420000000001430        3.2944839579341864E-003
  -2.7360000000001463        3.3719483668363599E-003
  -2.7300000000001496        3.4510585210915895E-003
  -2.7240000000001530        3.5318448824091095E-003
  -2.7180000000001563        3.6143383673692491E-003
  -2.7120000000001596        3.6985703517021483E-003
  -2.7060000000001629        3.7845726745483147E-003
  -2.7000000000001663        3.8723776426992434E-003
  -2.6940000000001696        3.9620180348163532E-003
  -2.6880000000001729        4.0535271056263552E-003
  -2.6820000000001762        4.1469385900913440E-003
  -2.6760000000001796        4.2422867075515769E-003
  -2.6700000000001829        4.3396061658391915E-003
  -2.6640000000001862        4.4389321653607941E-003
  -2.6580000000001895        4.5403004031469999E-003
  -2.6520000000001929        4.6437470768669036E-003
  -2.6460000000001962        4.7493088888054752E-003
  -2.6400000000001995        4.8570230498017211E-003
  -2.6340000000002028        4.9669272831455715E-003
  -2.6280000000002062        5.0790598284313412E-003
  -2.6220000000002095        5.1934594453655839E-003
  -2.6160000000002128        5.3101654175270671E-003
  -2.6100000000002161        5.4292175560767845E-003
  -2.6040000000002195        5.5506562034155190E-003
  -2.5980000000002228        5.6745222367868683E-003
  -2.5920000000002261        5.8008570718232301E-003
  -2.5860000000002294        5.9297026660324534E-003
  -2.5800000000002328        6.0611015222227227E-003
  -2.5740000000002361        6.1950966918633225E-003
  -2.5680000000002394        6.3317317783786672E-003
  -2.5620000000002427        6.4710509403732644E-003
  -2.5560000000002461        6.6130988947849653E-003
  -2.5500000000002494        6.7579209199640300E-003
  -2.5440000000002527        6.9055628586753744E-003
  -2.5380000000002561        7.0560711210213949E-003
  -2.5320000000002594        7.2094926872827546E-003
  -2.5260000000002627        7.3658751106744384E-003
  -2.5200000000002660        7.5252665200143572E-003
  -2.5140000000002694        7.6877156223018467E-003
  -2.5080000000002727        7.8532717052032380E-003
  -2.5020000000002760        8.0219846394417368E-003
  -2.4960000000002793        8.1939048810888825E-003
  -2.4900000000002827        8.3690834737545888E-003
  -2.4840000000002860        8.5475720506731686E-003
  -2.4780000000002893        8.7294228366821460E-003
  -2.4720000000002926        8.9146886500913129E-003
  -2.4660000000002960        9.1034229044387963E-003
  -2.4600000000002993        9.2956796101313320E-003
  -2.4540000000003026        9.4915133759658713E-003
  -2.4480000000003059        9.6909794105293316E-003
  -2.4420000000003093        9.8941335234736267E-003
  -2.4360000000003126        1.0101032126662950E-002
  -2.4300000000003159        1.0311732235190194E-002
  -2.4240000000003192        1.0526291468259544E-002
  -2.4180000000003226        1.0744768049932116E-002
  -2.4120000000003259        1.0967220809731519E-002
  -2.4060000000003292        1.1193709183106413E-002
  -2.4000000000003325        1.1424293211746641E-002
  -2.3940000000003359        1.1659033543750136E-002
  -2.3880000000003392        1.1897991433637341E-002
  -2.3820000000003425        1.2141228742209798E-002
  -2.3760000000003458        1.2388807936250161E-002
  -2.3700000000003492        1.2640792088060078E-002
  -2.3640000000003525        1.2897244874833010E-002
  -2.3580000000003558        1.3158230577858730E-002
  -2.3520000000003591        1.3423814081556342E-002
  -2.3460000000003625        1.3694060872332589E-002
  -2.3400000000003658        1.3969037037262391E-002
  -2.3340000000003691        1.4248809262588268E-002
  -2.3280000000003724        1.4533444832035603E-002
  -2.3220000000003758        1.4823011624940522E-002
  -2.3160000000003791        1.5117578114187128E-002
  -2.3100000000003824        1.5417213363951113E-002
  -2.3040000000003857        1.5721987027246340E-002
  -2.2980000000003891        1.6031969343271491E-002
  -2.2920000000003924        1.6347231134553414E-002
  -2.2860000000003957        1.6667843803884176E-002
  -2.2800000000003990        1.6993879331048678E-002
  -2.2740000000004024        1.7325410269339599E-002
  -2.2680000000004057        1.7662509741856777E-002
  -2.2620000000004090        1.8005251437587792E-002
  -2.2560000000004123        1.8353709607266781E-002
  -2.2500000000004157        1.8707959059008343E-002
  -2.2440000000004190        1.9068075153713674E-002
  -2.2380000000004223        1.9434133800245793E-002
  -2.2320000000004256        1.9806211450370932E-002
  -2.2260000000004290        2.0184385093463281E-002
  -2.2200000000004323        2.0568732250969887E-002
  -2.2140000000004356        2.0959330970633155E-002
  -2.2080000000004389        2.1356259820467891E-002
  -2.2020000000004423        2.1759597882490055E-002
  -2.1960000000004456        2.2169424746194662E-002
  -2.1900000000004489        2.2585820501779794E-002
  -2.1840000000004522        2.3008865733114316E-002
  -2.1780000000004556        2.3438641510446313E-002
  -2.1720000000004589        2.3875229382849965E-002
  -2.1660000000004622        2.4318711370408089E-002
  -2.1600000000004655        2.4769169956127712E-002
  -2.1540000000004689        2.5226688077586601E-002
  -2.1480000000004722        2.5691349118307817E-002
  -2.1420000000004755        2.6163236898860326E-002
  -2.1360000000004788        2.6642435667683147E-002
  -2.1300000000004822        2.7129030091630802E-002
  -2.1240000000004855        2.7623105246237806E-002
  -2.1180000000004888        2.8124746605700343E-002
  -2.1120000000004922        2.8634040032572600E-002
  -2.1060000000004955        2.9151071767176014E-002
  -2.1000000000004988        2.9675928416719632E-002
  -2.0940000000005021        3.0208696944129216E-002
  -2.0880000000005055        3.0749464656583826E-002
  -2.0820000000005088        3.1298319193757682E-002
  -2.0760000000005121        3.1855348515766123E-002
  -2.0700000000005154        3.2420640890813486E-002
  -2.0640000000005188        3.2994284882541969E-002
  -2.0580000000005221        3.3576369337079644E-002
  -2.0520000000005254        3.4166983369786581E-002
  -2.0460000000005287        3.4766216351697472E-002
  -2.0400000000005321        3.5374157895660001E-002
  -2.0340000000005354        3.5990897842167392E-002
  -2.0280000000005387        3.6616526244884769E-002
  -2.0220000000005420        3.7251133355867674E-002
  -2.0160000000005454        3.7894809610472625E-002
  -2.0100000000005487        3.8547645611958482E-002
  -2.0040000000005520        3.9209732115778481E-002
  -1.9980000000005553        3.9881160013561852E-002
  -1.9920000000005587        4.0562020316785422E-002
  -1.9860000000005620        4.1252404140133793E-002
  -1.9800000000005653        4.1952402684549112E-002
  -1.9740000000005686        4.2662107219969388E-002
  -1.9680000000005720        4.3381609067756038E-002
  -1.9620000000005753        4.4110999582810062E-002
  -1.9560000000005786        4.4850370135378161E-002
  -1.9500000000005819        4.5599812092547980E-002
  -1.9440000000005853        4.6359416799433888E-002
  -1.9380000000005886        4.7129275560053314E-002
  -1.9320000000005919        4.7909479617894782E-002
  -1.9260000000005952        4.8700120136178103E-002
  -1.9200000000005986        4.9501288177807946E-002
  -1.9140000000006019        5.0313074685021927E-002
  -1.9080000000006052        5.1135570458734160E-002
  -1.9020000000006085        5.1968866137575925E-002
  -1.8960000000006119        5.2813052176634755E-002
  -1.8900000000006152        5.3668218825893649E-002
  -1.8840000000006185        5.4534456108372036E-002
  -1.8780000000006218        5.5411853797970687E-002
  -1.8720000000006252        5.6300501397022133E-002
  -1.8660000000006285        5.7200488113549247E-002
  -1.8600000000006318        5.8111902838233746E-002
  -1.8540000000006351        5.9034834121097716E-002
  -1.8480000000006385        5.9969370147900172E-002
  -1.8420000000006418        6.0915598716251657E-002
  -1.8360000000006451        6.1873607211449640E-002
  -1.8300000000006484        6.2843482582038007E-002
  -1.8240000000006518        6.3825311315093239E-002
  -1.8180000000006551        6.4819179411241448E-002
  -1.8120000000006584        6.5825172359408671E-002
  -1.8060000000006617        6.6843375111309153E-002
  -1.8000000000006651        6.7873872055674397E-002
  -1.7940000000006684        6.8916746992227731E-002
  -1.7880000000006717        6.9972083105407631E-002
  -1.7820000000006750        7.1039962937844883E-002
  -1.7760000000006784        7.2120468363597340E-002
  -1.7700000000006817        7.3213680561146868E-002
  -1.7640000000006850        7.4319679986163706E-002
  -1.7580000000006883        7.5438546344041915E-002
  -1.7520000000006917        7.6570358562212795E-002
  -1.7460000000006950        7.7715194762239106E-002
  -1.7400000000006983        7.8873132231697354E-002
  -1.7340000000007016        8.0044247395852502E-002
  -1.7280000000007050        8.1228615789131334E-002
  -1.7220000000007083        8.2426312026399412E-002
  -1.7160000000007116        8.3637409774048835E-002
  -1.7100000000007149        8.4861981720901494E-002
  -1.7040000000007183        8.6100099548935285E-002
  -1.6980000000007216        8.7351833903838744E-002
  -1.6920000000007249        8.8617254365401008E-002
  -1.6860000000007282        8.9896429417744408E-002
  -1.6800000000007316        9.1189426419405084E-002
  -1.6740000000007349        9.2496311573270387E-002
  -1.6680000000007382        9.3817149896378974E-002
  -1.6620000000007416        9.5152005189591243E-002
  -1.6560000000007449        9.6500940007138020E-002
  -1.6500000000007482        9.7864015626054582E-002
  -1.6440000000007515        9.9241292015507881E-002
  -1.6380000000007549       0.10063282780602519     
  -1.6320000000007582       0.10203868025863200     
  -1.6260000000007615       0.10345890523390734     
  -1.6200000000007648       0.10489355716096518     
  -1.6140000000007682       0.10634268900636995     
  -1.6080000000007715       0.10780635224299530     
  -1.6020000000007748       0.10928459681883448     
  -1.5960000000007781       0.11077747112577178     
  -1.5900000000007815       0.11228502196832353     
  -1.5840000000007848       0.11380729453235797     
  -1.5780000000007881       0.11534433235380395     
  -1.5720000000007914       0.11689617728735702     
  -1.5660000000007948       0.11846286947519304     
  -1.5600000000007981       0.12004444731569884     
  -1.5540000000008014       0.12164094743223026     
  -1.5480000000008047       0.12325240464190627     
  -1.5420000000008081       0.12487885192445115     
  -1.5360000000008114       0.12652032039109304     
  -1.5300000000008147       0.12817683925353060     
  -1.5240000000008180       0.12984843579297731     
  -1.5180000000008214       0.13153513532929448     
  -1.5120000000008247       0.13323696119022344     
  -1.5060000000008280       0.13495393468072747     
  -1.5000000000008313       0.13668607505245481     
  -1.4940000000008347       0.13843339947333314     
  -1.4880000000008380       0.14019592299730690     
  -1.4820000000008413       0.14197365853422864     
  -1.4760000000008446       0.14376661681991540     
  -1.4700000000008480       0.14557480638638151     
  -1.4640000000008513       0.14739823353225931     
  -1.4580000000008546       0.14923690229341913     
  -1.4520000000008579       0.15109081441379998     
  -1.4460000000008613       0.15295996931646288     
  -1.4400000000008646       0.15484436407487828     
  -1.4340000000008679       0.15674399338445902     
  -1.4280000000008712       0.15865884953435128     
  -1.4220000000008746       0.16058892237949490     
  -1.4160000000008779       0.16253419931296501     
  -1.4100000000008812       0.16449466523860684     
  -1.4040000000008845       0.16647030254397624     
  -1.3980000000008879       0.16846109107359697     
  -1.3920000000008912       0.17046700810254764     
  -1.3860000000008945       0.17248802831039009     
  -1.3800000000008978       0.17452412375545107     
  -1.3740000000009012       0.17657526384946981     
  -1.3680000000009045       0.17864141533262279     
  -1.3620000000009078       0.18072254224893936     
  -1.3560000000009111       0.18281860592211807     
  -1.3500000000009145       0.18492956493175844     
  -1.3440000000009178       0.18705537509001827     
  -1.3380000000009211       0.18919598941870905     
  -1.3320000000009244       0.19135135812684292     
  -1.3260000000009278       0.19352142858864102     
  -1.3200000000009311       0.19570614532201722     
  -1.3140000000009344       0.19790544996754819     
  -1.3080000000009377       0.20011928126794223     
  -1.3020000000009411       0.20234757504801809     
  -1.2960000000009444       0.20459026419520737     
  -1.2900000000009477       0.20684727864058963     
  -1.2840000000009510       0.20911854534047494     
  -1.2780000000009544       0.21140398825854342     
  -1.2720000000009577       0.21370352834855433     
  -1.2660000000009610       0.21601708353763593     
  -1.2600000000009643       0.21834456871016825     
  -1.2540000000009677       0.22068589569226915     
  -1.2480000000009710       0.22304097323689570     
  -1.2420000000009743       0.22540970700957186     
  -1.2360000000009776       0.22779199957475388     
  -1.2300000000009810       0.23018775038284345     
  -1.2240000000009843       0.23259685575786074     
  -1.2180000000009876       0.23501920888578723     
  -1.2120000000009910       0.23745469980358910     
  -1.2060000000009943       0.23990321538893208     
  -1.2000000000009976       0.24236463935059746     
  -1.1940000000010009       0.24483885221960999     
  -1.1880000000010043       0.24732573134108773     
  -1.1820000000010076       0.24982515086682330     
  -1.1760000000010109       0.25233698174860664     
  -1.1700000000010142       0.25486109173229898     
  -1.1640000000010176       0.25739734535266701     
  -1.1580000000010209       0.25994560392898680     
  -1.1520000000010242       0.26250572556142648     
  -1.1460000000010275       0.26507756512821645     
  -1.1400000000010309       0.26766097428361585     
  -1.1340000000010342       0.27025580145668343     
  -1.1280000000010375       0.27286189185086218     
  -1.1220000000010408       0.27547908744438376     
  -1.1160000000010442       0.27810722699150292     
  -1.1100000000010475       0.28074614602456793     
  -1.1040000000010508       0.28339567685693462     
  -1.0980000000010541       0.28605564858673155     
  -1.0920000000010575       0.28872588710148361     
  -1.0860000000010608       0.29140621508359937     
  -1.0800000000010641       0.29409645201673013     
  -1.0740000000010674       0.29679641419300601     
  -1.0680000000010708       0.29950591472115462     
  -1.0620000000010741       0.30222476353550970     
  -1.0560000000010774       0.30495276740591287     
  -1.0500000000010807       0.30768972994851496     
  -1.0440000000010841       0.31043545163748193     
  -1.0380000000010874       0.31318972981760895     
  -1.0320000000010907       0.31595235871784805     
  -1.0260000000010940       0.31872312946575210     
  -1.0200000000010974       0.32150183010284028     
  -1.0140000000011007       0.32428824560088715     
  -1.0080000000011040       0.32708215787913891     
  -1.0020000000011073       0.32988334582246032     
 -0.99600000000111066       0.33269158530041326     
 -0.99000000000111399       0.33550664918727080     
 -0.98400000000111731       0.33832830738296726     
 -0.97800000000112064       0.34115632683498676     
 -0.97200000000112396       0.34399047156119095     
 -0.96600000000112729       0.34683050267358689     
 -0.96000000000113062       0.34967617840303616     
 -0.95400000000113394       0.35252725412490443     
 -0.94800000000113727       0.35538348238565232     
 -0.94200000000114059       0.35824461293036691     
 -0.93600000000114392       0.36111039273123258     
 -0.93000000000114724       0.36398056601694090     
 -0.92400000000115057       0.36685487430303720     
 -0.91800000000115389       0.36973305642320314     
 -0.91200000000115722       0.37261484856147170     
 -0.90600000000116054       0.37549998428537329     
 -0.90000000000116387       0.37838819458001011     
 -0.89400000000116719       0.38127920788305392     
 -0.88800000000117052       0.38417275012066604     
 -0.88200000000117385       0.38706854474433355     
 -0.87600000000117717       0.38996631276861926     
 -0.87000000000118050       0.39286577280981866     
 -0.86400000000118382       0.39576664112552090     
 -0.85800000000118715       0.39866863165506738     
 -0.85200000000119047       0.40157145606090233     
 -0.84600000000119380       0.40447482377080884     
 -0.84000000000119712       0.40737844202102580     
 -0.83400000000120045       0.41028201590023577     
 -0.82800000000120377       0.41318524839441956     
 -0.82200000000120710       0.41608784043256875     
 -0.81600000000121042       0.41898949093324772     
 -0.81000000000121375       0.42188989685199779     
 -0.80400000000121707       0.42478875322957477     
 -0.79800000000122040       0.42768575324101066     
 -0.79200000000122373       0.43058058824548995     
 -0.78600000000122705       0.43347294783703144     
 -0.78000000000123038       0.43636251989596531     
 -0.77400000000123370       0.43924899064119477     
 -0.76800000000123703       0.44213204468323181     
 -0.76200000000124035       0.44501136507799571     
 -0.75600000000124368       0.44788663338136381     
 -0.75000000000124700       0.45075752970446059     
 -0.74400000000125033       0.45362373276967577     
 -0.73800000000125365       0.45648491996739710     
 -0.73200000000125698       0.45934076741344471     
 -0.72600000000126030       0.46219095000719546     
 -0.72000000000126363       0.46503514149038333     
 -0.71400000000126695       0.46787301450656060     
 -0.70800000000127028       0.47070424066120792     
 -0.70200000000127361       0.47352849058247687     
 -0.69600000000127693       0.47634543398255252     
 -0.69000000000128026       0.47915473971961753     
 -0.68400000000128358       0.48195607586040684     
 -0.67800000000128691       0.48474910974333291     
 -0.67200000000129023       0.48753350804216899     
 -0.66600000000129356       0.49030893683027194     
 -0.66000000000129688       0.49307506164532877     
 -0.65400000000130021       0.49583154755461112     
 -0.64800000000130353       0.49857805922071841     
 -0.64200000000130686       0.50131426096779441     
 -0.63600000000131018       0.50403981684819821     
 -0.63000000000131351       0.50675439070961226     
 -0.62400000000131683       0.50945764626256917     
 -0.61800000000132016       0.51214924714837917     
 -0.61200000000132349       0.51482885700743897     
 -0.60600000000132681       0.51749613954790341     
 -0.60000000000133014       0.52015075861470172     
 -0.59400000000133346       0.52279237825887692     
 -0.58800000000133679       0.52542066280723110     
 -0.58200000000134011       0.52803527693225527     
 -0.57600000000134344       0.53063588572232456     
 -0.57000000000134676       0.53322215475213852     
 -0.56400000000135009       0.53579375015338526     
 -0.55800000000135341       0.53835033868561111     
 -0.55200000000135674       0.54089158780727209     
 -0.54600000000136006       0.54341716574694887     
 -0.54000000000136339       0.54592674157470311     
 -0.53400000000136671       0.54841998527355373     
 -0.52800000000137004       0.55089656781105267     
 -0.52200000000137337       0.55335616121093734     
 -0.51600000000137669       0.55579843862484024     
 -0.51000000000138002       0.55822307440403152     
 -0.50400000000138334       0.56062974417117506     
 -0.49800000000138661       0.56301812489207437     
 -0.49200000000138988       0.56538789494738717     
 -0.48600000000139315       0.56773873420428644     
 -0.48000000000139642       0.57007032408804603     
 -0.47400000000139969       0.57238234765352802     
 -0.46800000000140296       0.57467448965654910     
 -0.46200000000140623       0.57694643662510603     
 -0.45600000000140950       0.57919787693043467     
 -0.45000000000141277       0.58142850085788222     
 -0.44400000000141604       0.58363800067756932     
 -0.43800000000141931       0.58582607071482085     
 -0.43200000000142258       0.58799240742034042     
 -0.42600000000142585       0.59013670944010910     
 -0.42000000000142912       0.59225867768498386     
 -0.41400000000143239       0.59435801539997446     
 -0.40800000000143566       0.59643442823317550     
 -0.40200000000143893       0.59848762430433200     
 -0.39600000000144220       0.60051731427301613     
 -0.39000000000144547       0.60252321140639276     
 -0.38400000000144874       0.60450503164655123     
 -0.37800000000145201       0.60646249367738214     
 -0.37200000000145528       0.60839531899097687     
 -0.36600000000145855       0.61030323195352709     
 -0.36000000000146182       0.61218595987070412     
 -0.35400000000146509       0.61404323305249497     
 -0.34800000000146836       0.61587478487747416     
 -0.34200000000147163       0.61768035185649028     
 -0.33600000000147490       0.61945967369574484     
 -0.33000000000147817       0.62121249335924411     
 -0.32400000000148144       0.62293855713060142     
 -0.31800000000148471       0.62463761467416912     
 -0.31200000000148798       0.62630941909548166     
 -0.30600000000149125       0.62795372700098662     
 -0.30000000000149452       0.62957029855704516     
 -0.29400000000149779       0.63115889754818211     
 -0.28800000000150106       0.63271929143456407     
 -0.28200000000150433       0.63425125140868854     
 -0.27600000000150759       0.63575455245126233     
 -0.27000000000151086       0.63722897338625195     
 -0.26400000000151413       0.63867429693508626     
 -0.25800000000151740       0.64009030976999248     
 -0.25200000000152067       0.64147680256644835     
 -0.24600000000152394       0.64283357005473152     
 -0.24000000000152721       0.64416041107054844     
 -0.23400000000153048       0.64545712860472604     
 -0.22800000000153375       0.64672352985194748     
 -0.22200000000153702       0.64795942625851743     
 -0.21600000000154029       0.64916463356913767     
 -0.21000000000154356       0.65033897187267897     
 -0.20400000000154683       0.65148226564693179     
 -0.19800000000155010       0.65259434380232173     
 -0.19200000000155337       0.65367503972457242     
 -0.18600000000155664       0.65472419131630322     
 -0.18000000000155991       0.65574164103754573     
 -0.17400000000156318       0.65672723594516502     
 -0.16800000000156645       0.65768082773117309     
 -0.16200000000156972       0.65860227275991867     
 -0.15600000000157299       0.65949143210414296     
 -0.15000000000157626       0.66034817157988723     
 -0.14400000000157953       0.66117236178023953     
 -0.13800000000158280       0.66196387810791035     
 -0.13200000000158607       0.66272260080662360     
 -0.12600000000158934       0.66344841499131424     
 -0.12000000000159261       0.66414121067711884     
 -0.11400000000159588       0.66480088280715310     
 -0.10800000000159915       0.66542733127906117     
 -0.10200000000160242       0.66602046097033252     
  -9.6000000001605690E-002  0.66658018176237366     
  -9.0000000001608960E-002  0.66710640856332870     
  -8.4000000001612229E-002  0.66759906132963853     
  -7.8000000001615499E-002  0.66805806508633270     
  -7.2000000001618769E-002  0.66848334994604608     
  -6.6000000001622039E-002  0.66887485112675293     
  -6.0000000001625316E-002  0.66923250896821407     
  -5.4000000001628592E-002  0.66955626894712839     
  -4.8000000001631869E-002  0.66984608169098592     
  -4.2000000001635146E-002  0.67010190299061634     
  -3.6000000001638423E-002  0.67032369381142842     
  -3.0000000001641696E-002  0.67051142030333644     
  -2.4000000001644969E-002  0.67066505380937103     
  -1.8000000001648243E-002  0.67078457087296950     
  -1.2000000001651516E-002  0.67086995324394472     
  -6.0000000016547901E-003  0.67092118788312982     
  -1.6580643108499160E-012  0.67093826696569692     
   5.9999999983386615E-003  0.67092118788314870     
   1.1999999998335387E-002  0.67086995324398246     
   1.7999999998332114E-002  0.67078457087302601     
   2.3999999998328841E-002  0.67066505380944652     
   2.9999999998325567E-002  0.67051142030343081     
   3.5999999998322291E-002  0.67032369381154155     
   4.1999999998319014E-002  0.67010190299074834     
   4.7999999998315737E-002  0.66984608169113669     
   5.3999999998312460E-002  0.66955626894729792     
   5.9999999998309184E-002  0.66923250896840247     
   6.5999999998305914E-002  0.66887485112695999     
   7.1999999998302644E-002  0.66848334994627179     
   7.7999999998299374E-002  0.66805806508657717     
   8.3999999998296104E-002  0.66759906132990154     
   8.9999999998292834E-002  0.66710640856361036     
   9.5999999998289565E-002  0.66658018176267375     
  0.10199999999828629       0.66602046097065104     
  0.10799999999828302       0.66542733127939824     
  0.11399999999827976       0.66480088280750860     
  0.11999999999827649       0.66414121067749265     
  0.12599999999827322       0.66344841499170626     
  0.13199999999826995       0.66272260080703393     
  0.13799999999826668       0.66196387810833868     
  0.14399999999826341       0.66117236178068606     
  0.14999999999826014       0.66034817158035175     
  0.15599999999825687       0.65949143210462546     
  0.16199999999825360       0.65860227276041905     
  0.16799999999825033       0.65768082773169123     
  0.17399999999824706       0.65672723594570104     
  0.17999999999824379       0.65574164103809918     
  0.18599999999824052       0.65472419131687432     
  0.19199999999823725       0.65367503972516094     
  0.19799999999823398       0.65259434380292769     
  0.20399999999823071       0.65148226564755507     
  0.20999999999822744       0.65033897187331935     
  0.21599999999822417       0.64916463356979526     
  0.22199999999822090       0.64795942625919201     
  0.22799999999821763       0.64672352985263903     
  0.23399999999821436       0.64545712860543436     
  0.23999999999821109       0.64416041107127342     
  0.24599999999820782       0.64283357005547304     
  0.25199999999820455       0.64147680256720641     
  0.25799999999820128       0.64009030977076686     
  0.26399999999819801       0.63867429693587696     
  0.26999999999819474       0.63722897338705875     
  0.27599999999819147       0.63575455245208512     
  0.28199999999818820       0.63425125140952732     
  0.28799999999818493       0.63271929143541872     
  0.29399999999818166       0.63115889754905241     
  0.29999999999817839       0.62957029855793101     
  0.30599999999817512       0.62795372700188778     
  0.31199999999817185       0.62630941909639803     
  0.31799999999816858       0.62463761467510059     
  0.32399999999816531       0.62293855713154800     
  0.32999999999816204       0.62121249336020556     
  0.33599999999815877       0.61945967369672095     
  0.34199999999815550       0.61768035185748094     
  0.34799999999815223       0.61587478487847935     
  0.35399999999814896       0.61404323305351438     
  0.35999999999814569       0.61218595987173763     
  0.36599999999814242       0.61030323195457459     
  0.37199999999813915       0.60839531899203825     
  0.37799999999813588       0.60646249367845728     
  0.38399999999813261       0.60450503164763980     
  0.38999999999812934       0.60252321140749487     
  0.39599999999812607       0.60051731427413146     
  0.40199999999812280       0.59848762430546032     
  0.40799999999811953       0.59643442823431669     
  0.41399999999811626       0.59435801540112843     
  0.41999999999811299       0.59225867768615048     
  0.42599999999810972       0.59013670944128804     
  0.43199999999810645       0.58799240742153169     
  0.43799999999810318       0.58582607071602422     
  0.44399999999809991       0.58363800067878469     
  0.44999999999809664       0.58142850085910913     
  0.45599999999809337       0.57919787693167324     
  0.46199999999809011       0.57694643662635603     
  0.46799999999808684       0.57467448965781043     
  0.47399999999808357       0.57238234765480034     
  0.47999999999808030       0.57007032408932934     
  0.48599999999807703       0.56773873420558041     
  0.49199999999807376       0.56538789494869168     
  0.49799999999807049       0.56301812489338932     
  0.50399999999806722       0.56062974417250022     
  0.50999999999806389       0.55822307440536667     
  0.51599999999806057       0.55579843862618528     
  0.52199999999805724       0.55335616121229203     
  0.52799999999805391       0.55089656781241680     
  0.53399999999805059       0.54841998527492719     
  0.53999999999804726       0.54592674157608567     
  0.54599999999804394       0.54341716574834031     
  0.55199999999804061       0.54089158780867230     
  0.55799999999803729       0.53835033868701998     
  0.56399999999803396       0.53579375015480246     
  0.56999999999803064       0.53322215475356394     
  0.57599999999802731       0.53063588572375797     
  0.58199999999802399       0.52803527693369656     
  0.58799999999802066       0.52542066280868005     
  0.59399999999801734       0.52279237826033331     
  0.59999999999801401       0.52015075861616544     
  0.60599999999801069       0.51749613954937412     
  0.61199999999800736       0.51482885700891656     
  0.61799999999800403       0.51214924714986354     
  0.62399999999800071       0.50945764626406009     
  0.62999999999799738       0.50675439071110950     
  0.63599999999799406       0.50403981684970167     
  0.64199999999799073       0.50131426096930376     
  0.64799999999798741       0.49857805922223347     
  0.65399999999798408       0.49583154755613185     
  0.65999999999798076       0.49307506164685494     
  0.66599999999797743       0.49030893683180332     
  0.67199999999797411       0.48753350804370549     
  0.67799999999797078       0.48474910974487423     
  0.68399999999796746       0.48195607586195277     
  0.68999999999796413       0.47915473972116801     
  0.69599999999796081       0.47634543398410722     
  0.70199999999795748       0.47352849058403590     
  0.70799999999795415       0.47070424066277078     
  0.71399999999795083       0.46787301450812729     
  0.71999999999794750       0.46503514149195357     
  0.72599999999794418       0.46219095000876914     
  0.73199999999794085       0.45934076741502156     
  0.73799999999793753       0.45648491996897705     
  0.74399999999793420       0.45362373277125861     
  0.74999999999793088       0.45075752970604599     
  0.75599999999792755       0.44788663338295170     
  0.76199999999792423       0.44501136507958605     
  0.76799999999792090       0.44213204468482425     
  0.77399999999791758       0.43924899064278916     
  0.77999999999791425       0.43636251989756153     
  0.78599999999791093       0.43347294783862922     
  0.79199999999790760       0.43058058824708922     
  0.79799999999790427       0.42768575324261127     
  0.80399999999790095       0.42478875323117649     
  0.80999999999789762       0.42188989685360040     
  0.81599999999789430       0.41898949093485111     
  0.82199999999789097       0.41608784043417280     
  0.82799999999788765       0.41318524839602394     
  0.83399999999788432       0.41028201590184049     
  0.83999999999788100       0.40737844202263063     
  0.84599999999787767       0.40447482377241367     
  0.85199999999787435       0.40157145606250683     
  0.85799999999787102       0.39866863165667160     
  0.86399999999786770       0.39576664112712451     
  0.86999999999786437       0.39286577281142160     
  0.87599999999786105       0.38996631277022131     
  0.88199999999785772       0.38706854474593455     
  0.88799999999785439       0.38417275012226593     
  0.89399999999785107       0.38127920788465247     
  0.89999999999784774       0.37838819458160722     
  0.90599999999784442       0.37549998428696879     
  0.91199999999784109       0.37261484856306532     
  0.91799999999783777       0.36973305642479493     
  0.92399999999783444       0.36685487430462688     
  0.92999999999783112       0.36398056601852841     
  0.93599999999782779       0.36111039273281775     
  0.94199999999782447       0.35824461293194954     
  0.94799999999782114       0.35538348238723227     
  0.95399999999781782       0.35252725412648162     
  0.95999999999781449       0.34967617840461040     
  0.96599999999781117       0.34683050267515814     
  0.97199999999780784       0.34399047156275897     
  0.97799999999780451       0.34115632683655150     
  0.98399999999780119       0.33832830738452857     
  0.98999999999779786       0.33550664918882850     
  0.99599999999779454       0.33269158530196724     
   1.0019999999977913       0.32988334582401035     
   1.0079999999977880       0.32708215788068506     
   1.0139999999977847       0.32428824560242914     
   1.0199999999977813       0.32150183010437811     
   1.0259999999977780       0.31872312946728559     
   1.0319999999977747       0.31595235871937710     
   1.0379999999977714       0.31318972981913351     
   1.0439999999977680       0.31043545163900177     
   1.0499999999977647       0.30768972995003002     
   1.0559999999977614       0.30495276740742305     
   1.0619999999977581       0.30222476353701488     
   1.0679999999977547       0.29950591472265470     
   1.0739999999977514       0.29679641419450081     
   1.0799999999977481       0.29409645201821966     
   1.0859999999977448       0.29140621508508346     
   1.0919999999977414       0.28872588710296221     
   1.0979999999977381       0.28605564858820448     
   1.1039999999977348       0.28339567685840183     
   1.1099999999977315       0.28074614602602938     
   1.1159999999977281       0.27810722699295842     
   1.1219999999977248       0.27547908744583322     
   1.1279999999977215       0.27286189185230553     
   1.1339999999977182       0.27025580145812067     
   1.1399999999977148       0.26766097428504676     
   1.1459999999977115       0.26507756512964104     
   1.1519999999977082       0.26250572556284463     
   1.1579999999977049       0.25994560393039839     
   1.1639999999977015       0.25739734535407205     
   1.1699999999976982       0.25486109173369731     
   1.1759999999976949       0.25233698174999825     
   1.1819999999976916       0.24982515086820808     
   1.1879999999976882       0.24732573134246566     
   1.1939999999976849       0.24483885222098087     
   1.1999999999976816       0.24236463935196134     
   1.2059999999976783       0.23990321539028892     
   1.2119999999976749       0.23745469980493875     
   1.2179999999976716       0.23501920888712960     
   1.2239999999976683       0.23259685575919586     
   1.2299999999976650       0.23018775038417122     
   1.2359999999976616       0.22779199957607424     
   1.2419999999976583       0.22540970701088472     
   1.2479999999976550       0.22304097323820102     
   1.2539999999976517       0.22068589569356695     
   1.2599999999976483       0.21834456871145844     
   1.2659999999976450       0.21601708353891846     
   1.2719999999976417       0.21370352834982909     
   1.2779999999976384       0.21140398825981041     
   1.2839999999976350       0.20911854534173416     
   1.2899999999976317       0.20684727864184094     
   1.2959999999976284       0.20459026419645082     
   1.3019999999976251       0.20234757504925366     
   1.3079999999976217       0.20011928126916970     
   1.3139999999976184       0.19790544996876769     
   1.3199999999976151       0.19570614532322866     
   1.3259999999976118       0.19352142858984439     
   1.3319999999976084       0.19135135812803816     
   1.3379999999976051       0.18919598941989621     
   1.3439999999976018       0.18705537509119721     
   1.3499999999975985       0.18492956493292922     
   1.3559999999975951       0.18281860592328059     
   1.3619999999975918       0.18072254225009363     
   1.3679999999975885       0.17864141533376884     
   1.3739999999975852       0.17657526385060754     
   1.3799999999975818       0.17452412375658055     
   1.3859999999975785       0.17248802831151119     
   1.3919999999975752       0.17046700810366042     
   1.3979999999975719       0.16846109107470136     
   1.4039999999975685       0.16647030254507228     
   1.4099999999975652       0.16449466523969455     
   1.4159999999975619       0.16253419931404434     
   1.4219999999975586       0.16058892238056580     
   1.4279999999975552       0.15865884953541376     
   1.4339999999975519       0.15674399338551304     
   1.4399999999975486       0.15484436407592395     
   1.4459999999975452       0.15295996931750014     
   1.4519999999975419       0.15109081441482877     
   1.4579999999975386       0.14923690229443951     
   1.4639999999975353       0.14739823353327125     
   1.4699999999975319       0.14557480638738504     
   1.4759999999975286       0.14376661682091049     
   1.4819999999975253       0.14197365853521532     
   1.4879999999975220       0.14019592299828518     
   1.4939999999975186       0.13843339947430303     
   1.4999999999975153       0.13668607505341632     
   1.5059999999975120       0.13495393468168060     
   1.5119999999975087       0.13323696119116815     
   1.5179999999975053       0.13153513533023084     
   1.5239999999975020       0.12984843579390529     
   1.5299999999974987       0.12817683925445025     
   1.5359999999974954       0.12652032039200439     
   1.5419999999974920       0.12487885192535422     
   1.5479999999974887       0.12325240464280103     
   1.5539999999974854       0.12164094743311671     
   1.5599999999974821       0.12004444731657705     
   1.5659999999974787       0.11846286947606297     
   1.5719999999974754       0.11689617728821877     
   1.5779999999974721       0.11534433235465751     
   1.5839999999974688       0.11380729453320333     
   1.5899999999974654       0.11228502196916075     
   1.5959999999974621       0.11077747112660091     
   1.6019999999974588       0.10928459681965551     
   1.6079999999974555       0.10780635224380826     
   1.6139999999974521       0.10634268900717490     
   1.6199999999974488       0.10489355716176207     
   1.6259999999974455       0.10345890523469624     
   1.6319999999974422       0.10203868025941293     
   1.6379999999974388       0.10063282780679822     
   1.6439999999974355        9.9241292016273019E-002
   1.6499999999974322        9.7864015626811851E-002
   1.6559999999974289        9.6500940007887448E-002
   1.6619999999974255        9.5152005190332872E-002
   1.6679999999974222        9.3817149897112817E-002
   1.6739999999974189        9.2496311573996515E-002
   1.6799999999974156        9.1189426420123496E-002
   1.6859999999974122        8.9896429418455187E-002
   1.6919999999974089        8.8617254366104195E-002
   1.6979999999974056        8.7351833904534326E-002
   1.7039999999974023        8.6100099549623332E-002
   1.7099999999973989        8.4861981721582033E-002
   1.7159999999973956        8.3637409774721894E-002
   1.7219999999973923        8.2426312027065046E-002
   1.7279999999973890        8.1228615789789557E-002
   1.7339999999973856        8.0044247396503440E-002
   1.7399999999973823        7.8873132232340937E-002
   1.7459999999973790        7.7715194762875417E-002
   1.7519999999973757        7.6570358562841903E-002
   1.7579999999973723        7.5438546344663862E-002
   1.7639999999973690        7.4319679986778478E-002
   1.7699999999973657        7.3213680561754618E-002
   1.7759999999973624        7.2120468364197984E-002
   1.7819999999973590        7.1039962938438533E-002
   1.7879999999973557        6.9972083105994343E-002
   1.7939999999973524        6.8916746992807518E-002
   1.7999999999973491        6.7873872056247342E-002
   1.8059999999973457        6.6843375111875269E-002
   1.8119999999973424        6.5825172359968001E-002
   1.8179999999973391        6.4819179411794076E-002
   1.8239999999973358        6.3825311315639205E-002
   1.8299999999973324        6.2843482582577312E-002
   1.8359999999973291        6.1873607211982401E-002
   1.8419999999973258        6.0915598716777868E-002
   1.8479999999973225        5.9969370148419895E-002
   1.8539999999973191        5.9034834121610980E-002
   1.8599999999973158        5.8111902838740619E-002
   1.8659999999973125        5.7200488114049791E-002
   1.8719999999973091        5.6300501397516405E-002
   1.8779999999973058        5.5411853798458685E-002
   1.8839999999973025        5.4534456108853858E-002
   1.8899999999972992        5.3668218826369317E-002
   1.8959999999972958        5.2813052177104351E-002
   1.9019999999972925        5.1968866138039464E-002
   1.9079999999972892        5.1135570459191718E-002
   1.9139999999972859        5.0313074685473538E-002
   1.9199999999972825        4.9501288178253638E-002
   1.9259999999972792        4.8700120136617953E-002
   1.9319999999972759        4.7909479618328858E-002
   1.9379999999972726        4.7129275560481639E-002
   1.9439999999972692        4.6359416799856515E-002
   1.9499999999972659        4.5599812092964979E-002
   1.9559999999972626        4.4850370135789575E-002
   1.9619999999972593        4.4110999583215918E-002
   1.9679999999972559        4.3381609068156406E-002
   1.9739999999972526        4.2662107220364343E-002
   1.9799999999972493        4.1952402684938640E-002
   1.9859999999972460        4.1252404140517993E-002
   1.9919999999972426        4.0562020317164327E-002
   1.9979999999972393        3.9881160013935539E-002
   2.0039999999972360        3.9209732116146950E-002
   2.0099999999972327        3.8547645612321824E-002
   2.0159999999972293        3.7894809610830867E-002
   2.0219999999972260        3.7251133356220920E-002
   2.0279999999972227        3.6616526245232990E-002
   2.0339999999972194        3.5990897842510694E-002
   2.0399999999972160        3.5374157895998411E-002
   2.0459999999972127        3.4766216352031053E-002
   2.0519999999972094        3.4166983370115367E-002
   2.0579999999972061        3.3576369337403683E-002
   2.0639999999972027        3.2994284882861338E-002
   2.0699999999971994        3.2420640891128213E-002
   2.0759999999971961        3.1855348516076257E-002
   2.0819999999971928        3.1298319194063277E-002
   2.0879999999971894        3.0749464656884915E-002
   2.0939999999971861        3.0208696944425871E-002
   2.0999999999971828        2.9675928417011881E-002
   2.1059999999971795        2.9151071767463930E-002
   2.1119999999971761        2.8634040032856196E-002
   2.1179999999971728        2.8124746605979706E-002
   2.1239999999971695        2.7623105246512944E-002
   2.1299999999971662        2.7129030091901780E-002
   2.1359999999971628        2.6642435667950031E-002
   2.1419999999971595        2.6163236899123143E-002
   2.1479999999971562        2.5691349118566603E-002
   2.1539999999971529        2.5226688077841425E-002
   2.1599999999971495        2.4769169956378612E-002
   2.1659999999971462        2.4318711370655100E-002
   2.1719999999971429        2.3875229383093149E-002
   2.1779999999971396        2.3438641510685709E-002
   2.1839999999971362        2.3008865733349974E-002
   2.1899999999971329        2.2585820502011762E-002
   2.1959999999971296        2.2169424746422969E-002
   2.2019999999971263        2.1759597882714761E-002
   2.2079999999971229        2.1356259820689019E-002
   2.2139999999971196        2.0959330970850773E-002
   2.2199999999971163        2.0568732251184031E-002
   2.2259999999971130        2.0184385093673981E-002
   2.2319999999971096        1.9806211450578256E-002
   2.2379999999971063        1.9434133800449758E-002
   2.2439999999971030        1.9068075153914336E-002
   2.2499999999970997        1.8707959059205751E-002
   2.2559999999970963        1.8353709607460956E-002
   2.2619999999970930        1.8005251437778785E-002
   2.2679999999970897        1.7662509742044634E-002
   2.2739999999970864        1.7325410269524354E-002
   2.2799999999970830        1.6993879331230369E-002
   2.2859999999970797        1.6667843804062853E-002
   2.2919999999970764        1.6347231134729120E-002
   2.2979999999970731        1.6031969343444259E-002
   2.3039999999970697        1.5721987027416215E-002
   2.3099999999970664        1.5417213364118129E-002
   2.3159999999970631        1.5117578114351328E-002
   2.3219999999970597        1.4823011625101929E-002
   2.3279999999970564        1.4533444832194271E-002
   2.3339999999970531        1.4248809262744229E-002
   2.3399999999970498        1.3969037037415680E-002
   2.3459999999970464        1.3694060872483250E-002
   2.3519999999970431        1.3423814081704405E-002
   2.3579999999970398        1.3158230578004231E-002
   2.3639999999970365        1.2897244874975993E-002
   2.3699999999970331        1.2640792088200571E-002
   2.3759999999970298        1.2388807936388205E-002
   2.3819999999970265        1.2141228742345420E-002
   2.3879999999970232        1.1897991433770577E-002
   2.3939999999970198        1.1659033543881028E-002
   2.3999999999970165        1.1424293211875209E-002
   2.4059999999970132        1.1193709183232717E-002
   2.4119999999970099        1.0967220809855578E-002
   2.4179999999970065        1.0744768050053954E-002
   2.4239999999970032        1.0526291468379204E-002
   2.4299999999969999        1.0311732235307699E-002
   2.4359999999969966        1.0101032126778342E-002
   2.4419999999969932        9.8941335235869354E-003
   2.4479999999969899        9.6909794106405898E-003
   2.4539999999969866        9.4915133760750999E-003
   2.4599999999969833        9.2956796102385726E-003
   2.4659999999969799        9.1034229045440611E-003
   2.4719999999969766        8.9146886501946555E-003
   2.4779999999969733        8.7294228367835909E-003
   2.4839999999969700        8.5475720507727348E-003
   2.4899999999969666        8.3690834738523213E-003
   2.4959999999969633        8.1939048811847954E-003
   2.5019999999969600        8.0219846395358646E-003
   2.5079999999969567        7.8532717052956016E-003
   2.5139999999969533        7.6877156223924825E-003
   2.5199999999969500        7.5252665201032852E-003
   2.5259999999969467        7.3658751107616915E-003
   2.5319999999969434        7.2094926873683598E-003
   2.5379999999969400        7.0560711211053798E-003
   2.5439999999969367        6.9055628587577581E-003
   2.5499999999969334        6.7579209200448430E-003
   2.5559999999969301        6.6130988948642352E-003
   2.5619999999969267        6.4710509404510164E-003
   2.5679999999969234        6.3317317784549179E-003
   2.5739999999969201        6.1950966919381047E-003
   2.5799999999969168        6.0611015222960547E-003
   2.5859999999969134        5.9297026661043585E-003
   2.5919999999969101        5.8008570718937440E-003
   2.5979999999969068        5.6745222368560066E-003
   2.6039999999969035        5.5506562034833007E-003
   2.6099999999969001        5.4292175561432331E-003
   2.6159999999968968        5.3101654175922147E-003
   2.6219999999968935        5.1934594454294417E-003
   2.6279999999968902        5.0790598284939370E-003
   2.6339999999968868        4.9669272832069226E-003
   2.6399999999968835        4.8570230498618527E-003
   2.6459999999968802        4.7493088888644090E-003
   2.6519999999968769        4.6437470769246586E-003
   2.6579999999968735        4.5403004032035935E-003
   2.6639999999968702        4.4389321654162506E-003
   2.6699999999968669        4.3396061658935300E-003
   2.6759999999968636        4.2422867076048129E-003
   2.6819999999968602        4.1469385901434985E-003
   2.6879999999968569        4.0535271056774541E-003
   2.6939999999968536        3.9620180348664069E-003
   2.6999999999968503        3.8723776427482745E-003
   2.7059999999968469        3.7845726745963388E-003
   2.7119999999968436        3.6985703517491866E-003
   2.7179999999968403        3.6143383674153216E-003
   2.7239999999968370        3.5318448824542279E-003
   2.7299999999968336        3.4510585211357707E-003
   2.7359999999968303        3.3719483668796244E-003
   2.7419999999968270        3.2944839579765474E-003
   2.7479999999968237        3.2186352832931529E-003
   2.7539999999968203        3.1443727779618910E-003
   2.7599999999968170        3.0716673190578601E-003
   2.7659999999968137        3.0004902212640546E-003
   2.7719999999968103        2.9308132325266485E-003
   2.7779999999968070        2.8626085297018310E-003
   2.7839999999968037        2.7958487141957113E-003
   2.7899999999968004        2.7305068075987788E-003
   2.7959999999967970        2.6665562473163610E-003
   2.8019999999967937        2.6039708821964710E-003
   2.8079999999967904        2.5427249681564592E-003
   2.8139999999967871        2.4827931638097957E-003
   2.8199999999967837        2.4241505260942939E-003
   2.8259999999967804        2.3667725059030886E-003
   2.8319999999967771        2.3106349437195962E-003
   2.8379999999967738        2.2557140652576858E-003
   2.8439999999967704        2.2019864771082708E-003
   2.8499999999967671        2.1494291623934624E-003
   2.8559999999967638        2.0980194764294146E-003
   2.8619999999967605        2.0477351423990008E-003
   2.8679999999967571        1.9985542470353254E-003
   2.8739999999967538        1.9504552363171874E-003
   2.8799999999967505        1.9034169111774657E-003
   2.8859999999967472        1.8574184232253933E-003
   2.8919999999967438        1.8124392704837527E-003
   2.8979999999967405        1.7684592931418294E-003
   2.9039999999967372        1.7254586693250704E-003
   2.9099999999967339        1.6834179108823363E-003
   2.9159999999967305        1.6423178591915427E-003
   2.9219999999967272        1.6021396809845455E-003
   2.9279999999967239        1.5628648641920590E-003
   2.9339999999967206        1.5244752138093482E-003
   2.9399999999967172        1.4869528477834543E-003
   2.9459999999967139        1.4502801929226717E-003
   2.9519999999967106        1.4144399808289361E-003
   2.9579999999967073        1.3794152438538182E-003
   2.9639999999967039        1.3451893110787384E-003
   2.9699999999967006        1.3117458043200318E-003
   2.9759999999966973        1.2790686341594441E-003
   2.9819999999966940        1.2471419960006216E-003
   2.9879999999966906        1.2159503661521548E-003
   2.9939999999966873        1.1854784979376783E-003
