  -3.0000000000000000       -1.7904819048766512E-312
  -2.9940000000000033       -1.8246223813787002E-312
  -2.9880000000000067       -1.8592902249098006E-312
  -2.9820000000000100       -1.8944906504810641E-312
  -2.9760000000000133       -1.9302288549121050E-312
  -2.9700000000000166       -1.9665100147460838E-312
  -2.9640000000000200       -2.0033392840609959E-312
  -2.9580000000000233       -2.0407217922957830E-312
  -2.9520000000000266       -2.0786626420171563E-312
  -2.9460000000000299       -2.1171669066073693E-312
  -2.9400000000000333       -2.1562396279816345E-312
  -2.9340000000000366       -2.1958858141770832E-312
  -2.9280000000000399       -2.2361104369812500E-312
  -2.9220000000000432       -2.2769184294568045E-312
  -2.9160000000000466       -2.3183146834564005E-312
  -2.9100000000000499       -2.3603040470881196E-312
  -2.9040000000000532       -2.4028913221216267E-312
  -2.8980000000000565       -2.4460812613893841E-312
  -2.8920000000000599       -2.4898785661088164E-312
  -2.8860000000000632       -2.5342878831797708E-312
  -2.8800000000000665       -2.5793138024424534E-312
  -2.8740000000000698       -2.6249608538908984E-312
  -2.8680000000000732       -2.6712335048419722E-312
  -2.8620000000000765       -2.7181361570648519E-312
  -2.8560000000000798       -2.7656731438808602E-312
  -2.8500000000000831       -2.8138487272040119E-312
  -2.8440000000000865       -2.8626670945667389E-312
  -2.8380000000000898       -2.9121323560813861E-312
  -2.8320000000000931       -2.9622485413720645E-312
  -2.8260000000000964       -3.0130195964916808E-312
  -2.8200000000000998       -3.0644493807549769E-312
  -2.8140000000001031       -3.1165416635814506E-312
  -2.8080000000001064       -3.1693001212691067E-312
  -2.8020000000001097       -3.2227283337435051E-312
  -2.7960000000001131       -3.2768297812870463E-312
  -2.7900000000001164       -3.3316078411892062E-312
  -2.7840000000001197       -3.3870657844313557E-312
  -2.7780000000001230       -3.4432067722727671E-312
  -2.7720000000001264       -3.5000338528366205E-312
  -2.7660000000001297       -3.5575499576614255E-312
  -2.7600000000001330       -3.6157578982326803E-312
  -2.7540000000001363       -3.6746603624503026E-312
  -2.7480000000001397       -3.7342599111010008E-312
  -2.7420000000001430       -3.7945589742911198E-312
  -2.7360000000001463       -3.8555598478498434E-312
  -2.7300000000001496       -3.9172646897076930E-312
  -2.7240000000001530       -3.9796755162602042E-312
  -2.7180000000001563       -4.0427941986871382E-312
  -2.7120000000001596       -4.1066224592716926E-312
  -2.7060000000001629       -4.1711618676801867E-312
  -2.7000000000001663       -4.2364138372417477E-312
  -2.6940000000001696       -4.3023796211785896E-312
  -2.6880000000001729       -4.3690603088511143E-312
  -2.6820000000001762       -4.4364568219684279E-312
  -2.6760000000001796       -4.5045699107790951E-312
  -2.6700000000001829       -4.5734001502816551E-312
  -2.6640000000001862       -4.6429479363709099E-312
  -2.6580000000001895       -4.7132134820138561E-312
  -2.6520000000001929       -4.7841968133959730E-312
  -2.6460000000001962       -4.8558977660872730E-312
  -2.6400000000001995       -4.9283159811540051E-312
  -2.6340000000002028       -5.0014509013197646E-312
  -2.6280000000002062       -5.0753017670771969E-312
  -2.6220000000002095       -5.1498676128441663E-312
  -2.6160000000002128       -5.2251472630655784E-312
  -2.6100000000002161       -5.3011393283744900E-312
  -2.6040000000002195       -5.3778422017186340E-312
  -2.5980000000002228       -5.4552540545116487E-312
  -2.5920000000002261       -5.5333728327793652E-312
  -2.5860000000002294       -5.6121962533209178E-312
  -2.5800000000002328       -5.6917217998945568E-312
  -2.5740000000002361       -5.7719467193935805E-312
  -2.5680000000002394       -5.8528680180617926E-312
  -2.5620000000002427       -5.9344824577040184E-312
  -2.5560000000002461       -6.0167865519361467E-312
  -2.5500000000002494       -6.0997765624401122E-312
  -2.5440000000002527       -6.1834484952682845E-312
  -2.5380000000002561       -6.2677980971379755E-312
  -2.5320000000002594       -6.3528208517852353E-312
  -2.5260000000002627       -6.4385119763285288E-312
  -2.5200000000002660       -6.5248664176917006E-312
  -2.5140000000002694       -6.6118788490368209E-312
  -2.5080000000002727       -6.6995436662414973E-312
  -2.5020000000002760       -6.7878549844206531E-312
  -2.4960000000002793       -6.8768066344878300E-312
  -2.4900000000002827       -6.9663921597658980E-312
  -2.4840000000002860       -7.0566048126422309E-312
  -2.4780000000002893       -7.1474375512683475E-312
  -2.4720000000002926       -7.2388830363188417E-312
  -2.4660000000002960       -7.3309336278046582E-312
  -2.4600000000002993       -7.4235813819357763E-312
  -2.4540000000003026       -7.5168180480629432E-312
  -2.4480000000003059       -7.6106350656589333E-312
  -2.4420000000003093       -7.7050235613788570E-312
  -2.4360000000003126       -7.7999743461846991E-312
  -2.4300000000003159       -7.8954779125340853E-312
  -2.4240000000003192       -7.9915244316678614E-312
  -2.4180000000003226       -8.0881037509273172E-312
  -2.4120000000003259       -8.1852053911949264E-312
  -2.4060000000003292       -8.2828185444042558E-312
  -2.4000000000003325       -8.3809320711042213E-312
  -2.3940000000003359       -8.4795344981518017E-312
  -2.3880000000003392       -8.5786140164689808E-312
  -2.3820000000003425       -8.6781584789034426E-312
  -2.3760000000003458       -8.7781553981781993E-312
  -2.3700000000003492       -8.8785919449350913E-312
  -2.3640000000003525       -8.9794549458968629E-312
  -2.3580000000003558       -9.0807308820934665E-312
  -2.3520000000003591       -9.1824058872514090E-312
  -2.3460000000003625       -9.2844657462423854E-312
  -2.3400000000003658       -9.3868958936702509E-312
  -2.3340000000003691       -9.4896814125518659E-312
  -2.3280000000003724       -9.5928070331412197E-312
  -2.3220000000003758       -9.6962571318523674E-312
  -2.3160000000003791       -9.8000157303009424E-312
  -2.3100000000003824       -9.9040664945037702E-312
  -2.3040000000003857       -1.0008392734172354E-311
  -2.2980000000003891       -1.0112977402139761E-311
  -2.2920000000003924       -1.0217803093950543E-311
  -2.2860000000003957       -1.0322852047539599E-311
  -2.2800000000003990       -1.0428106143098774E-311
  -2.2740000000004024       -1.0533546903057098E-311
  -2.2680000000004057       -1.0639155492189479E-311
  -2.2620000000004090       -1.0744912717927968E-311
  -2.2560000000004123       -1.0850799030752065E-311
  -2.2500000000004157       -1.0956794524781603E-311
  -2.2440000000004190       -1.1062878938498080E-311
  -2.2380000000004223       -1.1169031655648803E-311
  -2.2320000000004256       -1.1275231706259720E-311
  -2.2260000000004290       -1.1381457767870584E-311
  -2.2200000000004323       -1.1487688166893634E-311
  -2.2140000000004356       -1.1593900880145199E-311
  -2.2080000000004389       -1.1700073536550224E-311
  -2.2020000000004423       -1.1806183419019720E-311
  -2.1960000000004456       -1.1912207466496196E-311
  -2.1900000000004489       -1.2018122276176952E-311
  -2.1840000000004522       -1.2123904105895479E-311
  -2.1780000000004556       -1.2229528876720240E-311
  -2.1720000000004589       -1.2334972175696740E-311
  -2.1660000000004622       -1.2440209258782271E-311
  -2.1600000000004655       -1.2545215053993110E-311
  -2.1540000000004689       -1.2649964164675240E-311
  -2.1480000000004722       -1.2754430873041853E-311
  -2.1420000000004755       -1.2858589143824496E-311
  -2.1360000000004788       -1.2962412628181135E-311
  -2.1300000000004822       -1.3065874667737607E-311
  -2.1240000000004855       -1.3168948298866230E-311
  -2.1180000000004888       -1.3271606257152160E-311
  -2.1120000000004922       -1.3373820982022778E-311
  -2.1060000000004955       -1.3475564621624127E-311
  -2.1000000000004988       -1.3576809037870257E-311
  -2.0940000000005021       -1.3677525811670442E-311
  -2.0880000000005055       -1.3777686248413306E-311
  -2.0820000000005088       -1.3877261383599175E-311
  -2.0760000000005121       -1.3976221988704635E-311
  -2.0700000000005154       -1.4074538577234834E-311
  -2.0640000000005188       -1.4172181410988237E-311
  -2.0580000000005221       -1.4269120506523945E-311
  -2.0520000000005254       -1.4365325641836521E-311
  -2.0460000000005287       -1.4460766363228442E-311
  -2.0400000000005321       -1.4555411992370299E-311
  -2.0340000000005354       -1.4649231633627792E-311
  -2.0280000000005387       -1.4742194181512234E-311
  -2.0220000000005420       -1.4834268328392925E-311
  -2.0160000000005454       -1.4925422572392310E-311
  -2.0100000000005487       -1.5015625225498547E-311
  -2.0040000000005520       -1.5104844421855921E-311
  -1.9980000000005553       -1.5193048126292423E-311
  -1.9920000000005587       -1.5280204143020241E-311
  -1.9860000000005620       -1.5366280124543767E-311
  -1.9800000000005653       -1.5451243580804749E-311
  -1.9740000000005686       -1.5535061888460849E-311
  -1.9680000000005720       -1.5617702300421104E-311
  -1.9620000000005753       -1.5699131955544438E-311
  -1.9560000000005786       -1.5779317888560500E-311
  -1.9500000000005819       -1.5858227040143661E-311
  -1.9440000000005853       -1.5935826267243929E-311
  -1.9380000000005886       -1.6012082353536436E-311
  -1.9320000000005919       -1.6086962020108075E-311
  -1.9260000000005952       -1.6160431936317071E-311
  -1.9200000000005986       -1.6232458730840279E-311
  -1.9140000000006019       -1.6303009002893422E-311
  -1.9080000000006052       -1.6372049333634124E-311
  -1.9020000000006085       -1.6439546297757629E-311
  -1.8960000000006119       -1.6505466475250623E-311
  -1.8900000000006152       -1.6569776463322924E-311
  -1.8840000000006185       -1.6632442888492322E-311
  -1.8780000000006218       -1.6693432418871992E-311
  -1.8720000000006252       -1.6752711776596251E-311
  -1.8660000000006285       -1.6810247750379697E-311
  -1.8600000000006318       -1.6866007208293758E-311
  -1.8540000000006351       -1.6919957110646972E-311
  -1.8480000000006385       -1.6972064523033271E-311
  -1.8420000000006418       -1.7022296629508702E-311
  -1.8360000000006451       -1.7070620745926267E-311
  -1.8300000000006484       -1.7117004333409089E-311
  -1.8240000000006518       -1.7161415011927337E-311
  -1.8180000000006551       -1.7203820574053013E-311
  -1.8120000000006584       -1.7244188998764147E-311
  -1.8060000000006617       -1.7282488465451557E-311
  -1.8000000000006651       -1.7318687367970076E-311
  -1.7940000000006684       -1.7352754328838001E-311
  -1.7880000000006717       -1.7384658213525469E-311
  -1.7820000000006750       -1.7414368144836707E-311
  -1.7760000000006784       -1.7441853517410862E-311
  -1.7700000000006817       -1.7467084012262352E-311
  -1.7640000000006850       -1.7490029611454613E-311
  -1.7580000000006883       -1.7510660612823258E-311
  -1.7520000000006917       -1.7528947644768402E-311
  -1.7460000000006950       -1.7544861681106276E-311
  -1.7400000000006983       -1.7558374056014709E-311
  -1.7340000000007016       -1.7569456478988500E-311
  -1.7280000000007050       -1.7578081049854070E-311
  -1.7220000000007083       -1.7584220273828584E-311
  -1.7160000000007116       -1.7587847076628479E-311
  -1.7100000000007149       -1.7588934819558227E-311
  -1.7040000000007183       -1.7587457314658388E-311
  -1.6980000000007216       -1.7583388839853665E-311
  -1.6920000000007249       -1.7576704154110835E-311
  -1.6860000000007282       -1.7567378512576923E-311
  -1.6800000000007316       -1.7555387681742075E-311
  -1.6740000000007349       -1.7540707954548086E-311
  -1.6680000000007382       -1.7523316165516690E-311
  -1.6620000000007416       -1.7503189705788917E-311
  -1.6560000000007449       -1.7480306538203980E-311
  -1.6500000000007482       -1.7454645212259580E-311
  -1.6440000000007515       -1.7426184879052450E-311
  -1.6380000000007549       -1.7394905306169497E-311
  -1.6320000000007582       -1.7360786892485065E-311
  -1.6260000000007615       -1.7323810682893975E-311
  -1.6200000000007648       -1.7283958382960569E-311
  -1.6140000000007682       -1.7241212373454125E-311
  -1.6080000000007715       -1.7195555724844738E-311
  -1.6020000000007748       -1.7146972211601584E-311
  -1.5960000000007781       -1.7095446326446711E-311
  -1.5900000000007815       -1.7040963294440853E-311
  -1.5840000000007848       -1.6983509086980308E-311
  -1.5780000000007881       -1.6923070435596192E-311
  -1.5720000000007914       -1.6859634845640059E-311
  -1.5660000000007948       -1.6793190609811415E-311
  -1.5600000000007981       -1.6723726821497492E-311
  -1.5540000000008014       -1.6651233387959862E-311
  -1.5480000000008047       -1.6575701043328362E-311
  -1.5420000000008081       -1.6497121361407274E-311
  -1.5360000000008114       -1.6415486768254238E-311
  -1.5300000000008147       -1.6330790554601063E-311
  -1.5240000000008180       -1.6243026888027503E-311
  -1.5180000000008214       -1.6152190824883062E-311
  -1.5120000000008247       -1.6058278322050697E-311
  -1.5060000000008280       -1.5961286248369613E-311
  -1.5000000000008313       -1.5861212395904906E-311
  -1.4940000000008347       -1.5758055490886172E-311
  -1.4880000000008380       -1.5651815204413910E-311
  -1.4820000000008413       -1.5542492162879368E-311
  -1.4760000000008446       -1.5430087958112651E-311
  -1.4700000000008480       -1.5314605157209684E-311
  -1.4640000000008513       -1.5196047312107209E-311
  -1.4580000000008546       -1.5074418968802047E-311
  -1.4520000000008579       -1.4949725676283804E-311
  -1.4460000000008613       -1.4821973995126675E-311
  -1.4400000000008646       -1.4691171505779864E-311
  -1.4340000000008679       -1.4557326816457813E-311
  -1.4280000000008712       -1.4420449570773517E-311
  -1.4220000000008746       -1.4280550454917294E-311
  -1.4160000000008779       -1.4137641204563828E-311
  -1.4100000000008812       -1.3991734611334546E-311
  -1.4040000000008845       -1.3842844528948731E-311
  -1.3980000000008879       -1.3690985878934928E-311
  -1.3920000000008912       -1.3536174656001432E-311
  -1.3860000000008945       -1.3378427932967066E-311
  -1.3800000000008978       -1.3217763865311523E-311
  -1.3740000000009012       -1.3054201695305759E-311
  -1.3680000000009045       -1.2887761755737245E-311
  -1.3620000000009078       -1.2718465473205382E-311
  -1.3560000000009111       -1.2546335370967328E-311
  -1.3500000000009145       -1.2371395071373731E-311
  -1.3440000000009178       -1.2193669297869703E-311
  -1.3380000000009211       -1.2013183876516538E-311
  -1.3320000000009244       -1.1829965737073717E-311
  -1.3260000000009278       -1.1644042913641193E-311
  -1.3200000000009311       -1.1455444544817494E-311
  -1.3140000000009344       -1.1264200873393398E-311
  -1.3080000000009377       -1.1070343245581194E-311
  -1.3020000000009411       -1.0873904109749874E-311
  -1.2960000000009444       -1.0674917014705783E-311
  -1.2900000000009477       -1.0473416607449562E-311
  -1.2840000000009510       -1.0269438630478547E-311
  -1.2780000000009544       -1.0063019918580289E-311
  -1.2720000000009577       -9.8541983951171739E-312
  -1.2660000000009610       -9.6430130678466296E-312
  -1.2600000000009643       -9.4295040241780969E-312
  -1.2540000000009677       -9.2137124259952202E-312
  -1.2480000000009710       -8.9956805039098644E-312
  -1.2420000000009743       -8.7754515510467690E-312
  -1.2360000000009776       -8.5530699162748490E-312
  -1.2300000000009810       -8.3285809969592514E-312
  -1.2240000000009843       -8.1020312311847624E-312
  -1.2180000000009876       -7.8734680894505638E-312
  -1.2120000000009910       -7.6429400658511611E-312
  -1.2060000000009943       -7.4104966687533646E-312
  -1.2000000000009976       -7.1761884109297988E-312
  -1.1940000000010009       -6.9400667991835238E-312
  -1.1880000000010043       -6.7021843234538876E-312
  -1.1820000000010076       -6.4625944453838471E-312
  -1.1760000000010109       -6.2213515864080456E-312
  -1.1700000000010142       -5.9785111152677735E-312
  -1.1640000000010176       -5.7341293350516270E-312
  -1.1580000000010209       -5.4882634696976340E-312
  -1.1520000000010242       -5.2409716499864938E-312
  -1.1460000000010275       -4.9923128990209869E-312
  -1.1400000000010309       -4.7423471172113206E-312
  -1.1340000000010342       -4.4911350667071206E-312
  -1.1280000000010375       -4.2387383553748816E-312
  -1.1220000000010408       -3.9852194202517091E-312
  -1.1160000000010442       -3.7306415104951142E-312
  -1.1100000000010475       -3.4750686698436825E-312
  -1.1040000000010508       -3.2185657185886196E-312
  -1.0980000000010541       -2.9611982350611104E-312
  -1.0920000000010575       -2.7030325366256145E-312
  -1.0860000000010608       -2.4441356602186200E-312
  -1.0800000000010641       -2.1845753423785100E-312
  -1.0740000000010674       -1.9244199988604144E-312
  -1.0680000000010708       -1.6637387037372328E-312
  -1.0620000000010741       -1.4026011680856426E-312
  -1.0560000000010774       -1.1410777182076857E-312
  -1.0500000000010807       -8.7923927340275424E-313
  -1.0440000000010841       -6.1715732332950366E-313
  -1.0380000000010874       -3.5490390492804574E-313
  -1.0320000000010907       -9.2551578897483503E-314
  -1.0260000000010940        1.6982659418228158E-313
  -1.0200000000010974        4.3215707818822324E-313
  -1.0140000000011007        6.9436588615747271E-313
  -1.0080000000011040        9.5637860537103161E-313
  -1.0020000000011073        1.2181204228524999E-312
 -0.99600000000111066        1.4795161511731244E-312
 -0.99000000000111399        1.7404902546965664E-312
 -0.98400000000111731        2.0009668760954041E-312
 -0.97800000000112064        2.2608698632480671E-312
 -0.97200000000112396        2.5201227964667938E-312
 -0.96600000000112729        2.7786490160121471E-312
 -0.96000000000113062        3.0363716499681985E-312
 -0.95400000000113394        3.2932136423548629E-312
 -0.94800000000113727        3.5490977815564364E-312
 -0.94200000000114059        3.8039467290366910E-312
 -0.93600000000114392        4.0576830482861814E-312
 -0.93000000000114724        4.3102292340215244E-312
 -0.92400000000115057        4.5615077416662958E-312
 -0.91800000000115389        4.8114410169999100E-312
 -0.91200000000115722        5.0599515260387105E-312
 -0.90600000000116054        5.3069617851393892E-312
 -0.90000000000116387        5.5523943912703889E-312
 -0.89400000000116719        5.7961720524364656E-312
 -0.88800000000117052        6.0382176183107587E-312
 -0.88200000000117385        6.2784541109755551E-312
 -0.87600000000117717        6.5168047558013927E-312
 -0.87000000000118050        6.7531930124743823E-312
 -0.86400000000118382        6.9875426060679965E-312
 -0.85800000000118715        7.2197775582778997E-312
 -0.85200000000119047        7.4498222186765408E-312
 -0.84600000000119380        7.6776012960517371E-312
 -0.84000000000119712        7.9030398897996058E-312
 -0.83400000000120045        8.1260635213323164E-312
 -0.82800000000120377        8.3465981655006664E-312
 -0.82200000000120710        8.5645702820512409E-312
 -0.81600000000121042        8.7799068470193432E-312
 -0.81000000000121375        8.9925353841515706E-312
 -0.80400000000121707        9.2023839962048727E-312
 -0.79800000000122040        9.4093813963098384E-312
 -0.79200000000122373        9.6134569391017728E-312
 -0.78600000000122705        9.8145406519160014E-312
 -0.78000000000123038        1.0012563265746024E-311
 -0.77400000000123370        1.0207456246196727E-311
 -0.76800000000123703        1.0399151824195505E-311
 -0.76200000000124035        1.0587583026619389E-311
 -0.75600000000124368        1.0772683706744311E-311
 -0.75000000000124700        1.0954388574472044E-311
 -0.74400000000125033        1.1132633226408916E-311
 -0.73800000000125365        1.1307354175677728E-311
 -0.73200000000125698        1.1478488881556761E-311
 -0.72600000000126030        1.1645975778807502E-311
 -0.72000000000126363        1.1809754306794881E-311
 -0.71400000000126695        1.1969764938291295E-311
 -0.70800000000127028        1.2125949208013841E-311
 -0.70200000000127361        1.2278249740810758E-311
 -0.69600000000127693        1.2426610279600844E-311
 -0.69000000000128026        1.2570975712887967E-311
 -0.68400000000128358        1.2711292101964324E-311
 -0.67800000000128691        1.2847506707738203E-311
 -0.67200000000129023        1.2979568017181315E-311
 -0.66600000000129356        1.3107425769356178E-311
 -0.66000000000129688        1.3231030981063060E-311
 -0.65400000000130021        1.3350335972017564E-311
 -0.64800000000130353        1.3465294389603322E-311
 -0.64200000000130686        1.3575861233180016E-311
 -0.63600000000131018        1.3681992877907235E-311
 -0.63000000000131351        1.3783647098069303E-311
 -0.62400000000131683        1.3880783089906059E-311
 -0.61800000000132016        1.3973361493974267E-311
 -0.61200000000132349        1.4061344416896385E-311
 -0.60600000000132681        1.4144695452649852E-311
 -0.60000000000133014        1.4223379703258562E-311
 -0.59400000000133346        1.4297363798940856E-311
 -0.58800000000133679        1.4366615917674525E-311
 -0.58200000000134011        1.4431105804134344E-311
 -0.57600000000134344        1.4490804788110841E-311
 -0.57000000000134676        1.4545685802232430E-311
 -0.56400000000135009        1.4595723399104551E-311
 -0.55800000000135341        1.4640893767811458E-311
 -0.55200000000135674        1.4681174749751027E-311
 -0.54600000000136006        1.4716545853837157E-311
 -0.54000000000136339        1.4746988271015412E-311
 -0.53400000000136671        1.4772484888101807E-311
 -0.52800000000137004        1.4793020300949653E-311
 -0.52200000000137337        1.4808580826909895E-311
 -0.51600000000137669        1.4819154516579993E-311
 -0.51000000000138002        1.4824731164846286E-311
 -0.50400000000138334        1.4825302321205027E-311
 -0.49800000000138661        1.4820861299337374E-311
 -0.49200000000138988        1.4811403185987749E-311
 -0.48600000000139315        1.4796924849041813E-311
 -0.48000000000139642        1.4777424944878160E-311
 -0.47400000000139969        1.4752903924983859E-311
 -0.46800000000140296        1.4723364041769604E-311
 -0.46200000000140623        1.4688809353628949E-311
 -0.45600000000140950        1.4649245729216914E-311
 -0.45000000000141277        1.4604680850962793E-311
 -0.44400000000141604        1.4555124217792456E-311
 -0.43800000000141931        1.4500587147040382E-311
 -0.43200000000142258        1.4441082775595892E-311
 -0.42600000000142585        1.4376626060239113E-311
 -0.42000000000142912        1.4307233777181498E-311
 -0.41400000000143239        1.4232924520815839E-311
 -0.40800000000143566        1.4153718701621429E-311
 -0.40200000000143893        1.4069638543328125E-311
 -0.39600000000144220        1.3980708079220738E-311
 -0.39000000000144547        1.3886953147652916E-311
 -0.38400000000144874        1.3788401386760640E-311
 -0.37800000000145201        1.3685082228370397E-311
 -0.37200000000145528        1.3577026891067440E-311
 -0.36600000000145855        1.3464268372518004E-311
 -0.36000000000146182        1.3346841440912093E-311
 -0.35400000000146509        1.3224782625675041E-311
 -0.34800000000146836        1.3098130207324350E-311
 -0.34200000000147163        1.2966924206560717E-311
 -0.33600000000147490        1.2831206372538917E-311
 -0.33000000000147817        1.2691020170377821E-311
 -0.32400000000148144        1.2546410767855211E-311
 -0.31800000000148471        1.2397425021331851E-311
 -0.31200000000148798        1.2244111460885045E-311
 -0.30600000000149125        1.2086520274691231E-311
 -0.30000000000149452        1.1924703292622993E-311
 -0.29400000000149779        1.1758713969090168E-311
 -0.28800000000150106        1.1588607365125021E-311
 -0.28200000000150433        1.1414440129721389E-311
 -0.27600000000150759        1.1236270480408016E-311
 -0.27000000000151086        1.1054158183164788E-311
 -0.26400000000151413        1.0868164531503993E-311
 -0.25800000000151740        1.0678352324929056E-311
 -0.25200000000152067        1.0484785846637359E-311
 -0.24600000000152394        1.0287530840521486E-311
 -0.24000000000152721        1.0086654487533120E-311
 -0.23400000000153048        9.8822253813107861E-312
 -0.22800000000153375        9.6743135031455442E-312
 -0.22200000000153702        9.4629901963439243E-312
 -0.21600000000154029        9.2483281398991668E-312
 -0.21000000000154356        9.0304013215053579E-312
 -0.20400000000154683        8.8092850100280908E-312
 -0.19800000000155010        8.5850557272834370E-312
 -0.19200000000155337        8.3577912192833249E-312
 -0.18600000000155664        8.1275704268534565E-312
 -0.18000000000155991        7.8944734557077508E-312
 -0.17400000000156318        7.6585815459348497E-312
 -0.16800000000156645        7.4199770410004392E-312
 -0.16200000000156972        7.1787433561517516E-312
 -0.15600000000157299        6.9349649463527050E-312
 -0.15000000000157626        6.6887272737101552E-312
 -0.14400000000157953        6.4401167744060820E-312
 -0.13800000000158280        6.1892208251752352E-312
 -0.13200000000158607        5.9361277093183588E-312
 -0.12600000000158934        5.6809265823053409E-312
 -0.12000000000159261        5.4237074368941788E-312
 -0.11400000000159588        5.1645610679485645E-312
 -0.10800000000159915        4.9035790367614045E-312
 -0.10200000000160242        4.6408536350670780E-312
  -9.6000000001605690E-002   4.3764778487127902E-312
  -9.0000000001608960E-002   4.1105453209544351E-312
  -8.4000000001612229E-002   3.8431503154510790E-312
  -7.8000000001615499E-002   3.5743876789580633E-312
  -7.2000000001618769E-002   3.3043528037384905E-312
  -6.6000000001622039E-002   3.0331415897474391E-312
  -6.0000000001625316E-002   2.7608504064653932E-312
  -5.4000000001628592E-002   2.4875760546427389E-312
  -4.8000000001631869E-002   2.2134157277082970E-312
  -4.2000000001635146E-002   1.9384669730988050E-312
  -3.6000000001638423E-002   1.6628276533067812E-312
  -3.0000000001641696E-002   1.3865959068740423E-312
  -2.4000000001644969E-002   1.1098701091925352E-312
  -1.8000000001648243E-002   8.3274883318165160E-313
  -1.2000000001651516E-002   5.5533080995566262E-313
  -6.0000000016547901E-003   2.7771488927376350E-313
  -1.6580643108499160E-012   7.9050503334599447E-323
   5.9999999983386615E-003  -2.7771488912060315E-313
   1.1999999998335387E-002  -5.5533080980250227E-313
   1.7999999998332114E-002  -8.3274883302849125E-313
   2.3999999998328841E-002  -1.1098701090393748E-312
   2.9999999998325567E-002  -1.3865959067208820E-312
   3.5999999998322291E-002  -1.6628276531536208E-312
   4.1999999998319014E-002  -1.9384669729456446E-312
   4.7999999998315737E-002  -2.2134157275600773E-312
   5.3999999998312460E-002  -2.4875760544895786E-312
   5.9999999998309184E-002  -2.7608504063171735E-312
   6.5999999998305914E-002  -3.0331415895942788E-312
   7.1999999998302644E-002  -3.3043528035952114E-312
   7.7999999998299374E-002  -3.5743876788049030E-312
   8.3999999998296104E-002  -3.8431503153028593E-312
   8.9999999998292834E-002  -4.1105453208111561E-312
   9.5999999998289565E-002  -4.3764778485695112E-312
  0.10199999999828629       -4.6408536349237990E-312
  0.10799999999828302       -4.9035790366181255E-312
  0.11399999999827976       -5.1645610678052855E-312
  0.11999999999827649       -5.4237074367558404E-312
  0.12599999999827322       -5.6809265821620619E-312
  0.13199999999826995       -5.9361277091849611E-312
  0.13799999999826668       -6.1892208250368968E-312
  0.14399999999826341       -6.4401167742677436E-312
  0.14999999999826014       -6.6887272735767575E-312
  0.15599999999825687       -6.9349649462143667E-312
  0.16199999999825360       -7.1787433560183539E-312
  0.16799999999825033       -7.4199770408670415E-312
  0.17399999999824706       -7.6585815458014520E-312
  0.17999999999824379       -7.8944734555743531E-312
  0.18599999999824052       -8.1275704267299401E-312
  0.19199999999823725       -8.3577912191647492E-312
  0.19799999999823398       -8.5850557271648612E-312
  0.20399999999823071       -8.8092850099095151E-312
  0.20999999999822744       -9.0304013213867821E-312
  0.21599999999822417       -9.2483281397805911E-312
  0.22199999999822090       -9.4629901962302892E-312
  0.22799999999821763       -9.6743135030269685E-312
  0.23399999999821436       -9.8822253811922104E-312
  0.23999999999821109       -1.0086654487424426E-311
  0.24599999999820782       -1.0287530840412792E-311
  0.25199999999820455       -1.0484785846523724E-311
  0.25799999999820128       -1.0678352324825302E-311
  0.26399999999819801       -1.0868164531400239E-311
  0.26999999999819474       -1.1054158183065975E-311
  0.27599999999819147       -1.1236270480309203E-311
  0.28199999999818820       -1.1414440129622576E-311
  0.28799999999818493       -1.1588607365031149E-311
  0.29399999999818166       -1.1758713969001236E-311
  0.29999999999817839       -1.1924703292534061E-311
  0.30599999999817512       -1.2086520274602299E-311
  0.31199999999817185       -1.2244111460796113E-311
  0.31799999999816858       -1.2397425021247860E-311
  0.32399999999816531       -1.2546410767776161E-311
  0.32999999999816204       -1.2691020170303711E-311
  0.33599999999815877       -1.2831206372464807E-311
  0.34199999999815550       -1.2966924206486607E-311
  0.34799999999815223       -1.3098130207255181E-311
  0.35399999999814896       -1.3224782625605871E-311
  0.35999999999814569       -1.3346841440847864E-311
  0.36599999999814242       -1.3464268372453776E-311
  0.37199999999813915       -1.3577026891008152E-311
  0.37799999999813588       -1.3685082228311109E-311
  0.38399999999813261       -1.3788401386706292E-311
  0.38999999999812934       -1.3886953147598569E-311
  0.39599999999812607       -1.3980708079171332E-311
  0.40199999999812280       -1.4069638543283659E-311
  0.40799999999811953       -1.4153718701576963E-311
  0.41399999999811626       -1.4232924520776314E-311
  0.41999999999811299       -1.4307233777146913E-311
  0.42599999999810972       -1.4376626060199588E-311
  0.43199999999810645       -1.4441082775561307E-311
  0.43799999999810318       -1.4500587147010738E-311
  0.44399999999809991       -1.4555124217762812E-311
  0.44999999999809664       -1.4604680850938090E-311
  0.45599999999809337       -1.4649245729192210E-311
  0.46199999999809011       -1.4688809353609186E-311
  0.46799999999808684       -1.4723364041754782E-311
  0.47399999999808357       -1.4752903924969037E-311
  0.47999999999808030       -1.4777424944868279E-311
  0.48599999999807703       -1.4796924849031932E-311
  0.49199999999807376       -1.4811403185982809E-311
  0.49799999999807049       -1.4820861299332434E-311
  0.50399999999806722       -1.4825302321200087E-311
  0.50999999999806389       -1.4824731164851227E-311
  0.51599999999806057       -1.4819154516584934E-311
  0.52199999999805724       -1.4808580826919777E-311
  0.52799999999805391       -1.4793020300959534E-311
  0.53399999999805059       -1.4772484888116628E-311
  0.53999999999804726       -1.4746988271030234E-311
  0.54599999999804394       -1.4716545853856919E-311
  0.55199999999804061       -1.4681174749775731E-311
  0.55799999999803729       -1.4640893767836161E-311
  0.56399999999803396       -1.4595723399129254E-311
  0.56999999999803064       -1.4545685802257133E-311
  0.57599999999802731       -1.4490804788140485E-311
  0.58199999999802399       -1.4431105804163988E-311
  0.58799999999802066       -1.4366615917709110E-311
  0.59399999999801734       -1.4297363798980381E-311
  0.59999999999801401       -1.4223379703303028E-311
  0.60599999999801069       -1.4144695452689377E-311
  0.61199999999800736       -1.4061344416945791E-311
  0.61799999999800403       -1.3973361494023674E-311
  0.62399999999800071       -1.3880783089960407E-311
  0.62999999999799738       -1.3783647098118710E-311
  0.63599999999799406       -1.3681992877966523E-311
  0.64199999999799073       -1.3575861233239304E-311
  0.64799999999798741       -1.3465294389662609E-311
  0.65399999999798408       -1.3350335972076852E-311
  0.65999999999798076       -1.3231030981132229E-311
  0.66599999999797743       -1.3107425769425348E-311
  0.67199999999797411       -1.2979568017250484E-311
  0.67799999999797078       -1.2847506707812313E-311
  0.68399999999796746       -1.2711292102038434E-311
  0.68999999999796413       -1.2570975712967018E-311
  0.69599999999796081       -1.2426610279684835E-311
  0.70199999999795748       -1.2278249740894749E-311
  0.70799999999795415       -1.2125949208097832E-311
  0.71399999999795083       -1.1969764938380227E-311
  0.71999999999794750       -1.1809754306883813E-311
  0.72599999999794418       -1.1645975778901374E-311
  0.73199999999794085       -1.1478488881650633E-311
  0.73799999999793753       -1.1307354175771601E-311
  0.74399999999793420       -1.1132633226502788E-311
  0.74999999999793088       -1.0954388574570858E-311
  0.75599999999792755       -1.0772683706848065E-311
  0.76199999999792423       -1.0587583026723143E-311
  0.76799999999792090       -1.0399151824299259E-311
  0.77399999999791758       -1.0207456246305422E-311
  0.77999999999791425       -1.0012563265854718E-311
  0.78599999999791093       -9.8145406520246958E-312
  0.79199999999790760       -9.6134569392154079E-312
  0.79799999999790427       -9.4093813964234735E-312
  0.80399999999790095       -9.2023839963234485E-312
  0.80999999999789762       -8.9925353842652057E-312
  0.81599999999789430       -8.7799068471428596E-312
  0.82199999999789097       -8.5645702821698166E-312
  0.82799999999788765       -8.3465981656241828E-312
  0.83399999999788432       -8.1260635214558328E-312
  0.83999999999788100       -7.9030398899231222E-312
  0.84599999999787767       -7.6776012961752535E-312
  0.85199999999787435       -7.4498222188000572E-312
  0.85799999999787102       -7.2197775584014161E-312
  0.86399999999786770       -6.9875426061964536E-312
  0.86999999999786437       -6.7531930126028394E-312
  0.87599999999786105       -6.5168047559347904E-312
  0.88199999999785772       -6.2784541111089528E-312
  0.88799999999785439       -6.0382176184441564E-312
  0.89399999999785107       -5.7961720525698634E-312
  0.89999999999784774       -5.5523943914037866E-312
  0.90599999999784442       -5.3069617852777276E-312
  0.91199999999784109       -5.0599515261770489E-312
  0.91799999999783777       -4.8114410171382484E-312
  0.92399999999783444       -4.5615077418046341E-312
  0.92999999999783112       -4.3102292341598628E-312
  0.93599999999782779       -4.0576830484245198E-312
  0.94199999999782447       -3.8039467291799700E-312
  0.94799999999782114       -3.5490977816997154E-312
  0.95399999999781782       -3.2932136424981420E-312
  0.95999999999781449       -3.0363716501114775E-312
  0.96599999999781117       -2.7786490161554262E-312
  0.97199999999780784       -2.5201227966100728E-312
  0.97799999999780451       -2.2608698633913462E-312
  0.98399999999780119       -2.0009668762386831E-312
  0.98999999999779786       -1.7404902548447861E-312
  0.99599999999779454       -1.4795161513164035E-312
   1.0019999999977913       -1.2181204229957789E-312
   1.0079999999977880       -9.5637860551925131E-313
   1.0139999999977847       -6.9436588630569241E-313
   1.0199999999977813       -4.3215707833644293E-313
   1.0259999999977780       -1.6982659433050127E-313
   1.0319999999977747        9.2551578749263809E-314
   1.0379999999977714        3.5490390477982605E-313
   1.0439999999977680        6.1715732318622462E-313
   1.0499999999977647        8.7923927325453455E-313
   1.0559999999977614        1.1410777180594660E-312
   1.0619999999977581        1.4026011679423636E-312
   1.0679999999977547        1.6637387035939537E-312
   1.0739999999977514        1.9244199987171353E-312
   1.0799999999977481        2.1845753422352310E-312
   1.0859999999977448        2.4441356600753410E-312
   1.0919999999977414        2.7030325364823355E-312
   1.0979999999977381        2.9611982349178314E-312
   1.1039999999977348        3.2185657184453405E-312
   1.1099999999977315        3.4750686697004035E-312
   1.1159999999977281        3.7306415103518351E-312
   1.1219999999977248        3.9852194201133708E-312
   1.1279999999977215        4.2387383552365432E-312
   1.1339999999977182        4.4911350665687822E-312
   1.1399999999977148        4.7423471170729823E-312
   1.1459999999977115        4.9923128988875891E-312
   1.1519999999977082        5.2409716498481554E-312
   1.1579999999977049        5.4882634695592957E-312
   1.1639999999977015        5.7341293349182292E-312
   1.1699999999976982        5.9785111151343758E-312
   1.1759999999976949        6.2213515862746478E-312
   1.1819999999976916        6.4625944452504494E-312
   1.1879999999976882        6.7021843233204899E-312
   1.1939999999976849        6.9400667990501261E-312
   1.1999999999976816        7.1761884108013417E-312
   1.2059999999976783        7.4104966686249075E-312
   1.2119999999976749        7.6429400657227040E-312
   1.2179999999976716        7.8734680893221068E-312
   1.2239999999976683        8.1020312310612460E-312
   1.2299999999976650        8.3285809968357349E-312
   1.2359999999976616        8.5530699161513325E-312
   1.2419999999976583        8.7754515509232526E-312
   1.2479999999976550        8.9956805037912886E-312
   1.2539999999976517        9.2137124258717038E-312
   1.2599999999976483        9.4295040240595212E-312
   1.2659999999976450        9.6430130677280539E-312
   1.2719999999976417        9.8541983950035388E-312
   1.2779999999976384        1.0063019918466654E-311
   1.2839999999976350        1.0269438630364912E-311
   1.2899999999976317        1.0473416607335927E-311
   1.2959999999976284        1.0674917014597089E-311
   1.3019999999976251        1.0873904109641180E-311
   1.3079999999976217        1.1070343245472500E-311
   1.3139999999976184        1.1264200873289644E-311
   1.3199999999976151        1.1455444544713740E-311
   1.3259999999976118        1.1644042913537440E-311
   1.3319999999976084        1.1829965736969963E-311
   1.3379999999976051        1.2013183876417725E-311
   1.3439999999976018        1.2193669297770890E-311
   1.3499999999975985        1.2371395071274918E-311
   1.3559999999975951        1.2546335370868515E-311
   1.3619999999975918        1.2718465473111510E-311
   1.3679999999975885        1.2887761755643372E-311
   1.3739999999975852        1.3054201695211887E-311
   1.3799999999975818        1.3217763865217651E-311
   1.3859999999975785        1.3378427932878134E-311
   1.3919999999975752        1.3536174655917441E-311
   1.3979999999975719        1.3690985878850937E-311
   1.4039999999975685        1.3842844528864740E-311
   1.4099999999975652        1.3991734611250555E-311
   1.4159999999975619        1.4137641204479837E-311
   1.4219999999975586        1.4280550454838243E-311
   1.4279999999975552        1.4420449570694466E-311
   1.4339999999975519        1.4557326816383703E-311
   1.4399999999975486        1.4691171505705754E-311
   1.4459999999975452        1.4821973995057506E-311
   1.4519999999975419        1.4949725676214635E-311
   1.4579999999975386        1.5074418968732878E-311
   1.4639999999975353        1.5196047312042981E-311
   1.4699999999975319        1.5314605157145455E-311
   1.4759999999975286        1.5430087958048422E-311
   1.4819999999975253        1.5542492162820080E-311
   1.4879999999975220        1.5651815204354622E-311
   1.4939999999975186        1.5758055490831825E-311
   1.4999999999975153        1.5861212395850559E-311
   1.5059999999975120        1.5961286248315266E-311
   1.5119999999975087        1.6058278321996349E-311
   1.5179999999975053        1.6152190824833656E-311
   1.5239999999975020        1.6243026887978097E-311
   1.5299999999974987        1.6330790554556597E-311
   1.5359999999974954        1.6415486768204831E-311
   1.5419999999974920        1.6497121361362808E-311
   1.5479999999974887        1.6575701043288837E-311
   1.5539999999974854        1.6651233387915396E-311
   1.5599999999974821        1.6723726821457967E-311
   1.5659999999974787        1.6793190609771889E-311
   1.5719999999974754        1.6859634845605475E-311
   1.5779999999974721        1.6923070435561608E-311
   1.5839999999974688        1.6983509086950664E-311
   1.5899999999974654        1.7040963294411209E-311
   1.5959999999974621        1.7095446326417067E-311
   1.6019999999974588        1.7146972211576881E-311
   1.6079999999974555        1.7195555724820035E-311
   1.6139999999974521        1.7241212373434363E-311
   1.6199999999974488        1.7283958382935866E-311
   1.6259999999974455        1.7323810682874212E-311
   1.6319999999974422        1.7360786892465302E-311
   1.6379999999974388        1.7394905306149734E-311
   1.6439999999974355        1.7426184879037628E-311
   1.6499999999974322        1.7454645212244758E-311
   1.6559999999974289        1.7480306538194099E-311
   1.6619999999974255        1.7503189705779036E-311
   1.6679999999974222        1.7523316165506808E-311
   1.6739999999974189        1.7540707954543145E-311
   1.6799999999974156        1.7555387681732194E-311
   1.6859999999974122        1.7567378512571982E-311
   1.6919999999974089        1.7576704154105894E-311
   1.6979999999974056        1.7583388839853665E-311
   1.7039999999974023        1.7587457314658388E-311
   1.7099999999973989        1.7588934819558227E-311
   1.7159999999973956        1.7587847076633420E-311
   1.7219999999973923        1.7584220273833525E-311
   1.7279999999973890        1.7578081049854070E-311
   1.7339999999973856        1.7569456478993440E-311
   1.7399999999973823        1.7558374056024590E-311
   1.7459999999973790        1.7544861681116157E-311
   1.7519999999973757        1.7528947644778283E-311
   1.7579999999973723        1.7510660612838080E-311
   1.7639999999973690        1.7490029611469435E-311
   1.7699999999973657        1.7467084012272233E-311
   1.7759999999973624        1.7441853517425684E-311
   1.7819999999973590        1.7414368144851529E-311
   1.7879999999973557        1.7384658213540291E-311
   1.7939999999973524        1.7352754328857764E-311
   1.7999999999973491        1.7318687367989839E-311
   1.8059999999973457        1.7282488465471320E-311
   1.8119999999973424        1.7244188998788851E-311
   1.8179999999973391        1.7203820574072776E-311
   1.8239999999973358        1.7161415011952041E-311
   1.8299999999973324        1.7117004333433792E-311
   1.8359999999973291        1.7070620745950970E-311
   1.8419999999973258        1.7022296629533405E-311
   1.8479999999973225        1.6972064523062915E-311
   1.8539999999973191        1.6919957110676616E-311
   1.8599999999973158        1.6866007208323402E-311
   1.8659999999973125        1.6810247750409341E-311
   1.8719999999973091        1.6752711776625894E-311
   1.8779999999973058        1.6693432418906577E-311
   1.8839999999973025        1.6632442888526906E-311
   1.8899999999972992        1.6569776463357509E-311
   1.8959999999972958        1.6505466475290149E-311
   1.9019999999972925        1.6439546297797154E-311
   1.9079999999972892        1.6372049333673649E-311
   1.9139999999972859        1.6303009002932948E-311
   1.9199999999972825        1.6232458730879804E-311
   1.9259999999972792        1.6160431936361537E-311
   1.9319999999972759        1.6086962020147601E-311
   1.9379999999972726        1.6012082353580901E-311
   1.9439999999972692        1.5935826267288395E-311
   1.9499999999972659        1.5858227040188127E-311
   1.9559999999972626        1.5779317888600025E-311
   1.9619999999972593        1.5699131955588904E-311
   1.9679999999972559        1.5617702300465570E-311
   1.9739999999972526        1.5535061888510255E-311
   1.9799999999972493        1.5451243580854156E-311
   1.9859999999972460        1.5366280124593173E-311
   1.9919999999972426        1.5280204143064707E-311
   1.9979999999972393        1.5193048126341830E-311
   2.0039999999972360        1.5104844421905328E-311
   2.0099999999972327        1.5015625225547953E-311
   2.0159999999972293        1.4925422572441717E-311
   2.0219999999972260        1.4834268328442331E-311
   2.0279999999972227        1.4742194181561641E-311
   2.0339999999972194        1.4649231633682139E-311
   2.0399999999972160        1.4555411992424646E-311
   2.0459999999972127        1.4460766363277848E-311
   2.0519999999972094        1.4365325641890868E-311
   2.0579999999972061        1.4269120506578293E-311
   2.0639999999972027        1.4172181411037644E-311
   2.0699999999971994        1.4074538577289181E-311
   2.0759999999971961        1.3976221988758982E-311
   2.0819999999971928        1.3877261383653522E-311
   2.0879999999971894        1.3777686248467653E-311
   2.0939999999971861        1.3677525811724789E-311
   2.0999999999971828        1.3576809037924605E-311
   2.1059999999971795        1.3475564621683415E-311
   2.1119999999971761        1.3373820982077125E-311
   2.1179999999971728        1.3271606257206507E-311
   2.1239999999971695        1.3168948298925518E-311
   2.1299999999971662        1.3065874667791954E-311
   2.1359999999971628        1.2962412628235482E-311
   2.1419999999971595        1.2858589143883784E-311
   2.1479999999971562        1.2754430873096200E-311
   2.1539999999971529        1.2649964164734528E-311
   2.1599999999971495        1.2545215054047458E-311
   2.1659999999971462        1.2440209258841558E-311
   2.1719999999971429        1.2334972175756028E-311
   2.1779999999971396        1.2229528876779528E-311
   2.1839999999971362        1.2123904105954767E-311
   2.1899999999971329        1.2018122276236240E-311
   2.1959999999971296        1.1912207466555484E-311
   2.2019999999971263        1.1806183419079008E-311
   2.2079999999971229        1.1700073536609512E-311
   2.2139999999971196        1.1593900880204486E-311
   2.2199999999971163        1.1487688166952921E-311
   2.2259999999971130        1.1381457767929872E-311
   2.2319999999971096        1.1275231706319008E-311
   2.2379999999971063        1.1169031655703151E-311
   2.2439999999971030        1.1062878938557368E-311
   2.2499999999970997        1.0956794524835950E-311
   2.2559999999970963        1.0850799030811353E-311
   2.2619999999970930        1.0744912717987256E-311
   2.2679999999970897        1.0639155492248767E-311
   2.2739999999970864        1.0533546903116386E-311
   2.2799999999970830        1.0428106143158062E-311
   2.2859999999970797        1.0322852047598887E-311
   2.2919999999970764        1.0217803094009831E-311
   2.2979999999970731        1.0112977402199049E-311
   2.3039999999970697        1.0008392734231642E-311
   2.3099999999970664        9.9040664945630581E-312
   2.3159999999970631        9.8000157303552896E-312
   2.3219999999970597        9.6962571319067146E-312
   2.3279999999970564        9.5928070332005076E-312
   2.3339999999970531        9.4896814126111538E-312
   2.3399999999970498        9.3868958937295388E-312
   2.3459999999970464        9.2844657463016733E-312
   2.3519999999970431        9.1824058873057563E-312
   2.3579999999970398        9.0807308821478137E-312
   2.3639999999970365        8.9794549459512101E-312
   2.3699999999970331        8.8785919449943792E-312
   2.3759999999970298        8.7781553982325465E-312
   2.3819999999970265        8.6781584789577898E-312
   2.3879999999970232        8.5786140165233280E-312
   2.3939999999970198        8.4795344982061490E-312
   2.3999999999970165        8.3809320711585685E-312
   2.4059999999970132        8.2828185444586030E-312
   2.4119999999970099        8.1852053912492736E-312
   2.4179999999970065        8.0881037509816644E-312
   2.4239999999970032        7.9915244317222086E-312
   2.4299999999969999        7.8954779125884325E-312
   2.4359999999969966        7.7999743462341057E-312
   2.4419999999969932        7.7050235614332042E-312
   2.4479999999969899        7.6106350657132805E-312
   2.4539999999969866        7.5168180481123498E-312
   2.4599999999969833        7.4235813819851828E-312
   2.4659999999969799        7.3309336278540647E-312
   2.4719999999969766        7.2388830363682482E-312
   2.4779999999969733        7.1474375513177541E-312
   2.4839999999969700        7.0566048126965781E-312
   2.4899999999969666        6.9663921598153046E-312
   2.4959999999969633        6.8768066345372366E-312
   2.5019999999969600        6.7878549844700597E-312
   2.5079999999969567        6.6995436662909039E-312
   2.5139999999969533        6.6118788490862274E-312
   2.5199999999969500        6.5248664177411072E-312
   2.5259999999969467        6.4385119763729947E-312
   2.5319999999969434        6.3528208518297012E-312
   2.5379999999969400        6.2677980971873821E-312
   2.5439999999969367        6.1834484953176911E-312
   2.5499999999969334        6.0997765624895188E-312
   2.5559999999969301        6.0167865519806126E-312
   2.5619999999969267        5.9344824577484843E-312
   2.5679999999969234        5.8528680181062585E-312
   2.5739999999969201        5.7719467194380464E-312
   2.5799999999969168        5.6917217999390227E-312
   2.5859999999969134        5.6121962533653837E-312
   2.5919999999969101        5.5333728328238311E-312
   2.5979999999969068        5.4552540545561146E-312
   2.6039999999969035        5.3778422017630999E-312
   2.6099999999969001        5.3011393284140152E-312
   2.6159999999968968        5.2251472631051037E-312
   2.6219999999968935        5.1498676128836916E-312
   2.6279999999968902        5.0753017671167221E-312
   2.6339999999968868        5.0014509013592899E-312
   2.6399999999968835        4.9283159811935303E-312
   2.6459999999968802        4.8558977661267983E-312
   2.6519999999968769        4.7841968134354983E-312
   2.6579999999968735        4.7132134820533813E-312
   2.6639999999968702        4.6429479364104351E-312
   2.6699999999968669        4.5734001503211803E-312
   2.6759999999968636        4.5045699108186204E-312
   2.6819999999968602        4.4364568220030125E-312
   2.6879999999968569        4.3690603088906395E-312
   2.6939999999968536        4.3023796212181149E-312
   2.6999999999968503        4.2364138372812730E-312
   2.7059999999968469        4.1711618677197119E-312
   2.7119999999968436        4.1066224593062772E-312
   2.7179999999968403        4.0427941987217228E-312
   2.7239999999968370        3.9796755162947888E-312
   2.7299999999968336        3.9172646897422776E-312
   2.7359999999968303        3.8555598478844280E-312
   2.7419999999968270        3.7945589743257044E-312
   2.7479999999968237        3.7342599111355854E-312
   2.7539999999968203        3.6746603624848872E-312
   2.7599999999968170        3.6157578982672649E-312
   2.7659999999968137        3.5575499576960100E-312
   2.7719999999968103        3.5000338528662645E-312
   2.7779999999968070        3.4432067723024111E-312
   2.7839999999968037        3.3870657844659403E-312
   2.7899999999968004        3.3316078412188501E-312
   2.7959999999967970        3.2768297813166903E-312
   2.8019999999967937        3.2227283337731491E-312
   2.8079999999967904        3.1693001212987507E-312
   2.8139999999967871        3.1165416636110946E-312
   2.8199999999967837        3.0644493807846208E-312
   2.8259999999967804        3.0130195965163841E-312
   2.8319999999967771        2.9622485413967678E-312
   2.8379999999967738        2.9121323561060894E-312
   2.8439999999967704        2.8626670945963828E-312
   2.8499999999967671        2.8138487272336559E-312
   2.8559999999967638        2.7656731439055635E-312
   2.8619999999967605        2.7181361570895552E-312
   2.8679999999967571        2.6712335048666755E-312
   2.8739999999967538        2.6249608539156017E-312
   2.8799999999967505        2.5793138024671567E-312
   2.8859999999967472        2.5342878832044741E-312
   2.8919999999967438        2.4898785661335197E-312
   2.8979999999967405        2.4460812614140874E-312
   2.9039999999967372        2.4028913221463300E-312
   2.9099999999967339        2.3603040471128229E-312
   2.9159999999967305        2.3183146834811037E-312
   2.9219999999967272        2.2769184294815077E-312
   2.9279999999967239        2.2361104370059533E-312
   2.9339999999967206        2.1958858142017864E-312
   2.9399999999967172        2.1562396280013971E-312
   2.9459999999967139        2.1171669066320726E-312
   2.9519999999967106        2.0786626420369189E-312
   2.9579999999967073        2.0407217923155456E-312
   2.9639999999967039        2.0033392840807586E-312
   2.9699999999967006        1.9665100147658465E-312
   2.9759999999966973        1.9302288549318677E-312
   2.9819999999966940        1.8944906505008267E-312
   2.9879999999966906        1.8592902249295633E-312
   2.9939999999966873        1.8246223813984628E-312
