  0.10000000149011612       0.94287759309919139     
  0.10290000148862816       0.95306432695832732     
  0.10580000148714019       0.95963466785639584     
  0.10870000148565223       0.96241981292010836     
  0.11160000148416427       0.96127327911786331     
  0.11450000148267631       0.95607277329488494     
  0.11740000148118834       0.94672189871075074     
  0.12030000147970038       0.93315167949172417     
  0.12320000147821242       0.91532188602526854     
  0.12610000147672445       0.89322214612709083     
  0.12900000147523649       0.86687282877855010     
  0.13190000147374853       0.83632568933874729     
  0.13480000147226057       0.80166426735361240     
  0.13770000147077260       0.76300403038557463     
  0.14060000146928464       0.72049225964248709     
  0.14350000146779668       0.67430767556414939     
  0.14640000146630872       0.62465980389998310     
  0.14930000146482075       0.57178808515368496     
  0.15220000146333279       0.51596073255339192     
  0.15510000146184483       0.45747334590347988     
  0.15800000146035686       0.39664729076375665     
  0.16090000145886890       0.33382785436269002     
  0.16380000145738094       0.26938219146579939     
  0.16670000145589298       0.20369707507338305     
  0.16960000145440501       0.13717646830195415     
  0.17250000145291705        7.0238935102432412E-002
  0.17540000145142909        3.3149085803036282E-003
  0.17830000144994113       -6.3156163393436202E-002
  0.18120000144845316      -0.12872877485563120     
  0.18410000144696520      -0.19295439973108153     
  0.18700000144547724      -0.25538458976638428     
  0.18990000144398927      -0.31557411085714532     
  0.19280000144250131      -0.37308409615850480     
  0.19570000144101335      -0.42748519446462729     
  0.19860000143952539      -0.47836069257068980     
  0.20150000143803742      -0.52530959067713789     
  0.20440000143654946      -0.56794961034655400     
  0.20730000143506150      -0.60592011506463583     
  0.21020000143357354      -0.63888492407551023     
  0.21310000143208557      -0.66653500084591344     
  0.21600000143059761      -0.68859099825207482     
  0.21890000142910965      -0.70480564336870066     
  0.22180000142762168      -0.71496594556417581     
  0.22470000142613372      -0.71889521246541088     
  0.22760000142464576      -0.71645485924674324     
  0.23050000142315780      -0.70754599761972492     
  0.23340000142166983      -0.69211079185600854     
  0.23630000142018187      -0.67013357016756325     
  0.23920000141869391      -0.64164168080244843     
  0.24210000141720595      -0.60670608329720122     
  0.24500000141571798      -0.56544166646648186     
  0.24790000141423002      -0.51800728591554279     
  0.25080000141274206      -0.46460551514034093     
  0.25370000141125409      -0.40548210564222226     
  0.25660000140976613      -0.34092515293715453     
  0.25950000140827817      -0.27126396689008925     
  0.26240000140679021      -0.19686764645826924     
  0.26530000140530224      -0.11814336068609289     
  0.26820000140381428       -3.5534339658619060E-002
  0.27110000140232632        5.0482418911496379E-002
  0.27400000140083836       0.13939871972403192     
  0.27690000139935039       0.23067800666594515     
  0.27980000139786243       0.32375845420116534     
  0.28270000139637447       0.41805629897028057     
  0.28560000139488650       0.51296939487170301     
  0.28850000139339854       0.60788097255864348     
  0.29140000139191058       0.70216358196192796     
  0.29430000139042262       0.79518319416729877     
  0.29720000138893465       0.88630343676944212     
  0.30010000138744669       0.97488993472790075     
  0.30300000138595873        1.0603147267975261     
  0.30590000138447077        1.1419607258343099     
  0.30880000138298280        1.2192261897220713     
  0.31170000138149484        1.2915291683617269     
  0.31460000138000688        1.3583118911458603     
  0.31750000137851891        1.4190450586381231     
  0.32040000137703095        1.4732320018171539     
  0.32330000137554299        1.5204126722521771     
  0.32620000137405503        1.5601674269711854     
  0.32910000137256706        1.5921205725768766     
  0.33200000137107910        1.6159436343684781     
  0.33490000136959114        1.6313583178415048     
  0.33780000136810318        1.6381391319583856     
  0.34070000136661521        1.6361156459997226     
  0.34360000136512725        1.6251743546018809     
  0.34650000136363929        1.6052601287374715     
  0.34940000136215132        1.5763772338713127     
  0.35230000136066336        1.5385899002895425     
  0.35520000135917540        1.4920224346124500     
  0.35810000135768744        1.4368588657160632     
  0.36100000135619947        1.3733421226533280     
  0.36390000135471151        1.3017727466293243     
  0.36680000135322355        1.2225071435903565     
  0.36970000135173559        1.1359553884765865     
  0.37260000135024762        1.0425785966041925     
  0.37550000134875966       0.94288588192845824     
  0.37840000134727170       0.83743092603784575     
  0.38130000134578373       0.72680818558766835     
  0.38420000134429577       0.61164876945033020     
  0.38710000134280781       0.49261602009175731     
  0.39000000134131985       0.37040083653977124     
  0.39290000133983188       0.24571677875504758     
  0.39580000133834392       0.11929499522016530     
  0.39870000133685596       -8.1209828945626190E-003
  0.40160000133536800      -0.13578053656327554     
  0.40450000133388003      -0.26293129772724327     
  0.40740000133239207      -0.38882448700278976     
  0.41030000133090411      -0.51272020554942321     
  0.41320000132941614      -0.63389263721773925     
  0.41610000132792818      -0.75163511838562858     
  0.41900000132644022      -0.86526503459886983     
  0.42190000132495226      -0.97412850522700445     
  0.42480000132346429       -1.0776048197917325     
  0.42770000132197633       -1.1751105923833158     
  0.43060000132048837       -1.2661036036080335     
  0.43350000131900041       -1.3500863027619485     
  0.43640000131751244       -1.4266089463571336     
  0.43930000131602448       -1.4952723526899636     
  0.44220000131453652       -1.5557302557912405     
  0.44510000131304855       -1.6076912457904964     
  0.44800000131156059       -1.6509202864193078     
  0.45090000131007268       -1.6852398040314118     
  0.45380000130858472       -1.7105303460941956     
  0.45670000130709676       -1.7267308105743302     
  0.45960000130560880       -1.7338382509711454     
  0.46250000130412083       -1.7319072649206229     
  0.46540000130263287       -1.7210489772806608     
  0.46830000130114491       -1.7014296313990092     
  0.47120000129965700       -1.6732688048477660     
  0.47410000129816904       -1.6368372682753090     
  0.47700000129668108       -1.5924545081744546     
  0.47990000129519311       -1.5404859362943297     
  0.48280000129370515       -1.4813398101353976     
  0.48570000129221719       -1.4154638904672725     
  0.48860000129072922       -1.3433418631039815     
  0.49150000128924126       -1.2654895532689832     
  0.49440000128775330       -1.1824509617909957     
  0.49730000128626534       -1.0947941530999914     
  0.50020000128477737       -1.0031070255487007     
  0.50310000128328947      -0.90799299497578534     
  0.50600000128180145      -0.81006662265859120     
  0.50890000128031354      -0.70994921888042894     
  0.51180000127882552      -0.60826445326249590     
  0.51470000127733762      -0.50563400278474624     
  0.51760000127584971      -0.40267326804239134     
  0.52050000127436169      -0.29998718775268746     
  0.52340000127287378      -0.19816618083617388     
  0.52630000127138576       -9.7782244542270302E-002
  0.52920000126989786        6.1476393498968111E-004
  0.53210000126840984        9.6500636105826765E-002
  0.53500000126692193       0.18938008623622096     
  0.53790000126543402       0.27878976751190337     
  0.54080000126394601       0.36430100878950850     
  0.54370000126245810       0.44552225237015597     
  0.54660000126097008       0.52210117538741307     
  0.54950000125948217       0.59372647975191972     
  0.55240000125799416       0.66012933813307229     
  0.55530000125650625       0.72108448617454890     
  0.55820000125501823       0.77641095402150428     
  0.56110000125353032       0.82597243326518766     
  0.56400000125204230       0.86967727856334198     
  0.56690000125055440       0.90747814644562874     
  0.56980000124906649       0.93937127713179847     
  0.57270000124757847       0.96539542854196814     
  0.57560000124609045       0.98563047502509693     
  0.57850000124460255        1.0001956866327584     
  0.58140000124311464        1.0092477079771822     
  0.58430000124162662        1.0129782587905665     
  0.58720000124013860        1.0116115812011353     
  0.59010000123865070        1.0054016614148711     
  0.59300000123716279       0.99462925589580831     
  0.59590000123567477       0.97959875422983844     
  0.59880000123418675       0.96063491259759271     
  0.60170000123269884       0.93807949313565375     
  0.60460000123121094       0.91228784540132413     
  0.60750000122972292       0.88362546664931507     
  0.61040000122823490       0.85246457766035566     
  0.61330000122674699       0.81918075042009530     
  0.61620000122525909       0.78414962302764568     
  0.61910000122377107       0.74774373582038389     
  0.62200000122228305       0.71032952084695489     
  0.62490000122079514       0.67226447452382232     
  0.62780000121930724       0.63389454059997630     
  0.63070000121781922       0.59555172746534568     
  0.63360000121633120       0.55755198041378018     
  0.63650000121484329       0.52019332576077137     
  0.63940000121335538       0.48375429977461670     
  0.64230000121186737       0.44849267126771414     
  0.64520000121037935       0.41464446247623254     
  0.64810000120889144       0.38242326859831538     
  0.65100000120740353       0.35201987213160135     
  0.65390000120591552       0.32360214401877796     
  0.65680000120442750       0.29731521964269997     
  0.65970000120293959       0.27328193397548411     
  0.66260000120145168       0.25160349674069554     
  0.66550000119996366       0.23236038535100367     
  0.66840000119847565       0.21561343068661815     
  0.67130000119698774       0.20140506852636633     
  0.67420000119549983       0.18976072766977065     
  0.67710000119401181       0.18069032452264075     
  0.68000000119252380       0.17418983317914741     
  0.68290000119103589       0.17024289982925295     
  0.68580000118954798       0.16882247065120207     
  0.68870000118805996       0.16989240320428781     
  0.69160000118657194       0.17340903269754282     
  0.69450000118508404       0.17932266634648991     
  0.69740000118359613       0.18757898130508269     
  0.70030000118210811       0.19812030432817851     
  0.70320000118062009       0.21088675432889115     
  0.70610000117913219       0.22581723228670497     
  0.70900000117764428       0.24285024647312231     
  0.71190000117615626       0.26192456462505087     
  0.71480000117466824       0.28297968844312144     
  0.71770000117318034       0.30595614955245609     
  0.72060000117169243       0.33079562976750748     
  0.72350000117020441       0.35744091208235057     
  0.72640000116871639       0.38583567219824316     
  0.72930000116722848       0.41592412354055991     
  0.73220000116574058       0.44765053155185502     
  0.73510000116425256       0.48095861552771640     
  0.73800000116276454       0.51579085834532790     
  0.74090000116127663       0.55208774608738498     
  0.74380000115978873       0.58978696076075721     
  0.74670000115830071       0.62882255003371668     
  0.74960000115681269       0.66912409816021612     
  0.75250000115532478       0.71061592202659818     
  0.75540000115383688       0.75321631555600521     
  0.75830000115234886       0.79683686455832459     
  0.76120000115086084       0.84138185254647302     
  0.76410000114937293       0.88674777608853361     
  0.76700000114788502       0.93282298597189084     
  0.76990000114639701       0.97948746786794172     
  0.77280000114490899        1.0266127733571786     
  0.77570000114342108        1.0740621091608848     
  0.77860000114193317        1.1216905892868103     
  0.78150000114044516        1.1693456515925060     
  0.78440000113895714        1.2168676370626208     
  0.78730000113746923        1.2640905269454346     
  0.79020000113598132        1.3108428298572479     
  0.79310000113449330        1.3569486080960249     
  0.79600000113300529        1.4022286297586559     
  0.79890000113151738        1.4465016308755165     
  0.80180000113002947        1.4895856697014895     
  0.80470000112854145        1.5312995535684615     
  0.80760000112705344        1.5714643173370482     
  0.81050000112556553        1.6099047315047597     
  0.81340000112407762        1.6464508174460153     
  0.81630000112258960        1.6809393470808534     
  0.81920000112110158        1.7132153044910994     
  0.82210000111961368        1.7431332876146177     
  0.82500000111812577        1.7705588291333652     
  0.82790000111663775        1.7953696170052136     
  0.83080000111514973        1.8174565967439542     
  0.83370000111366183        1.8367249394915699     
  0.83660000111217392        1.8530948621128056     
  0.83950000111068590        1.8665022879318938     
  0.84240000110919788        1.8768993392792273     
  0.84530000110770998        1.8842546556751090     
  0.84820000110622207        1.8885535342001305     
  0.85110000110473405        1.8897978913392290     
  0.85400000110324603        1.8880060482919718     
  0.85690000110175812        1.8832123443695261     
  0.85980000110027022        1.8754665856061621     
  0.86270000109878220        1.8648333380602995     
  0.86560000109729418        1.8513910774308200     
  0.86850000109580627        1.8352312085374558     
  0.87140000109431837        1.8164569698822284     
  0.87430000109283035        1.7951822399008677     
  0.87720000109134233        1.7715302626123730     
  0.88010000108985442        1.7456323111706298     
  0.88300000108836652        1.7176263083089729     
  0.88590000108687850        1.6876554228468561     
  0.88880000108539048        1.6558666613028314     
  0.89170000108390257        1.6224094732400547     
  0.89460000108241466        1.5874343882747075     
  0.89750000108092665        1.5510917017230812     
  0.90040000107943863        1.5135302246727360     
  0.90330000107795072        1.4748961128631355     
  0.90620000107646281        1.4353317871803970     
  0.90910000107497480        1.3949749568400522     
  0.91200000107348678        1.3539577544833981     
  0.91490000107199887        1.3124059904800711     
  0.91780000107051096        1.2704385317456006     
  0.92070000106902294        1.2281668083805946     
  0.92360000106753493        1.1856944494502810     
  0.92650000106604702        1.1431170472800747     
  0.92940000106455911        1.1005220477735200     
  0.93230000106307109        1.0579887624900761     
  0.93520000106158307        1.0155884965758515     
  0.93810000106009517       0.97338478514145299     
  0.94100000105860726       0.93143372934584578     
  0.94390000105711924       0.88978442228797183     
  0.94680000105563122       0.84847945384020051     
  0.94970000105414332       0.80755548278731204     
  0.95260000105265541       0.76704386406596081     
  0.95550000105116739       0.72697131853359043     
  0.95840000104967937       0.68736063253038238     
  0.96130000104819147       0.64823137452780866     
  0.96420000104670356       0.60960061637481766     
  0.96710000104521554       0.57148364704707166     
  0.97000000104372752       0.53389466736311997     
  0.97290000104223961       0.49684745483936310     
  0.97580000104075171       0.46035598869659344     
  0.97870000103926369       0.42443502598732846     
  0.98160000103777567       0.38910062086631153     
  0.98450000103628776       0.35437058015741985     
  0.98740000103479986       0.32026484955908924     
  0.99030000103331184       0.28680582605792393     
  0.99320000103182382       0.25401859336715243     
  0.99610000103033591       0.22193107845445154     
  0.99900000102884801       0.19057412845469424     
   1.0019000010273600       0.15998150846067150     
   1.0048000010258722       0.13018982183337946     
   1.0077000010243842       0.10123835575903076     
   1.0106000010228962        7.3168855790087570E-002
   1.0135000010214084        4.6025234031457751E-002
   1.0164000010199206        1.9853216461441604E-002
   1.0193000010184325       -5.3000643973428428E-003
   1.0222000010169445       -2.9386524624625689E-002
   1.0251000010154567       -5.2357624529428173E-002
   1.0280000010139689       -7.4164897029651178E-002
   1.0309000010124809       -9.4760500781464779E-002
   1.0338000010109929      -0.11409778989459116     
   1.0367000010095051      -0.13213189202025766     
   1.0396000010080173      -0.14882028665723607     
   1.0425000010065293      -0.16412337568305882     
   1.0454000010050413      -0.17800503837611856     
   1.0483000010035535      -0.19043316354298401     
   1.0512000010020657      -0.20138015179606694     
   1.0541000010005777      -0.21082338153134630     
   1.0570000009990896      -0.21874563272522712     
   1.0599000009976018      -0.22513546329445303     
   1.0628000009961140      -0.22998753343374481     
   1.0657000009946260      -0.23330287405277869     
   1.0686000009931380      -0.23508909616762652     
   1.0715000009916502      -0.23536053885223629     
   1.0744000009901624      -0.23413835411364739     
   1.0773000009886744      -0.23145052781136757     
   1.0802000009871864      -0.22733183648806182     
   1.0831000009856986      -0.22182374070734576     
   1.0860000009842108      -0.21497421619733631     
   1.0889000009827228      -0.20683752476878639     
   1.0918000009812348      -0.19747392760771704     
   1.0947000009797470      -0.18694934412876574     
   1.0976000009782592      -0.17533496011206684     
   1.1005000009767711      -0.16270678932904239     
   1.1034000009752831      -0.14914519328756604     
   1.1063000009737953      -0.13473436409170977     
   1.1092000009723075      -0.11956177571368770     
   1.1121000009708195      -0.10371760921430960     
   1.1150000009693315       -8.7294157622617802E-002
   1.1179000009678437       -7.0385216295482306E-002
   1.1208000009663559       -5.3085464624420403E-002
   1.1237000009648679       -3.5489844941189473E-002
   1.1266000009633799       -1.7692944397617469E-002
   1.1295000009618921        2.1161453877967208E-004
   1.1324000009604043        1.8131769520678569E-002
   1.1353000009589163        3.5977594475853046E-002
   1.1382000009574282        5.3661851556528722E-002
   1.1411000009559404        7.1100514289801339E-002
   1.1440000009544526        8.8213257705860734E-002
   1.1469000009529646       0.10492391162482652     
   1.1498000009514766       0.12116087371619294     
   1.1527000009499888       0.13685747940183543     
   1.1556000009485010       0.15195232614916906     
   1.1585000009470130       0.16638955018991811     
   1.1614000009455250       0.18011905419673854     
   1.1643000009440372       0.19309668494954937     
   1.1672000009425494       0.20528436052040225     
   1.1701000009410614       0.21665014699544341     
   1.1730000009395734       0.22716828522978755     
   1.1759000009380856       0.23681916859179125     
   1.1788000009365978       0.24558927309260101     
   1.1817000009351097       0.25347104171143109     
   1.1846000009336217       0.26046272511278412     
   1.1875000009321339       0.26656818130597770     
   1.1904000009306461       0.27179663711671059     
   1.1933000009291581       0.27616241462293378     
   1.1962000009276701       0.27968462595082183     
   1.1991000009261823       0.28238684002993814     
   1.2020000009246945       0.28429672506849785     
   1.2049000009232065       0.28544567062969545     
   1.2078000009217185       0.28586839326801933     
   1.2107000009202307       0.28560252972094829     
   1.2136000009187429       0.28468822164699109     
   1.2165000009172549       0.28316769585709300     
   1.2194000009157668       0.28108484390446775     
   1.2223000009142790       0.27848480477990262     
   1.2252000009127912       0.27541355430798703     
   1.2281000009113032       0.27191750465682296     
   1.2310000009098152       0.26804311716283524     
   1.2339000009083274       0.26383653143602492     
   1.2368000009068396       0.25934321345298200     
   1.2397000009053516       0.25460762506832368     
   1.2426000009038636       0.24967291708376582     
   1.2455000009023758       0.24458064771094970     
   1.2484000009008880       0.23937052795341957     
   1.2513000008994000       0.23408019511792563     
   1.2542000008979119       0.22874501534935562     
   1.2571000008964242       0.22339791577008816     
   1.2600000008949364       0.21806924649696549     
   1.2629000008934483       0.21278667251020433     
   1.2658000008919603       0.20757509506139296     
   1.2687000008904725       0.20245660203480759     
   1.2716000008889847       0.19745044642003101     
   1.2745000008874967       0.19257305181631917     
   1.2774000008860087       0.18783804367215590     
   1.2803000008845209       0.18325630476852170     
   1.2832000008830331       0.17883605328265303     
   1.2861000008815451       0.17458294162156981     
   1.2890000008800571       0.17050017409176721     
   1.2919000008785693       0.16658864137373433     
   1.2948000008770815       0.16284706969712387     
   1.2977000008755935       0.15927218256442169     
   1.3006000008741054       0.15585887284706743     
   1.3035000008726176       0.15260038307755869     
   1.3064000008711298       0.14948849178295745     
   1.3093000008696418       0.14651370374827224     
   1.3122000008681538       0.14366544216092436     
   1.3151000008666660       0.14093224066843543     
   1.3180000008651782       0.13830193347874203     
   1.3209000008636902       0.13576184174454145     
   1.3238000008622022       0.13329895459767749     
   1.3267000008607144       0.13090010333503588     
   1.3296000008592266       0.12855212740161229     
   1.3325000008577386       0.12624203096746295     
   1.3354000008562505       0.12395712905109037     
   1.3383000008547628       0.12168518230063302     
   1.3412000008532750       0.11941451970408472     
   1.3441000008517869       0.11713414865890598     
   1.3470000008502989       0.11483385198817798     
   1.3499000008488111       0.11250427164323572     
   1.3528000008473233       0.11013697898016403     
   1.3557000008458353       0.10772453163824149     
   1.3586000008443473       0.10526051718132119     
   1.3615000008428595       0.10273958378713119     
   1.3644000008413717       0.10015745838381218     
   1.3673000008398837        9.7510952736884468E-002
   1.3702000008383957        9.4797958082813827E-002
   1.3731000008369079        9.2017428986943414E-002
   1.3760000008354201        8.9169357173603761E-002
   1.3789000008339320        8.6254736134586410E-002
   1.3818000008324440        8.3275517368900237E-002
   1.3847000008309562        8.0234559142005363E-002
   1.3876000008294684        7.7135568676839156E-002
   1.3905000008279804        7.3983038702258183E-002
   1.3934000008264924        7.0782179287592562E-002
   1.3963000008250046        6.7538845885324661E-002
   1.3992000008235168        6.4259464488221035E-002
   1.4021000008220288        6.0950954783184255E-002
   1.4050000008205408        5.7620652152467811E-002
   1.4079000008190530        5.4276229334521579E-002
   1.4108000008175652        5.0925618512358405E-002
   1.4137000008160772        4.7576934547908983E-002
   1.4166000008145891        4.4238400027090036E-002
   1.4195000008131013        4.0918272723179383E-002
   1.4224000008116136        3.7624776026329181E-002
   1.4253000008101255        3.4366032825496037E-002
   1.4282000008086375        3.1150003266452470E-002
   1.4311000008071497        2.7984426746634733E-002
   1.4340000008056619        2.4876768445017239E-002
   1.4369000008041739        2.1834170623655929E-002
   1.4398000008026859        1.8863408877558250E-002
   1.4427000008011981        1.5970853451666139E-002
   1.4456000007997103        1.3162435688423364E-002
   1.4485000007982223        1.0443619617060407E-002
   1.4514000007967343        7.8193786467021121E-003
   1.4543000007952465        5.2941772799768236E-003
   1.4572000007937587        2.8719577222043238E-003
   1.4601000007922706        5.5613122362458030E-004
   1.4630000007907826       -1.6504260413715776E-003
   1.4659000007892948       -3.7453727833942703E-003
   1.4688000007878070       -5.7268983461396597E-003
   1.4717000007863190       -7.5937146649805408E-003
   1.4746000007848310       -9.3450447246058391E-003
   1.4775000007833432       -1.0980607817259687E-002
   1.4804000007818554       -1.2500601912356791E-002
   1.4833000007803674       -1.3905683453842719E-002
   1.4862000007788794       -1.5196944903862485E-002
   1.4891000007773916       -1.6375890350285686E-002
   1.4920000007759038       -1.7444409491705504E-002
   1.4949000007744158       -1.8404750306874721E-002
   1.4978000007729277       -1.9259490706498995E-002
   1.5007000007714399       -2.0011509454080631E-002
   1.5036000007699519       -2.0663956629424961E-002
   1.5065000007684639       -2.1220223893711393E-002
   1.5094000007669759       -2.1683914798994883E-002
   1.5123000007654879       -2.2058815367875340E-002
   1.5152000007639999       -2.2348865151127946E-002
   1.5181000007625118       -2.2558128952542368E-002
   1.5210000007610238       -2.2690769391318907E-002
   1.5239000007595358       -2.2751020453327594E-002
   1.5268000007580478       -2.2743162163530596E-002
   1.5297000007565598       -2.2671496493112397E-002
   1.5326000007550717       -2.2540324596482881E-002
   1.5355000007535837       -2.2353925455497987E-002
   1.5384000007520957       -2.2116535991082039E-002
   1.5413000007506077       -2.1832332686067234E-002
   1.5442000007491197       -2.1505414747565222E-002
   1.5471000007476317       -2.1139788822651870E-002
   1.5500000007461436       -2.0739355267616808E-002
   1.5529000007446556       -2.0307895958570864E-002
   1.5558000007431676       -1.9849063619835964E-002
   1.5587000007416796       -1.9366372636283866E-002
   1.5616000007401916       -1.8863191306649523E-002
   1.5645000007387035       -1.8342735486807635E-002
   1.5674000007372155       -1.7808063565067443E-002
   1.5703000007357275       -1.7262072705649598E-002
   1.5732000007342395       -1.6707496291675100E-002
   1.5761000007327515       -1.6146902495120002E-002
   1.5790000007312635       -1.5582693898273603E-002
   1.5819000007297754       -1.5017108089195676E-002
   1.5848000007282874       -1.4452219152451561E-002
   1.5877000007267994       -1.3889939975961763E-002
   1.5906000007253114       -1.3332025295055415E-002
   1.5935000007238234       -1.2780075395712681E-002
   1.5964000007223353       -1.2235540400454183E-002
   1.5993000007208473       -1.1699725062312896E-002
   1.6022000007193593       -1.1173793994755217E-002
   1.6051000007178713       -1.0658777268229065E-002
   1.6080000007163833       -1.0155576307156834E-002
   1.6109000007148953       -9.6649700245973885E-003
   1.6138000007134072       -9.1876211354185167E-003
   1.6167000007119192       -8.7240825926051188E-003
   1.6196000007104312       -8.2748040952180541E-003
   1.6225000007089432       -7.8401386204806495E-003
   1.6254000007074552       -7.4203489364589158E-003
   1.6283000007059671       -7.0156140557739582E-003
   1.6312000007044791       -6.6260355947197133E-003
   1.6341000007029911       -6.2516440060125852E-003
   1.6370000007015031       -5.8924046571533686E-003
   1.6399000007000151       -5.5482237300115674E-003
   1.6428000006985271       -5.2189539207249617E-003
   1.6457000006970390       -4.9043999223306106E-003
   1.6486000006955510       -4.6043236756923376E-003
   1.6515000006940630       -4.3184493772531665E-003
   1.6544000006925750       -4.0464682349135679E-003
   1.6573000006910870       -3.7880429659115683E-003
   1.6602000006895989       -3.5428120329542264E-003
   1.6631000006881109       -3.3103936170265553E-003
   1.6660000006866229       -3.0903893272784429E-003
   1.6689000006851349       -2.8823876501697437E-003
   1.6718000006836469       -2.6859671416423194E-003
   1.6747000006821589       -2.5006993674904906E-003
   1.6776000006806708       -2.3261515983251753E-003
   1.6805000006791828       -2.1618892665799258E-003
   1.6834000006776948       -2.0074781938985140E-003
   1.6863000006762068       -1.8624865979815831E-003
   1.6892000006747188       -1.7264868885638108E-003
   1.6921000006732307       -1.5990572626545766E-003
   1.6950000006717427       -1.4797831095123485E-003
   1.6979000006702547       -1.3682582360466751E-003
   1.7008000006687667       -1.2640859234626222E-003
   1.7037000006672787       -1.1668798259896309E-003
   1.7066000006657907       -1.0762647224797422E-003
   1.7095000006643026       -9.9187713152937111E-004
   1.7124000006628146       -9.1336580058203629E-004
   1.7153000006613266       -8.4039207921627495E-004
   1.7182000006598386       -7.7263018652074531E-004
   1.7211000006583506       -7.0976738211589083E-004
   1.7240000006568625       -6.5150405000493402E-004
   1.7269000006553745       -5.9755370403325890E-004
   1.7298000006538865       -5.4764292331135325E-004
   1.7327000006523985       -5.0151122551680819E-004
   1.7356000006509105       -4.5891088554210702E-004
   1.7385000006494225       -4.1960670650037090E-004
   1.7414000006479344       -3.8337574964620571E-004
   1.7443000006464464       -3.5000702931638211E-004
   1.7472000006449584       -3.1930117854866969E-004
   1.7501000006434704       -2.9107009059998416E-004
   1.7530000006419824       -2.6513654115897941E-004
   1.7559000006404943       -2.4133379563582961E-004
   1.7588000006390063       -2.1950520551475668E-004
   1.7617000006375183       -1.9950379737429606E-004
   1.7646000006360303       -1.8119185781725571E-004
   1.7675000006345423       -1.6444051720803911E-004
   1.7704000006330542       -1.4912933478951562E-004
   1.7733000006315662       -1.3514588744566118E-004
   1.7762000006300782       -1.2238536408962903E-004
   1.7791000006285902       -1.1075016738980844E-004
   1.7820000006271022       -1.0014952429858913E-004
   1.7849000006256142       -9.0499106619441021E-005
   1.7878000006241261       -8.1720662637340232E-005
   1.7907000006226381       -7.3741660644743471E-005
   1.7936000006211501       -6.6494945019619935E-005
   1.7965000006196621       -5.9918405352904886E-005
   1.7994000006181741       -5.3954658979200620E-005
   1.8023000006166860       -4.8550747135933187E-005
   1.8052000006151980       -4.3657844861607865E-005
   1.8081000006137100       -3.9230984642438875E-005
   1.8110000006122220       -3.5228793727652711E-005
   1.8139000006107340       -3.1613244956254313E-005
   1.8168000006092460       -2.8349420871262817E-005
   1.8197000006077579       -2.5405290840471777E-005
   1.8226000006062699       -2.2751500854885800E-005
   1.8255000006047819       -2.0361175636401406E-005
   1.8284000006032939       -1.8209732654221743E-005
   1.8313000006018059       -1.6274707624271909E-005
   1.8342000006003178       -1.4535591046800175E-005
   1.8371000005988298       -1.2973675323791403E-005
   1.8400000005973418       -1.1571911989165427E-005
   1.8429000005958538       -1.0314778580424893E-005
   1.8458000005943658       -9.1881546799327239E-006
   1.8487000005928778       -8.1792066568353168E-006
   1.8516000005913897       -7.2762806463573501E-006
   1.8545000005899017       -6.4688033113665684E-006
   1.8574000005884137       -5.7471899413433825E-006
   1.8603000005869257       -5.1027594558568912E-006
   1.8632000005854377       -4.5276558930206505E-006
   1.8661000005839496       -4.0147759778930434E-006
   1.8690000005824616       -3.5577023811455409E-006
   1.8719000005809736       -3.1506422943100889E-006
   1.8748000005794856       -2.7883709643383248E-006
   1.8777000005779976       -2.4661798468757263E-006
   1.8806000005765096       -2.1798290544145612E-006
   1.8835000005750215       -1.9255037922076525E-006
   1.8864000005735335       -1.6997744913789497E-006
   1.8893000005720455       -1.4995603649570973E-006
   1.8922000005705575       -1.3220961285000319E-006
   1.8951000005690695       -1.1649016425021888E-006
   1.8980000005675814       -1.0257542488228057E-006
   1.9009000005660934       -9.0266358789930335E-007
   1.9038000005646054       -7.9384869747863086E-007
   1.9067000005631174       -6.9771720698620115E-007
   1.9096000005616294       -6.1284645443815494E-007
   1.9125000005601414       -5.3796636497945801E-007
   1.9154000005586533       -4.7194394169232141E-007
   1.9183000005571653       -4.1376923026906684E-007
   1.9212000005556773       -3.6254262948616597E-007
   1.9241000005541893       -3.1746342916270744E-007
   1.9270000005527013       -2.7781946644942658E-007
   1.9299000005512132       -2.4297779989019831E-007
   1.9328000005497252       -2.1237630874480931E-007
   1.9357000005482372       -1.8551613257964167E-007
   1.9386000005467492       -1.6195487314266850E-007
   1.9415000005452612       -1.4130048706371127E-007
   1.9444000005437732       -1.2320580398208327E-007
   1.9473000005422851       -1.0736361032551709E-007
   1.9502000005407971       -9.3502244169092973E-008
   1.9531000005393091       -8.1381651414348889E-008
   1.9560000005378211       -7.0789857969204001E-008
   1.9589000005363331       -6.1539816701362181E-008
   1.9618000005348450       -5.3466591702973088E-008
   1.9647000005333570       -4.6424845863781529E-008
   1.9676000005318690       -4.0286600923950322E-008
   1.9705000005303810       -3.4939242085817484E-008
   1.9734000005288930       -3.0283741924691888E-008
   1.9763000005274050       -2.6233080770149143E-008
   1.9792000005259169       -2.2710842948151148E-008
   1.9821000005244289       -1.9649970296629037E-008
   1.9850000005229409       -1.6991656208049391E-008
   1.9879000005214529       -1.4684365126198959E-008
   1.9908000005199649       -1.2682963944280840E-008
   1.9937000005184768       -1.0947953129971917E-008
   1.9966000005169888       -9.4447866520000485E-009
   1.9995000005155008       -8.1432709129861624E-009
   2.0024000005140126       -7.0170339148965733E-009
   2.0053000005125248       -6.0430568058582038E-009
   2.0082000005110370       -5.2012607890568332E-009
   2.0111000005095487       -4.4741431240017648E-009
   2.0140000005080605       -3.8464566250652155E-009
   2.0169000005065727       -3.3049276687378078E-009
   2.0198000005050849       -2.8380082657993996E-009
   2.0227000005035967       -2.4356582433803243E-009
   2.0256000005021084       -2.0891540199898411E-009
   2.0285000005006206       -1.7909208488884789E-009
   2.0314000004991328       -1.5343857561117524E-009
   2.0343000004976446       -1.3138487130827870E-009
   2.0372000004961563       -1.1243698637685674E-009
   2.0401000004946686       -9.6167087610809127E-010
   2.0430000004931808       -8.2204871002657505E-010
   2.0459000004916925       -7.0230029252250650E-010
   2.0488000004902043       -5.9965676658956200E-010
   2.0517000004887165       -5.1172613738959999E-010
   2.0546000004872287       -4.3644327818407006E-010
   2.0575000004857404       -3.7202638191794834E-010
   2.0604000004842522       -3.1693905370889516E-010
   2.0633000004827644       -2.6985733633389037E-010
   2.0662000004812766       -2.2964104648501212E-010
   2.0691000004797884       -1.9530887530557647E-010
   2.0720000004783001       -1.6601677361328973E-010
   2.0749000004768123       -1.4103920125090335E-010
   2.0778000004753245       -1.1975287205697140E-010
   2.0807000004738363       -1.0162267180695419E-010
   2.0836000004723481       -8.6189466841621238E-011
   2.0865000004708603       -7.3059556603659564E-011
   2.0894000004693725       -6.1895554504752221E-011
   2.0923000004678842       -5.2408508943309127E-011
   2.0952000004663960       -4.4351100331545521E-011
   2.0981000004649082       -3.7511771064871009E-011
   2.1010000004634204       -3.1709663827255096E-011
   2.1039000004619322       -2.6790259784641295E-011
   2.1068000004604439       -2.2621622350705659E-011
   2.1097000004589561       -1.9091164559569333E-011
   2.1126000004574683       -1.6102868864803898E-011
   2.1155000004559801       -1.3574897594415057E-011
   2.1184000004544918       -1.1437540496226218E-011
   2.1213000004530040       -9.6314529562522675E-012
   2.1242000004515162       -8.1061446955395004E-012
   2.1271000004500280       -6.8186841642442312E-012
   2.1300000004485398       -5.7325885572154503E-012
   2.1329000004470520       -4.8168734625011828E-012
   2.1358000004455642       -4.0452397016611766E-012
   2.1387000004440759       -3.3953779974851691E-012
   2.1416000004425877       -2.8483747712202194E-012
   2.1445000004410999       -2.3882046806795426E-012
   2.1474000004396121       -2.0012975090496464E-012
   2.1503000004381239       -1.6761687424091576E-012
   2.1532000004366356       -1.4031046673882006E-012
   2.1561000004351478       -1.1738941099965039E-012
   2.1590000004336600       -9.8160004945459051E-013
   2.1619000004321718       -8.2036530042180999E-013
   2.1648000004306835       -6.8524728385019245E-013
   2.1677000004291958       -5.7207761865346833E-013
   2.1706000004277080       -4.7734287899861573E-013
   2.1735000004262197       -3.9808338879230860E-013
   2.1764000004247315       -3.3180737756394928E-013
   2.1793000004232437       -2.7641821060278359E-013
   2.1822000004217559       -2.3015273970011277E-013
   2.1851000004202676       -1.9152910681105386E-013
   2.1880000004187794       -1.5930257798854414E-013
   2.1909000004172916       -1.3242819476943247E-013
   2.1938000004158038       -1.1002920974504222E-013
   2.1967000004143156       -9.1370426590896632E-014
   2.1996000004128273       -7.5835696040909241E-014
   2.2025000004113395       -6.2908931342988332E-014
   2.2054000004098517       -5.2158102358808141E-014
   2.2083000004083635       -4.3221749023616197E-014
   2.2112000004068753       -3.5797624387190257E-014
   2.2141000004053875       -2.9633136654650194E-014
   2.2170000004038997       -2.4517310031136921E-014
   2.2199000004024114       -2.0274027030829210E-014
   2.2228000004009232       -1.6756351339372045E-014
   2.2257000003994354       -1.3841761263332399E-014
   2.2286000003979476       -1.1428150069161485E-014
   2.2315000003964593       -9.4304717992575328E-015
   2.2344000003949711       -7.7779300459796932E-015
   2.2373000003934833       -6.4116231717011005E-015
   2.2402000003919955       -5.2825730163146829E-015
   2.2431000003905073       -4.3500756018060094E-015
   2.2460000003890190       -3.5803220411370935E-015
   2.2489000003875312       -2.9452460538535463E-015
   2.2518000003860434       -2.4215614118874172E-015
   2.2547000003845552       -1.9899584803442825E-015
   2.2576000003830670       -1.6344339449555363E-015
   2.2605000003815792       -1.3417319708610802E-015
   2.2634000003800914       -1.1008785358164473E-015
   2.2663000003786031       -9.0279362610280739E-016
   2.2692000003771149       -7.3996846128926136E-016
   2.2721000003756271       -6.0619699739876757E-016
   2.2750000003741393       -4.9635270866555143E-016
   2.2779000003726511       -4.0620311817457735E-016
   2.2808000003711628       -3.3225578143238673E-016
   2.2837000003696750       -2.7163046168516428E-016
   2.2866000003681872       -2.2195310313450101E-016
   2.2895000003666990       -1.8126793474611403E-016
   2.2924000003652107       -1.4796464558131719E-016
   2.2953000003637229       -1.2071808145779202E-016
   2.2982000003622352       -9.8438338235329402E-017
   2.3011000003607469       -8.0229482570549858E-017
   2.3040000003592587       -6.5355427907453536E-017
   2.3069000003577709       -5.3211741284255311E-017
   2.3098000003562831       -4.3302363237701090E-017
   2.3127000003547948       -3.5220395390551203E-017
   2.3156000003533066       -2.8632253853008394E-017
   2.3185000003518188       -2.3264606082691027E-017
   2.3214000003503310       -1.8893608293639967E-017
   2.3243000003488428       -1.5336043202749253E-017
   2.3272000003473545       -1.2442026631344378E-017
   2.3301000003458667       -1.0089008565670512E-017
   2.3330000003443789       -8.1768416670096129E-018
   2.3359000003428907       -6.6237295344720728E-018
   2.3388000003414025       -5.3628996177630022E-018
   2.3417000003399147       -4.3398726854115736E-018
   2.3446000003384269       -3.5102231201907007E-018
   2.3475000003369386       -2.8377428246340396E-018
   2.3504000003354504       -2.2929368310937791E-018
   2.3533000003339626       -1.8517913683012380E-018
   2.3562000003324748       -1.4947655937672355E-018
   2.3591000003309865       -1.2059668359693832E-018
   2.3620000003294983       -9.7247631566089587E-019
   2.3649000003280105       -7.8379819216142708E-019
   2.3678000003265227       -6.3140962421983475E-019
   2.3707000003250345       -5.0839352516044107E-019
   2.3736000003235462       -4.0913897706343703E-019
   2.3765000003220584       -3.2909697171027030E-019
   2.3794000003205706       -2.6458136879345590E-019
   2.3823000003190824       -2.1260678870425799E-019
   2.3852000003175942       -1.7075665774095437E-019
   2.3881000003161064       -1.3707585539188042E-019
   2.3910000003146186       -1.0998342398324480E-019
   2.3939000003131303       -8.8201629678920644E-020
   2.3968000003116421       -7.0698342942369224E-020
   2.3997000003101543       -5.6640262798543516E-020
   2.4026000003086665       -4.5354964545440950E-020
   2.4055000003071783       -3.6300123057648025E-020
   2.4084000003056900       -2.9038568388924429E-020
   2.4113000003042022       -2.3218079263408364E-020
   2.4142000003027144       -1.8555023310426455E-020
   2.4171000003012262       -1.4821118813046853E-020
   2.4200000002997379       -1.1832728092149242E-020
   2.4229000002982501       -9.4422030037229625E-021
   2.4258000002967623       -7.5308929526388019E-021
   2.4287000002952741       -6.0034990624032195E-021
   2.4316000002937859       -4.7835177512111096E-021
   2.4345000002922981       -3.8095654577789144E-021
   2.4374000002908103       -3.0324156873185114E-021
   2.4403000002893220       -2.4126115857345969E-021
   2.4432000002878338       -1.9185432689730707E-021
   2.4461000002863460       -1.5249002534025877E-021
   2.4490000002848582       -1.2114264653731237E-021
   2.4519000002833700       -9.6191919852198219E-022
   2.4548000002818817       -7.6342464316792282E-022
   2.4577000002803939       -6.0559172791707505E-022
   2.4606000002789061       -4.8015339217431881E-022
   2.4635000002774179       -3.8051037737337425E-022
   2.4664000002759296       -3.0139745097253645E-022
   2.4693000002744419       -2.3861587728526093E-022
   2.4722000002729541       -1.8881909903886970E-022
   2.4751000002714658       -1.4934113608951198E-022
   2.4780000002699776       -1.1805925892469277E-022
   2.4809000002684898       -9.3284148496306810E-023
   2.4838000002670020       -7.3672086766843527E-023
   2.4867000002655137       -5.8154795860750479E-023
   2.4896000002640255       -4.5883407877482699E-023
   2.4925000002625377       -3.6183742687107170E-023
   2.4954000002610499       -2.8520630099907266E-023
   2.4983000002595617       -2.2469462112395243E-023
   2.5012000002580739       -1.7693521835588522E-023
   2.5041000002565861       -1.3925925445295104E-023
   2.5070000002550983       -1.0955245966796672E-023
   2.5099000002536105       -8.6140741335031457E-024
   2.5128000002521227       -6.7699209800697059E-024
   2.5157000002506349       -5.3179865262918984E-024
   2.5186000002491471       -4.1754147404103023E-024
   2.5215000002476593       -3.2767316555349504E-024
   2.5244000002461715       -2.5702248432890766E-024
   2.5273000002446837       -2.0150714725779110E-024
   2.5302000002431959       -1.5790613469963414E-024
   2.5331000002417081       -1.2367925873926307E-024
   2.5360000002402203       -9.6824258362947935E-025
   2.5389000002387325       -7.5763674635294389E-025
   2.5418000002372447       -5.9255345924187197E-025
   2.5447000002357569       -4.6321627673736736E-025
   2.5476000002342691       -3.6193448169805168E-025
   2.5505000002327813       -2.8266113193778111E-025
   2.5534000002312935       -2.2064410014520995E-025
   2.5563000002298057       -1.7215068073036589E-025
   2.5592000002283180       -1.3425036528177504E-025
   2.5621000002268302       -1.0464358759614547E-025
   2.5650000002253424       -8.1526778865907689E-026
   2.5679000002238546       -6.3486088523611733E-026
   2.5708000002223668       -4.9413724010369839E-026
   2.5737000002208790       -3.8442129049604535E-026
   2.5766000002193912       -2.9892223096831593E-026
   2.5795000002179034       -2.3232718797675878E-026
   2.5824000002164156       -1.8048162704791121E-026
   2.5853000002149278       -1.4013841508954415E-026
   2.5882000002134400       -1.0876088904666100E-026
   2.5911000002119522       -8.4368385936907787E-027
   2.5940000002104644       -6.5415140195608120E-027
   2.5969000002089766       -5.0695388559621209E-027
   2.5998000002074888       -3.9269048510166237E-027
   2.6027000002060010       -3.0403539220548100E-027
   2.6056000002045132       -2.3528261839734832E-027
   2.6085000002030254       -1.8199002469635057E-027
   2.6114000002015376       -1.4070108830105190E-027
   2.6143000002000498       -1.0872753928337850E-027
   2.6172000001985620       -8.3979635919093185E-028
   2.6201000001970742       -6.4833704440732767E-028
   2.6230000001955864       -5.0028813385959586E-028
   2.6259000001940986       -3.8586214813855305E-028
   2.6288000001926108       -2.9746567391891869E-028
   2.6317000001911230       -2.2921040830820741E-028
   2.6346000001896352       -1.7653251256430652E-028
   2.6375000001881475       -1.3589643158832702E-028
   2.6404000001866597       -1.0456455132799202E-028
   2.6433000001851719       -8.0418148459792335E-029
   2.6462000001836841       -6.1818280138283713E-029
   2.6491000001821963       -4.7497758439180862E-029
   2.6520000001807085       -3.6477305318090392E-029
   2.6549000001792207       -2.8000507915303265E-029
   2.6578000001777329       -2.1483383772751569E-029
   2.6607000001762451       -1.6475293833349618E-029
   2.6636000001747573       -1.2628665040098069E-029
   2.6665000001732695       -9.6755486399651791E-030
   2.6694000001717817       -7.4094799113816626E-030
   2.6723000001702939       -5.6714473442113863E-030
   2.6752000001688061       -4.3390457079254074E-030
   2.6781000001673183       -3.3180946719584650E-030
   2.6810000001658305       -2.5361657551971828E-030
   2.6839000001643427       -1.9375855774338613E-030
   2.6868000001628549       -1.4795806218231385E-030
   2.6897000001613671       -1.1293041995355450E-030
   2.6926000001598793       -8.6154487295824395E-031
   2.6955000001583915       -6.5696101023272307E-031
   2.6984000001569037       -5.0072134579670225E-031
   2.7013000001554159       -3.8145869239030505E-031
   2.7042000001539281       -2.9046506585465331E-031
   2.7071000001524403       -2.2107282584287848E-031
   2.7100000001509525       -1.6817907623090128E-031
   2.7129000001494648       -1.2788034184110285E-031
   2.7158000001479770       -9.7192089888920956E-032
   2.7187000001464892       -7.3833497140700216E-032
   2.7216000001450014       -5.6062366244285762E-032
   2.7245000001435136       -4.2548568632905994E-032
   2.7274000001420258       -3.2277070409846997E-032
   2.7303000001405380       -2.4473662555893256E-032
   2.7332000001390502       -1.8548107616459359E-032
   2.7361000001375624       -1.4050639963407252E-032
   2.7390000001360746       -1.0638699462002340E-032
   2.7419000001345868       -8.0515035554071747E-033
   2.7448000001330990       -6.0906203314671073E-033
   2.7477000001316112       -4.6051335923677620E-033
   2.7506000001301234       -3.4803200329076757E-033
   2.7535000001286356       -2.6290112675827954E-033
   2.7564000001271478       -1.9850072936373217E-033
   2.7593000001256600       -1.4980566418953164E-033
   2.7622000001241722       -1.1300324236426599E-033
   2.7651000001226844       -8.5202078956381548E-034
   2.7680000001211966       -6.4210517410737496E-034
   2.7709000001197088       -4.8368087022005673E-034
   2.7738000001182210       -3.6417362573332501E-034
   2.7767000001167332       -2.7406588476297648E-034
   2.7796000001152454       -2.0615717273198249E-034
   2.7825000001137576       -1.5500259706195333E-034
   2.7854000001122698       -1.1648677614692925E-034
   2.7883000001107821       -8.7500689372302171E-035
   2.7912000001092943       -6.5696705518716873E-035
   2.7941000001078065       -4.9302966124751789E-035
   2.7970000001063187       -3.6982810598321359E-035
   2.7999000001048309       -2.7728364761955463E-035
   2.8028000001033431       -2.0780029170149826E-035
   2.8057000001018553       -1.5565592831985403E-035
   2.8086000001003675       -1.1654210728708984E-035
   2.8115000000988797       -8.7216333195357909E-036
   2.8144000000973919       -6.5239497297119588E-036
   2.8173000000959041       -4.8777695812146830E-036
   2.8202000000944163       -3.6452718087325787E-036
   2.8231000000929285       -2.7229306538632119E-036
   2.8260000000914407       -2.0330185473761573E-036
   2.8289000000899529       -1.5172049912010516E-036
   2.8318000000884651       -1.1317367370069505E-036
   2.8347000000869773       -8.4381037260742257E-037
   2.8376000000854895       -6.2884363120698272E-037
   2.8405000000840017       -4.6842374376229812E-037
   2.8434000000825139       -3.4876558750772306E-037
   2.8463000000810261       -2.5955351221427758E-037
   2.8492000000795383       -1.9307178652045405E-037
   2.8521000000780505       -1.4355205262478727E-037
   2.8550000000765627       -1.0668386691657958E-037
   2.8579000000750749       -7.9247743620599205E-038
   2.8608000000735871       -5.8840172922968176E-038
   2.8637000000720993       -4.3667659634204641E-038
   2.8666000000706116       -3.2392532051900395E-038
   2.8695000000691238       -2.4017563354271506E-038
   2.8724000000676360       -1.7799677038437587E-038
   2.8753000000661482       -1.3185435898966890E-038
   2.8782000000646604       -9.7628387186230485E-039
   2.8811000000631726       -7.2253194538654229E-039
   2.8840000000616848       -5.3448727328244800E-039
   2.8869000000601970       -3.9520016915651368E-039
   2.8898000000587092       -2.9207633718540548E-039
   2.8927000000572214       -2.1576211209108461E-039
   2.8956000000557336       -1.5931388024295303E-039
   2.8985000000542458       -1.1757953156316167E-039
   2.9014000000527580       -8.6738034187596006E-040
   2.9043000000512702       -6.3956873235761966E-040
   2.9072000000497824       -4.7137302953682485E-040
   2.9101000000482946       -3.4724991924824348E-040
   2.9130000000468068       -2.5569342034184981E-040
   2.9159000000453190       -1.8819019232493457E-040
   2.9188000000438312       -1.3844411900260916E-040
   2.9217000000423434       -1.0180103378737127E-040
   2.9246000000408556       -7.4822130921311242E-041
   2.9275000000393678       -5.4967783200798760E-041
   2.9304000000378800       -4.0363302745675710E-041
   2.9333000000363922       -2.9625490382597572E-041
   2.9362000000349044       -2.1734258933101490E-041
   2.9391000000334166       -1.5937662234519177E-041
   2.9420000000319289       -1.1681670433586644E-041
   2.9449000000304411       -8.5582680717146915E-042
   2.9478000000289533       -6.2671123871814584E-042
   2.9507000000274655       -4.5872224009581309E-042
   2.9536000000259777       -3.3560844582338340E-042
   2.9565000000244899       -2.4542386633385048E-042
   2.9594000000230021       -1.7939138673423017E-042
   2.9623000000215143       -1.3106517650393269E-042
   2.9652000000200265       -9.5713684957859482E-043
   2.9681000000185387       -6.9865343957950654E-043
   2.9710000000170509       -5.0974228881903241E-043
   2.9739000000155631       -3.7174118582512409E-043
   2.9768000000140753       -2.7097666960793424E-043
   2.9797000000125875       -1.9743510748668197E-043
   2.9826000000110997       -1.4378651971515908E-043
   2.9855000000096119       -1.0466785592221682E-043
   2.9884000000081241       -7.6157012821598786E-044
   2.9913000000066363       -5.5387012870211585E-044
   2.9942000000051485       -4.0263127597781427E-044
   2.9971000000036607       -2.9255575436126966E-044
