  0.10000000149011612       0.17391900889357084     
  0.10290000148862816       0.17904384833644338     
  0.10580000148714019       0.18422994769495291     
  0.10870000148565223       0.18947447914572885     
  0.11160000148416427       0.19477452774194412     
  0.11450000148267631       0.20012710122962876     
  0.11740000148118834       0.20552914059200741     
  0.12030000147970038       0.21097753130379071     
  0.12320000147821242       0.21646911527263699     
  0.12610000147672445       0.22200070344015971     
  0.12900000147523649       0.22756908900990003     
  0.13190000147374853       0.23317106126465220     
  0.13480000147226057       0.23880341993042317     
  0.13770000147077260       0.24446299003917557     
  0.14060000146928464       0.25014663723736136     
  0.14350000146779668       0.25585128348212482     
  0.14640000146630872       0.26157392306199850     
  0.14930000146482075       0.26731163887391779     
  0.15220000146333279       0.27306161888352498     
  0.15510000146184483       0.27882117269101836     
  0.15800000146035686       0.28458774812027171     
  0.16090000145886890       0.29035894774465842     
  0.16380000145738094       0.29613254525896393     
  0.16670000145589298       0.30190650160302901     
  0.16960000145440501       0.30767898073935090     
  0.17250000145291705       0.31344836498382866     
  0.17540000145142909       0.31921326978619607     
  0.17830000144994113       0.32497255785448509     
  0.18120000144845316       0.33072535251613794     
  0.18410000144696520       0.33647105020716439     
  0.18700000144547724       0.34220933198005582     
  0.18990000144398927       0.34794017392105570     
  0.19280000144250131       0.35366385636785658     
  0.19570000144101335       0.35938097181990092     
  0.19860000143952539       0.36509243143519149     
  0.20150000143803742       0.37079947000992475     
  0.20440000143654946       0.37650364934033292     
  0.20730000143506150       0.38220685986989722     
  0.21020000143357354       0.38791132052955080     
  0.21310000143208557       0.39361957668367847     
  0.21600000143059761       0.39933449610059174     
  0.21890000142910965       0.40505926287275351     
  0.22180000142762168       0.41079736921930632     
  0.22470000142613372       0.41655260511143477     
  0.22760000142464576       0.42232904566973417     
  0.23050000142315780       0.42813103629205124     
  0.23340000142166983       0.43396317548018742     
  0.23630000142018187       0.43983029534435547     
  0.23920000141869391       0.44573743977536812     
  0.24210000141720595       0.45168984028611753     
  0.24500000141571798       0.45769288953598963     
  0.24790000141423002       0.46375211256432497     
  0.25080000141274206       0.46987313577194023     
  0.25370000141125409       0.47606165370287734     
  0.25660000140976613       0.48232339369200522     
  0.25950000140827817       0.48866407845771126     
  0.26240000140679021       0.49508938673267094     
  0.26530000140530224       0.50160491203946900     
  0.26820000140381428       0.50821611973161118     
  0.27110000140232632       0.51492830243410814     
  0.27400000140083836       0.52174653403129634     
  0.27690000139935039       0.52867562236274257     
  0.27980000139786243       0.53572006080092605     
  0.28270000139637447       0.54288397889681073     
  0.28560000139488650       0.55017109229129635     
  0.28850000139339854       0.55758465210182329     
  0.29140000139191058       0.56512739400401135     
  0.29430000139042262       0.57280148723802626     
  0.29720000138893465       0.58060848377835328     
  0.30010000138744669       0.58854926791370665     
  0.30300000138595873       0.59662400649084668     
  0.30590000138447077       0.60483210008205257     
  0.30880000138298280       0.61317213534083992     
  0.31170000138149484       0.62164183881412571     
  0.31460000138000688       0.63023803248143762     
  0.31750000137851891       0.63895659129280036     
  0.32040000137703095       0.64779240297664376     
  0.32330000137554299       0.65673933038737786     
  0.32620000137405503       0.66579017665915607     
  0.32910000137256706       0.67493665342775921     
  0.33200000137107910       0.68416935237648946     
  0.33490000136959114       0.69347772035442434     
  0.33780000136810318       0.70285003830637827     
  0.34070000136661521       0.71227340424341423     
  0.34360000136512725       0.72173372047082451     
  0.34650000136363929       0.73121568527710912     
  0.34940000136215132       0.74070278927271671     
  0.35230000136066336       0.75017731655118203     
  0.35520000135917540       0.75962035082786228     
  0.35810000135768744       0.76901178669280601     
  0.36100000135619947       0.77833034609443807     
  0.36390000135471151       0.78755360014981013     
  0.36680000135322355       0.79665799635519619     
  0.36970000135173559       0.80561889124796782     
  0.37260000135024762       0.81441058854697124     
  0.37550000134875966       0.82300638277424265     
  0.37840000134727170       0.83137860833590105     
  0.38130000134578373       0.83949869401458310     
  0.38420000134429577       0.84733722279995027     
  0.38710000134280781       0.85486399695775883     
  0.39000000134131985       0.86204810821182276     
  0.39290000133983188       0.86885801288710474     
  0.39580000133834392       0.87526161183624951     
  0.39870000133685596       0.88122633494626013     
  0.40160000133536800       0.88671922999688790     
  0.40450000133388003       0.89170705561775077     
  0.40740000133239207       0.89615637806740223     
  0.41030000133090411       0.90003367153463609     
  0.41320000132941614       0.90330542164039174     
  0.41610000132792818       0.90593823179785249     
  0.41900000132644022       0.90789893206882388     
  0.42190000132495226       0.90915469013633909     
  0.42480000132346429       0.90967312399684275     
  0.42770000132197633       0.90942241596029361     
  0.43060000132048837       0.90837142753323041     
  0.43350000131900041       0.90648981474837997     
  0.43640000131751244       0.90374814349478383     
  0.43930000131602448       0.90011800439480461     
  0.44220000131453652       0.89557212676879183     
  0.44510000131304855       0.89008449122466571     
  0.44800000131156059       0.88363044040832828     
  0.45090000131007268       0.87618678745158529     
  0.45380000130858472       0.86773192165724877     
  0.45670000130709676       0.85824591096625746     
  0.45960000130560880       0.84771060075900762     
  0.46250000130412083       0.83610970855262678     
  0.46540000130263287       0.82342891416761566     
  0.46830000130114491       0.80965594495105953     
  0.47120000129965700       0.79478065565949330     
  0.47410000129816904       0.77879510262233242     
  0.47700000129668108       0.76169361182659134     
  0.47990000129519311       0.74347284058519691     
  0.48280000129370515       0.72413183247460267     
  0.48570000129221719       0.70367206525239745     
  0.48860000129072922       0.68209749149214305     
  0.49150000128924126       0.65941457170061357     
  0.49440000128775330       0.63563229971181390     
  0.49730000128626534       0.61076222018251303     
  0.50020000128477737       0.58481843804534306     
  0.50310000128328947       0.55781761980769595     
  0.50600000128180145       0.52977898661750722     
  0.50890000128031354       0.50072429905037030     
  0.51180000127882552       0.47067783360618010     
  0.51470000127733762       0.43966635093740852     
  0.51760000127584971       0.40771905586507695     
  0.52050000127436169       0.37486754927229460     
  0.52340000127287378       0.34114577199873153     
  0.52630000127138576       0.30658994089242447     
  0.52920000126989786       0.27123847720770866     
  0.53210000126840984       0.23513192756966630     
  0.53500000126692193       0.19831287775613329     
  0.53790000126543402       0.16082585957786164     
  0.54080000126394601       0.12271725116575082     
  0.54370000126245810        8.4035171000989159E-002
  0.54660000126097008        4.4829366049389571E-002
  0.54950000125948217        5.1510943850002055E-003
  0.55240000125799416       -3.4946997289860525E-002
  0.55530000125650625       -7.5411000800759243E-002
  0.55820000125501823      -0.11618587788782318     
  0.56110000125353032      -0.15721559536096483     
  0.56400000125204230      -0.19844326354749700     
  0.56690000125055440      -0.23981127754390530     
  0.56980000124906649      -0.28126146077368125     
  0.57270000124757847      -0.32273521034546671     
  0.57560000124609045      -0.36417364370036115     
  0.57850000124460255      -0.40551774603411284     
  0.58140000124311464      -0.44670851797902034     
  0.58430000124162662      -0.48768712303176526     
  0.58720000124013860      -0.52839503421697653     
  0.59010000123865070      -0.56877417948212750     
  0.59300000123716279      -0.60876708532730173     
  0.59590000123567477      -0.64831701818339027     
  0.59880000123418675      -0.68736812306433370     
  0.60170000123269884      -0.72586555903302619     
  0.60460000123121094      -0.76375563103635480     
  0.60750000122972292      -0.80098591768248373     
  0.61040000122823490      -0.83750539455279094     
  0.61330000122674699      -0.87326455266170533     
  0.61620000122525909      -0.90821551170002535     
  0.61910000122377107      -0.94231212772086170     
  0.62200000122228305      -0.97551009495221053     
  0.62490000122079514       -1.0077670414459918     
  0.62780000121930724       -1.0390426183002066     
  0.63070000121781922       -1.0692985822184413     
  0.63360000121633120       -1.0984988711991746     
  0.63650000121484329       -1.1266096731760946     
  0.63940000121335538       -1.1535994874597253     
  0.64230000121186737       -1.1794391788599952     
  0.64520000121037935       -1.2041020243987992     
  0.64810000120889144       -1.2275637525509517     
  0.65100000120740353       -1.2498025749811210     
  0.65390000120591552       -1.2707992107731581     
  0.65680000120442750       -1.2905369031766634     
  0.65970000120293959       -1.3090014289234320     
  0.66260000120145168       -1.3261811001935786     
  0.66550000119996366       -1.3420667593374624     
  0.66840000119847565       -1.3566517664849573     
  0.67130000119698774       -1.3699319801980163     
  0.67420000119549983       -1.3819057313458014     
  0.67710000119401181       -1.3925737904037432     
  0.68000000119252380       -1.4019393283987804     
  0.68290000119103589       -1.4100078717425002     
  0.68580000118954798       -1.4167872512120701     
  0.68870000118805996       -1.4222875453554613     
  0.69160000118657194       -1.4265210186126891     
  0.69450000118508404       -1.4295020544583907     
  0.69740000118359613       -1.4312470838831755     
  0.70030000118210811       -1.4317745095416401     
  0.70320000118062009       -1.4311046259039053     
  0.70610000117913219       -1.4292595357547906     
  0.70900000117764428       -1.4262630633905196     
  0.71190000117615626       -1.4221406648669472     
  0.71480000117466824       -1.4169193356559622     
  0.71770000117318034       -1.4106275160677197     
  0.72060000117169243       -1.4032949947959850     
  0.72350000117020441       -1.3949528109419520     
  0.72640000116871639       -1.3856331548686416     
  0.72930000116722848       -1.3753692682333345     
  0.73220000116574058       -1.3641953435395360     
  0.73510000116425256       -1.3521464235428540     
  0.73800000116276454       -1.3392583008367529     
  0.74090000116127663       -1.3255674179347974     
  0.74380000115978873       -1.3111107681554519     
  0.74670000115830071       -1.2959257976041778     
  0.74960000115681269       -1.2800503085352251     
  0.75250000115532478       -1.2635223643624931     
  0.75540000115383688       -1.2463801965750692     
  0.75830000115234886       -1.2286621137986153     
  0.76120000115086084       -1.2104064132289203     
  0.76410000114937293       -1.1916512946484756     
  0.76700000114788502       -1.1724347772212314     
  0.76990000114639701       -1.1527946192445959     
  0.77280000114490899       -1.1327682410215343     
  0.77570000114342108       -1.1123926509991808     
  0.77860000114193317       -1.0917043753039859     
  0.78150000114044516       -1.0707393907869653     
  0.78440000113895714       -1.0495330616763050     
  0.78730000113746923       -1.0281200799184180     
  0.79020000113598132       -1.0065344092725959     
  0.79310000113449330      -0.98480923320876135     
  0.79600000113300529      -0.96297690664254421     
  0.79890000113151738      -0.94106891152697969     
  0.80180000113002947      -0.91911581630572836     
  0.80470000112854145      -0.89714723921874961     
  0.80760000112705344      -0.87519181543799951     
  0.81050000112556553      -0.85327716799789732     
  0.81340000112407762      -0.83142988247312810     
  0.81630000112258960      -0.80967548534481038     
  0.81920000112110158      -0.78803842598518170     
  0.82210000111961368      -0.76654206218079357     
  0.82500000111812577      -0.74520864910475126     
  0.82790000111663775      -0.72405933163977942     
  0.83080000111514973      -0.70311413994593208     
  0.83370000111366183      -0.68239198815947277     
  0.83660000111217392      -0.66191067610294863     
  0.83950000111068590      -0.64168689388071987     
  0.84240000110919788      -0.62173622922912886     
  0.84530000110770998      -0.60207317748621236     
  0.84820000110622207      -0.58271115404222862     
  0.85110000110473405      -0.56366250912939009     
  0.85400000110324603      -0.54493854480694304     
  0.85690000110175812      -0.52654953399620053     
  0.85980000110027022      -0.50850474141919455     
  0.86270000109878220      -0.49081244629431325     
  0.86560000109729418      -0.47347996664257069     
  0.86850000109580627      -0.45651368505900186     
  0.87140000109431837      -0.43991907580505202     
  0.87430000109283035      -0.42370073307970274     
  0.87720000109134233      -0.40786240032944071     
  0.88010000108985442      -0.39240700045994686     
  0.88300000108836652      -0.37733666681559486     
  0.88590000108687850      -0.36265277479640601     
  0.88880000108539048      -0.34835597398602675     
  0.89170000108390257      -0.33444622066850038     
  0.89460000108241466      -0.32092281061611183     
  0.89750000108092665      -0.30778441203529860     
  0.90040000107943863      -0.29502909856258153     
  0.90330000107795072      -0.28265438220757411     
  0.90620000107646281      -0.27065724614540615     
  0.90910000107497480      -0.25903417726627576     
  0.91200000107348678      -0.24778119839532112     
  0.91490000107199887      -0.23689390010152542     
  0.91780000107051096      -0.22636747201994484     
  0.92070000106902294      -0.21619673361711422     
  0.92360000106753493      -0.20637616433504000     
  0.92650000106604702      -0.19689993305471098     
  0.92940000106455911      -0.18776192682550727     
  0.93230000106307109      -0.17895577881226038     
  0.93520000106158307      -0.17047489541699554     
  0.93810000106009517      -0.16231248253753616     
  0.94100000105860726      -0.15446157093017765     
  0.94390000105711924      -0.14691504064851232     
  0.94680000105563122      -0.13966564453520047     
  0.94970000105414332      -0.13270603074803192     
  0.95260000105265541      -0.12602876430598087     
  0.95550000105116739      -0.11962634764513287     
  0.95840000104967937      -0.11349124017834171     
  0.96130000104819147      -0.10761587685624505     
  0.96420000104670356      -0.10199268573083861     
  0.96710000104521554       -9.6614104526166589E-002
  0.97000000104372752       -9.1472596223828209E-002
  0.97290000104223961       -8.6560663673936014E-002
  0.97580000104075171       -8.1870863244879230E-002
  0.97870000103926369       -7.7395817527750946E-002
  0.98160000103777567       -7.3128227113596025E-002
  0.98450000103628776       -6.9060881463724480E-002
  0.98740000103479986       -6.5186668895221650E-002
  0.99030000103331184       -6.1498585705468928E-002
  0.99320000103182382       -5.7989744460985773E-002
  0.99610000103033591       -5.4653381477199899E-002
  0.99900000102884801       -5.1482863516877204E-002
   1.0019000010273600       -4.8471693735883614E-002
   1.0048000010258722       -4.5613516905727992E-002
   1.0077000010243842       -4.2902123942945979E-002
   1.0106000010228962       -4.0331455775845300E-002
   1.0135000010214084       -3.7895606579444255E-002
   1.0164000010199206       -3.5588826409611390E-002
   1.0193000010184325       -3.3405523267456348E-002
   1.0222000010169445       -3.1340264624947684E-002
   1.0251000010154567       -2.9387778442539234E-002
   1.0280000010139689       -2.7542953709294372E-002
   1.0309000010124809       -2.5800840535601399E-002
   1.0338000010109929       -2.4156649828093076E-002
   1.0367000010095051       -2.2605752575820537E-002
   1.0396000010080173       -2.1143678776094330E-002
   1.0425000010065293       -1.9766116027706365E-002
   1.0454000010050413       -1.8468907818484450E-002
   1.0483000010035535       -1.7248051533322220E-002
   1.0512000010020657       -1.6099696207972681E-002
   1.0541000010005777       -1.5020140053001145E-002
   1.0570000009990896       -1.4005827771371373E-002
   1.0599000009976018       -1.3053347692190544E-002
   1.0628000009961140       -1.2159428742172400E-002
   1.0657000009946260       -1.1320937275396802E-002
   1.0686000009931380       -1.0534873780955500E-002
   1.0715000009916502       -9.7983694870803946E-003
   1.0744000009901624       -9.1086828793584887E-003
   1.0773000009886744       -8.4631961496505585E-003
   1.0802000009871864       -7.8594115913510586E-003
   1.0831000009856986       -7.2949479556603993E-003
   1.0860000009842108       -6.7675367825895038E-003
   1.0889000009827228       -6.2750187194821911E-003
   1.0918000009812348       -5.8153398389299291E-003
   1.0947000009797470       -5.3865479670625934E-003
   1.0976000009782592       -4.9867890323353732E-003
   1.1005000009767711       -4.6143034440941548E-003
   1.1034000009752831       -4.2674225093923754E-003
   1.1063000009737953       -3.9445648957529417E-003
   1.1092000009723075       -3.6442331468196833E-003
   1.1121000009708195       -3.3650102571253222E-003
   1.1150000009693315       -3.1055563115171608E-003
   1.1179000009678437       -2.8646051941288073E-003
   1.1208000009663559       -2.6409613711654810E-003
   1.1237000009648679       -2.4334967511826268E-003
   1.1266000009633799       -2.2411476259824592E-003
   1.1295000009618921       -2.0629116947298034E-003
   1.1324000009604043       -1.8978451733979388E-003
   1.1353000009589163       -1.7450599911953838E-003
   1.1382000009574282       -1.6037210751960198E-003
   1.1411000009559404       -1.4730437239965249E-003
   1.1440000009544526       -1.3522910708558648E-003
   1.1469000009529646       -1.2407716364312735E-003
   1.1498000009514766       -1.1378369709121117E-003
   1.1527000009499888       -1.0428793850668873E-003
   1.1556000009485010       -9.5532976945821642E-004
   1.1585000009470130       -8.7465550084458131E-004
   1.1614000009455250       -8.0035843457543102E-004
   1.1643000009440372       -7.3197298159635444E-004
   1.1672000009425494       -6.6906426851255434E-004
   1.1701000009410614       -6.1122637901068696E-004
   1.1730000009395734       -5.5808067481006912E-004
   1.1759000009380856       -5.0927419420331715E-004
   1.1788000009365978       -4.6447812615247025E-004
   1.1817000009351097       -4.2338635782859422E-004
   1.1846000009336217       -3.8571409341958533E-004
   1.1875000009321339       -3.5119654198151719E-004
   1.1904000009306461       -3.1958767207225557E-004
   1.1933000009291581       -2.9065903088129651E-004
   1.1962000009276701       -2.6419862555593078E-004
   1.1991000009261823       -2.4000986441994314E-004
   1.2020000009246945       -2.1791055578629012E-004
   1.2049000009232065       -1.9773196207867541E-004
   1.2078000009217185       -1.7931790699792576E-004
   1.2107000009202307       -1.6252393349670301E-004
   1.2136000009187429       -1.4721651035973948E-004
   1.2165000009172549       -1.3327228522569954E-004
   1.2194000009157668       -1.2057738193032326E-004
   1.2223000009142790       -1.0902674009809275E-004
   1.2252000009127912       -9.8523494960701391E-005
   1.2281000009113032       -8.8978395434547290E-005
   1.2310000009098152       -8.0309258545843419E-005
   1.2339000009083274       -7.2440458350257628E-005
   1.2368000009068396       -6.5302447553823177E-005
   1.2397000009053516       -5.8831310102831908E-005
   1.2426000009038636       -5.2968343072144361E-005
   1.2455000009023758       -4.7659666243498033E-005
   1.2484000009008880       -4.2855857827675906E-005
   1.2513000008994000       -3.8511614846516803E-005
   1.2542000008979119       -3.4585436752482950E-005
   1.2571000008964242       -3.1039330924601285E-005
   1.2600000008949364       -2.7838538739888797E-005
   1.2629000008934483       -2.4951280978672121E-005
   1.2658000008919603       -2.2348521380363406E-005
   1.2687000008904725       -2.0003747223135460E-005
   1.2716000008889847       -1.7892765856425642E-005
   1.2745000008874967       -1.5993516169203795E-005
   1.2774000008860087       -1.4285894029373056E-005
   1.2803000008845209       -1.2751590780485442E-005
   1.2832000008830331       -1.1373943931081506E-005
   1.2861000008815451       -1.0137799219377236E-005
   1.2890000008800571       -9.0293832816927232E-006
   1.2919000008785693       -8.0361861969315581E-006
   1.2948000008770815       -7.1468532215717300E-006
   1.2977000008755935       -6.3510850700227762E-006
   1.3006000008741054       -5.6395461338501605E-006
   1.3035000008726176       -5.0037800702844474E-006
   1.3064000008711298       -4.4361322256459101E-006
   1.3093000008696418       -3.9296783928515377E-006
   1.3122000008681538       -3.4781594340685750E-006
   1.3151000008666660       -3.0759213298729435E-006
   1.3180000008651782       -2.7178602450040034E-006
   1.3209000008636902       -2.3993722280258971E-006
   1.3238000008622022       -2.1163071879538636E-006
   1.3267000008607144       -1.8649268152326769E-006
   1.3296000008592266       -1.6418661374129785E-006
   1.3325000008577386       -1.4440984215103146E-006
   1.3354000008562505       -1.2689031554037028E-006
   1.3383000008547628       -1.1138368597870463E-006
   1.3412000008532750       -9.7670650017967197E-007
   1.3441000008517869       -8.5554528538354632E-007
   1.3470000008502989       -7.4859065459542530E-007
   1.3499000008488111       -6.5426427019278853E-007
   1.3528000008473233       -5.7115384706260506E-007
   1.3557000008458353       -4.9799666228026414E-007
   1.3586000008443473       -4.3366460101978658E-007
   1.3615000008428595       -3.7715060583192869E-007
   1.3644000008413717       -3.2755640690861461E-007
   1.3673000008398837       -2.8408142070374785E-007
   1.3702000008383957       -2.4601271334352725E-007
   1.3731000008369079       -2.1271593367437773E-007
   1.3760000008354201       -1.8362712860193131E-007
   1.3789000008339320       -1.5824536060765284E-007
   1.3818000008324440       -1.3612605402577338E-007
   1.3847000008309562       -1.1687500285647946E-007
   1.3876000008294684       -1.0014297861388633E-007
   1.3905000008279804       -8.5620881990120173E-008
   1.3934000008264924       -7.3035386988996916E-008
   1.3963000008250046       -6.2145030672106636E-008
   1.3992000008235168       -5.2736705792803131E-008
   1.4021000008220288       -4.4622517394517285E-008
   1.4050000008205408       -3.7636967942340354E-008
   1.4079000008190530       -3.1634438763122434E-008
   1.4108000008175652       -2.6486938510104057E-008
   1.4137000008160772       -2.2082092062949270E-008
   1.4166000008145891       -1.8321345741278127E-008
   1.4195000008131013       -1.5118366966604688E-008
   1.4224000008116136       -1.2397618570064609E-008
   1.4253000008101255       -1.0093089826502816E-008
   1.4282000008086375       -8.1471680134293673E-009
   1.4311000008071497       -6.5096358591442970E-009
   1.4340000008056619       -5.1367816701688891E-009
   1.4369000008041739       -3.9906102253570014E-009
   1.4398000008026859       -3.0381437032332438E-009
   1.4427000008011981       -2.2508029800042225E-009
   1.4456000007997103       -1.6038606073829491E-009
   1.4485000007982223       -1.0759576602542238E-009
   1.4514000007967343       -6.4867744206027927E-010
   1.4543000007952465       -3.0616975777379926E-010
   1.4572000007937587       -3.4820117077308551E-011
   1.4601000007922706        1.7704118001532150E-010
   1.4630000007907826        3.3939459075292640E-010
   1.4659000007892948        4.6075554634874609E-010
   1.4688000007878070        5.4837094150487313E-010
   1.4717000007863190        6.0839111152398038E-010
   1.4746000007848310        6.4602016205184891E-010
   1.4775000007833432        6.6564720233629968E-010
   1.4804000007818554        6.7096075094500490E-010
   1.4833000007803674        6.6504833008992363E-010
   1.4862000007788794        6.5048303826356747E-010
   1.4891000007773916        6.2939868824907100E-010
   1.4920000007759038        6.0355491639784127E-010
   1.4949000007744158        5.7439350725644347E-010
   1.4978000007729277        5.4308703324527598E-010
   1.5007000007714399        5.1058078039471743E-010
   1.5036000007699519        4.7762881654331205E-010
   1.5065000007684639        4.4482495645790523E-010
   1.5094000007669759        4.1262928774360069E-010
   1.5123000007654879        3.8139084099294206E-010
   1.5152000007639999        3.5136691631258333E-010
   1.5181000007625118        3.2273951519921722E-010
   1.5210000007610238        2.9562927084646229E-010
   1.5239000007595358        2.7010722056826676E-010
   1.5268000007580478        2.4620472041768984E-010
   1.5297000007565598        2.2392176362934080E-010
   1.5326000007550717        2.0323393065013045E-010
   1.5355000007535837        1.8409816873581225E-010
   1.5384000007520957        1.6645757292202065E-010
   1.5413000007506077        1.5024531721851873E-010
   1.5442000007491197        1.3538786475699996E-010
   1.5471000007476317        1.2180756801874059E-010
   1.5500000007461436        1.0942475488577714E-010
   1.5529000007446556        9.8159382837444430E-011
   1.5558000007431676        8.7932331920677815E-011
   1.5587000007416796        7.8666396950670663E-011
   1.5616000007401916        7.0287030564707120E-011
   1.5645000007387035        6.2722881093098654E-011
   1.5674000007372155        5.5906162582661828E-011
   1.5703000007357275        4.9772888581930731E-011
   1.5732000007342395        4.4262996360212479E-011
   1.5761000007327515        3.9320383984456102E-011
   1.5790000007312635        3.4892879030579112E-011
   1.5819000007297754        3.0932154581510439E-011
   1.5848000007282874        2.7393605494338229E-011
   1.5877000007267994        2.4236195643434559E-011
   1.5906000007253114        2.1422284912440932E-011
   1.5935000007238234        1.8917443069274261E-011
   1.5964000007223353        1.6690256274333479E-011
   1.5993000007208473        1.4712130807462338E-011
   1.6022000007193593        1.2957097623060729E-011
   1.6051000007178713        1.1401620528133300E-011
   1.6080000007163833        1.0024410101615464E-011
   1.6109000007148953        8.8062449147011549E-012
   1.6138000007134072        7.7298011535090959E-012
   1.6167000007119192        6.7794913720264111E-012
   1.6196000007104312        5.9413128017057509E-012
   1.6225000007089432        5.2027054030337818E-012
   1.6254000007074552        4.5524196540902610E-012
   1.6283000007059671        3.9803939232139297E-012
   1.6312000007044791        3.4776411602399891E-012
   1.6341000007029911        3.0361445572599803E-012
   1.6370000007015031        2.6487617702875120E-012
   1.6399000007000151        2.3091372531809033E-012
   1.6428000006985271        2.0116222309457213E-012
   1.6457000006970390        1.7512018279729296E-012
   1.6486000006955510        1.5234288652225075E-012
   1.6515000006940630        1.3243638466291641E-012
   1.6544000006925750        1.1505206672512929E-012
   1.6573000006910870        9.9881759238537474E-013
   1.6602000006895989        8.6653307677521098E-013
   1.6631000006881109        7.5126601513794320E-013
   1.6660000006866229        6.5090003867741456E-013
   1.6689000006851349        5.6357149639713522E-013
   1.6718000006836469        4.8764078433185320E-013
   1.6747000006821589        4.2166670987700758E-013
   1.6776000006806708        3.6438360189216279E-013
   1.6805000006791828        3.1468089995122794E-013
   1.6834000006776948        2.7158497783675470E-013
   1.6863000006762068        2.3424297700948199E-013
   1.6892000006747188        2.0190844525247506E-013
   1.6921000006732307        1.7392859395147126E-013
   1.6950000006717427        1.4973300451675334E-013
   1.6979000006702547        1.2882363028622291E-013
   1.7008000006687667        1.1076595490016912E-013
   1.7037000006672787        9.5181181644000269E-014
   1.7066000006657907        8.1739340663485922E-014
   1.7095000006643026        7.0153212321917057E-014
   1.7124000006628146        6.0172975348090123E-014
   1.7153000006613266        5.1581497878593235E-014
   1.7182000006598386        4.4190198088748229E-014
   1.7211000006583506        3.7835408894681446E-014
   1.7240000006568625        3.2375188254111300E-014
   1.7269000006553745        2.7686522953432463E-014
   1.7298000006538865        2.3662879499128052E-014
   1.7327000006523985        2.0212060885279964E-014
   1.7356000006509105        1.7254332635998918E-014
   1.7385000006494225        1.4720785668818600E-014
   1.7414000006479344        1.2551907236398826E-014
   1.7443000006464464        1.0696334519985797E-014
   1.7472000006449584        9.1097684067367025E-015
   1.7501000006434704        7.7540276190437072E-015
   1.7530000006419824        6.5962257093623979E-015
   1.7559000006404943        5.6080555180815793E-015
   1.7588000006390063        4.7651675414164650E-015
   1.7617000006375183        4.0466302955548934E-015
   1.7646000006360303        3.4344622144777605E-015
   1.7675000006345423        2.9132259020947240E-015
   1.7704000006330542        2.4696766927329231E-015
   1.7733000006315662        2.0924584739793461E-015
   1.7762000006300782        1.7718406071622473E-015
   1.7791000006285902        1.4994905566285074E-015
   1.7820000006271022        1.2682775213384053E-015
   1.7849000006256142        1.0721029618172928E-015
   1.7878000006241261        9.0575444171492658E-016
   1.7907000006226381        7.6477966464129936E-016
   1.7936000006211501        6.4537799116545197E-016
   1.7965000006196621        5.4430707464120427E-016
   1.7994000006181741        4.5880256386904149E-016
   1.8023000006166860        3.8650909085246800E-016
   1.8052000006151980        3.2542099779074044E-016
   1.8081000006137100        2.7383146315653391E-016
   1.8110000006122220        2.3028886594267152E-016
   1.8139000006107340        1.9355938319886573E-016
   1.8168000006092460        1.6259495170615339E-016
   1.8197000006077579        1.3650584259826387E-016
   1.8226000006062699        1.1453720017660734E-016
   1.8255000006047819        9.6048985049671626E-017
   1.8284000006032939        8.0498838789387912E-017
   1.8313000006018059        6.7427454055919466E-017
   1.8342000006003178        5.6446091930197348E-017
   1.8371000005988298        4.7225938176878769E-017
   1.8400000005973418        3.9489033359874173E-017
   1.8429000005958538        3.3000549040335640E-017
   1.8458000005943658        2.7562214482098379E-017
   1.8487000005928778        2.3006726051726955E-017
   1.8516000005913897        1.9192995422054726E-017
   1.8545000005899017        1.6002113285398943E-017
   1.8574000005884137        1.3333923004427826E-017
   1.8603000005869257        1.1104113865266896E-017
   1.8632000005854377        9.2417566878561729E-018
   1.8661000005839496        7.6872157869985870E-018
   1.8690000005824616        6.3903809190932934E-018
   1.8719000005809736        5.3091711152200737E-018
   1.8748000005794856        4.4082693823702612E-018
   1.8777000005779976        3.6580533166848936E-018
   1.8806000005765096        3.0336918585813003E-018
   1.8835000005750215        2.5143828531358444E-018
   1.8864000005735335        2.0827098666110109E-018
   1.8893000005720455        1.7240999434521569E-018
   1.8922000005705575        1.4263667465950549E-018
   1.8951000005690695        1.1793258756624194E-018
   1.8980000005675814        9.7447116120348273E-019
   1.9009000005660934        8.0470243892896424E-019
   1.9038000005646054        6.6409675918688550E-019
   1.9067000005631174        5.4771622085241351E-019
   1.9096000005616294        4.5144666721571408E-019
   1.9125000005601414        3.7186237164109719E-019
   1.9154000005586533        3.0611259611012706E-019
   1.9183000005571653        2.5182654625126231E-019
   1.9212000005556773        2.0703378920014847E-019
   1.9241000005541893        1.7009766024046859E-019
   1.9270000005527013        1.3965957312159206E-019
   1.9299000005512132        1.1459247788170830E-019
   1.9328000005497252        9.3961987999957705E-020
   1.9357000005482372        7.6993933491464461E-020
   1.9386000005467492        6.3047294729008191E-020
   1.9415000005452612        5.1591638926373482E-020
   1.9444000005437732        4.2188322113413289E-020
   1.9473000005422851        3.4474838118254078E-020
   1.9502000005407971        2.8151795983027234E-020
   1.9531000005393091        2.2972091290899678E-020
   1.9560000005378211        1.8731907545074340E-020
   1.9589000005363331        1.5263243108641757E-020
   1.9618000005348450        1.2427709060275687E-020
   1.9647000005333570        1.0111385144677701E-020
   1.9676000005318690        8.2205560664426294E-021
   1.9705000005303810        6.6781797631061184E-021
   1.9734000005288930        5.4209639022141987E-021
   1.9763000005274050        4.3969474416338005E-021
   1.9792000005259169        3.5635013156509943E-021
   1.9821000005244289        2.8856767039945612E-021
   1.9850000005229409        2.3348413634447392E-021
   1.9879000005214529        1.8875545364134988E-021
   1.9908000005199649        1.5246393209341575E-021
   1.9937000005184768        1.2304183634164915E-021
   1.9966000005169888        9.9208454732328978E-022
   1.9995000005155008        7.9918318896172111E-022
   2.0024000005140126        6.4318627632748390E-022
   2.0053000005125248        5.1714263287074486E-022
   2.0082000005110370        4.1539066779921686E-022
   2.0111000005095487        3.3332268234787624E-022
   2.0140000005080605        2.6719161616028652E-022
   2.0169000005065727        2.1395270542530855E-022
   2.0198000005050849        1.7113383972201959E-022
   2.0227000005035967        1.3672949357140966E-022
   2.0256000005021084        1.0911400978085942E-022
   2.0285000005006206        8.6970756724145561E-023
   2.0314000004991328        6.9234297317752060E-023
   2.0343000004976446        5.5043215768380608E-023
   2.0372000004961563        4.3701667586921332E-023
   2.0401000004946686        3.4648064193790539E-023
   2.0430000004931808        2.7429588390329645E-023
   2.0459000004916925        2.1681471591420987E-023
   2.0488000004902043        1.7110156757019694E-023
   2.0517000004887165        1.3479629678815812E-023
   2.0546000004872287        1.0600331681171618E-023
   2.0575000004857404        8.3201738561338435E-024
   2.0604000004842522        6.5172607843474818E-024
   2.0633000004827644        5.0940036971754027E-024
   2.0662000004812766        3.9723620186342216E-024
   2.0691000004797884        3.0900005067965825E-024
   2.0720000004783001        2.3971887048463359E-024
   2.0749000004768123        1.8543016876239232E-024
   2.0778000004753245        1.4298074478980087E-024
   2.0807000004738363        1.0986477756600512E-024
   2.0836000004723481        8.4093702166736893E-025
   2.0865000004708603        6.4091742492161281E-025
   2.0894000004693725        4.8612131534607909E-025
   2.0923000004678842        3.6669996383523972E-025
   2.0952000004663960        2.7488654073767636E-025
   2.0981000004649082        2.0456688729231023E-025
   2.1010000004634204        1.5093686992155401E-025
   2.1039000004619322        1.1022919328534647E-025
   2.1068000004604439        7.9495873361231627E-026
   2.1097000004589561        5.6435262514168591E-026
   2.1126000004574683        3.9254693676413659E-026
   2.1155000004559801        2.6561567498153921E-026
   2.1184000004544918        1.7277123780172391E-026
   2.1213000004530040        1.0568281069984236E-026
   2.1242000004515162        5.7938483772072041E-027
   2.1271000004500280        2.4621531109278396E-027
   2.1300000004485398        1.9772412302462107E-028
   2.1329000004470520       -1.2848538074664155E-027
   2.1358000004455642       -2.2014148710282860E-027
   2.1387000004440759       -2.7142106948421770E-027
   2.1416000004425877       -2.9443812641282300E-027
   2.1445000004410999       -2.9816511737406142E-027
   2.1474000004396121       -2.8918476646749644E-027
   2.1503000004381239       -2.7227122309646023E-027
   2.1532000004366356       -2.5083783529016643E-027
   2.1561000004351478       -2.2728090411540614E-027
   2.1590000004336600       -2.0324252770294029E-027
   2.1619000004321718       -1.7981068246329272E-027
   2.1648000004306835       -1.5767076374634416E-027
   2.1677000004291958       -1.3721970744254542E-027
   2.1706000004277080       -1.1865136887218176E-027
   2.1735000004262197       -1.0201991067178193E-027
   2.1764000004247315       -8.7286439387608010E-028
   2.1793000004232437       -7.4352945092001172E-028
   2.1822000004217559       -6.3086671028128266E-028
   2.1851000004202676       -5.3337316564248266E-028
   2.1880000004187794       -4.4948913317260792E-028
   2.1909000004172916       -3.7767776863724249E-028
   2.1938000004158038       -3.1647597818365875E-028
   2.1967000004143156       -2.6452474743619642E-028
   2.1996000004128273       -2.2058490407356479E-028
   2.2025000004113395       -1.8354278977613111E-028
   2.2054000004098517       -1.5240914335707799E-028
   2.2083000004083635       -1.2631360566990231E-028
   2.2112000004068753       -1.0449658404161025E-028
   2.2141000004053875       -8.6299709155452339E-029
   2.2170000004038997       -7.1155741261734209E-029
   2.2199000004024114       -5.8578504838652405E-029
   2.2228000004009232       -4.8153227731131037E-029
   2.2257000003994354       -3.9527514114616518E-029
   2.2286000003979476       -3.2403076314120849E-029
   2.2315000003964593       -2.6528277782486930E-029
   2.2344000003949711       -2.1691490177769549E-029
   2.2373000003934833       -1.7715235223004111E-029
   2.2402000003919955       -1.4451062152942480E-029
   2.2431000003905073       -1.1775100496657617E-029
   2.2460000003890190       -9.5842230587024435E-030
   2.2489000003875312       -7.7927532800318242E-030
   2.2518000003860434       -6.3296532423767624E-030
   2.2547000003845552       -5.1361323819261784E-030
   2.2576000003830670       -4.1636217540343054E-030
   2.2605000003815792       -3.3720639171121057E-030
   2.2634000003800914       -2.7284738229675672E-030
   2.2663000003786031       -2.2057312760506252E-030
   2.2692000003771149       -1.7815704068184952E-030
   2.2721000003756271       -1.4377361093178688E-030
   2.2750000003741393       -1.1592814789627886E-030
   2.2779000003726511       -9.3398394269504067E-031
   2.2808000003711628       -7.5186100981460077E-031
   2.2837000003696750       -6.0476941011783726E-031
   2.2866000003681872       -4.8607385642624855E-031
   2.2895000003666990       -3.9037380468623715E-031
   2.2924000003652107       -3.1327842126451215E-031
   2.2953000003637229       -2.5122153794871786E-031
   2.2982000003622352       -2.0130971288634836E-031
   2.3011000003607469       -1.6119765030179848E-031
   2.3040000003592587       -1.2898619068072273E-031
   2.3069000003577709       -1.0313889076387239E-031
   2.3098000003562831       -8.2413890941539796E-032
   2.3127000003547948       -6.5808335640572980E-032
   2.3156000003533066       -5.2513086749847253E-032
   2.3185000003518188       -4.1875865499728516E-032
   2.3214000003503310       -3.3371286946158854E-032
   2.3243000003488428       -2.6576523971368962E-032
   2.3272000003473545       -2.1151563588102602E-032
   2.3301000003458667       -1.6823205036289125E-032
   2.3330000003443789       -1.3372103213870374E-032
   2.3359000003428907       -1.0622287885186808E-032
   2.3388000003414025       -8.4326934808925247E-033
   2.3417000003399147       -6.6903200135307817E-033
   2.3446000003384269       -5.3047159173242206E-033
   2.3475000003369386       -4.2035311758921186E-033
   2.3504000003354504       -3.3289361702053080E-033
   2.3533000003339626       -2.6347401225383594E-033
   2.3562000003324748       -2.0840743722260906E-033
   2.3591000003309865       -1.6475312703499039E-033
   2.3620000003294983       -1.3016702749856622E-033
   2.3649000003280105       -1.0278197329911612E-033
   2.3678000003265227       -8.1111656135803299E-034
   2.3707000003250345       -6.3973717635274541E-034
   2.3736000003235462       -5.0428204214686896E-034
   2.3765000003220584       -3.9728351556365284E-034
   2.3794000003205706       -3.1281257149713402E-034
   2.3823000003190824       -2.4616476711336104E-034
   2.3852000003175942       -1.9360965635378702E-034
   2.3881000003161064       -1.5219097406938042E-034
   2.3910000003146186       -1.1956741336166413E-034
   2.3939000003131303       -9.3885835853290349E-035
   2.3968000003116421       -7.3680376406007477E-035
   2.3997000003101543       -5.7792207288933712E-035
   2.4026000003086665       -4.5305773588064876E-035
   2.4055000003071783       -3.5498151611055682E-035
   2.4084000003056900       -2.7798855508449451E-035
   2.4113000003042022       -2.1757956883709623E-035
   2.4142000003027144       -1.7020814095564760E-035
   2.4171000003012262       -1.3308053470912032E-035
   2.4200000002997379       -1.0399720827590447E-035
   2.4229000002982501       -8.1227423039275116E-036
   2.4258000002967623       -6.3410095644328043E-036
   2.4287000002952741       -4.9475448843298958E-036
   2.4316000002937859       -3.8583135440740645E-036
   2.4345000002922981       -3.0073401119563858E-036
   2.4374000002908103       -2.3428561459854632E-036
   2.4403000002893220       -1.8242632799518376E-036
   2.4432000002878338       -1.4197405136327843E-036
   2.4461000002863460       -1.1043601552133406E-036
   2.4490000002848582       -8.5860514441833072E-037
   2.4519000002833700       -6.6720291815544325E-037
   2.4548000002818817       -5.1820876399012300E-037
   2.4577000002803939       -4.0228569518031703E-037
   2.4606000002789061       -3.1213903493648971E-037
   2.4635000002774179       -2.4207272266063549E-037
   2.4664000002759296       -1.8764133301008192E-037
   2.4693000002744419       -1.4537731284371664E-037
   2.4722000002729541       -1.1257729583800024E-037
   2.4751000002714658       -8.7134791502860394E-038
   2.4780000002699776       -6.7409256258150789E-038
   2.4809000002684898       -5.2123691216987553E-038
   2.4838000002670020       -4.0284594863037778E-038
   2.4867000002655137       -3.1119424328738735E-038
   2.4896000002640255       -2.4027761997985548E-038
   2.4925000002625377       -1.8543204395170830E-038
   2.4954000002610499       -1.4303634987932688E-038
   2.4983000002595617       -1.1028048910178111E-038
   2.5012000002580739       -8.4984951381335868E-039
   2.5041000002565861       -6.5460135451656073E-039
   2.5070000002550983       -5.0396888274864673E-039
   2.5099000002536105       -3.8781349568789493E-039
   2.5128000002521227       -2.9828739364722730E-039
   2.5157000002506349       -2.2931901500393546E-039
   2.5186000002491471       -1.7621335344400400E-039
   2.5215000002476593       -1.3534166946561680E-039
   2.5244000002461715       -1.0390072623162578E-039
   2.5273000002446837       -7.9726067979456786E-040
   2.5302000002431959       -6.1147284702083821E-040
   2.5331000002417081       -4.6875879406490262E-040
   2.5360000002402203       -3.5918438285761793E-040
   2.5389000002387325       -2.7509428338744716E-040
   2.5418000002372447       -2.1059212111692394E-040
   2.5447000002357569       -1.6113854164157284E-040
   2.5476000002342691       -1.2324060228242699E-040
   2.5505000002327813       -9.4211860170219484E-041
   2.5534000002312935       -7.1987158766289723E-041
   2.5563000002298057       -5.4979713437636665E-041
   2.5592000002283180       -4.1970890854088997E-041
   2.5621000002268302       -3.2025245319328911E-041
   2.5650000002253424       -2.4425056961711450E-041
   2.5679000002238546       -1.8619920478490787E-041
   2.5708000002223668       -1.4187943299363894E-041
   2.5737000002208790       -1.0805894319208823E-041
   2.5766000002193912       -8.2262498410677837E-042
   2.5795000002179034       -6.2595517806156213E-042
   2.5824000002164156       -4.7608553600974168E-042
   2.5853000002149278       -3.6193234121740258E-042
   2.5882000002134400       -2.7502406057216281E-042
   2.5911000002119522       -2.0888878085935568E-042
   2.5940000002104644       -1.5858455880187766E-042
   2.5969000002089766       -1.2033951722775201E-042
   2.5998000002074888       -9.1276175894850979E-043
   2.6027000002060010       -6.9200404153152081E-043
   2.6056000002045132       -5.2439924912224621E-043
   2.6085000002030254       -3.9720795429913672E-043
   2.6114000002015376       -3.0072979877192489E-043
   2.6143000002000498       -2.2758196526760243E-043
   2.6172000001985620       -1.7214811606016328E-043
   2.6201000001970742       -1.3015772553370097E-043
   2.6230000001955864       -9.8365105975752535E-044
   2.6259000001940986       -7.4304617344637759E-044
   2.6288000001926108       -5.6104067516173511E-044
   2.6317000001911230       -4.2342537890196746E-044
   2.6346000001896352       -3.1942109100038374E-044
   2.6375000001881475       -2.4085442788832962E-044
   2.6404000001866597       -1.8153074701361909E-044
   2.6433000001851719       -1.3675727459596024E-044
   2.6462000001836841       -1.0298062608025143E-044
   2.6491000001821963       -7.7511408604553343E-045
   2.6520000001807085       -5.8315083491130029E-045
   2.6549000001792207       -4.3853221474243665E-045
   2.6578000001777329       -3.2963064901663948E-045
   2.6607000001762451       -2.4766195871827916E-045
   2.6636000001747573       -1.8599308804405078E-045
   2.6665000001732695       -1.3961762223845229E-045
   2.6694000001717817       -1.0475861423101424E-045
   2.6723000001702939       -7.8567958585031523E-046
   2.6752000001688061       -5.8898949608936787E-046
   2.6781000001673183       -4.4134287923290735E-046
   2.6810000001658305       -3.3056078149448887E-046
   2.6839000001643427       -2.4747611539643460E-046
   2.6868000001628549       -1.8519196748425551E-046
   2.6897000001613671       -1.3852176638728905E-046
   2.6926000001598793       -1.0356691556425204E-046
   2.6955000001583915       -7.7398284328992814E-047
   2.6984000001569037       -5.7816129956125873E-047
   2.7013000001554159       -4.3169221267012861E-047
   2.7042000001539281       -3.2218627947896279E-047
   2.7071000001524403       -2.4035193125220628E-047
   2.7100000001509525       -1.7922395294739729E-047
   2.7129000001494648       -1.3358339034509574E-047
   2.7158000001479770       -9.9521509885791541E-048
   2.7187000001464892       -7.4112189649806419E-048
   2.7216000001450014       -5.5165890654657727E-048
   2.7245000001435136       -4.1044978310018478E-048
   2.7274000001420258       -3.0525159179141644E-048
   2.7303000001405380       -2.2691565393655772E-048
   2.7332000001390502       -1.6860858754046462E-048
   2.7361000001375624       -1.2522866075651785E-048
   2.7390000001360746       -9.2968685850862108E-049
   2.7419000001345868       -6.8988810068170296E-049
   2.7448000001330990       -5.1171684908009652E-049
   2.7477000001316112       -3.7939357648715394E-049
   2.7506000001301234       -2.8116387196811966E-049
   2.7535000001286356       -2.0827561850720561E-049
   2.7564000001271478       -1.5421506973222735E-049
   2.7593000001256600       -1.1413655185875339E-049
   2.7622000001241722       -8.4436907608144367E-050
   2.7651000001226844       -6.2438090586754312E-050
   2.7680000001211966       -4.6150532202978236E-050
   2.7709000001197088       -3.4096806277321914E-050
   2.7738000001182210       -2.5180286080100947E-050
   2.7767000001167332       -1.8587358132193230E-050
   2.7796000001152454       -1.3714652286563241E-050
   2.7825000001137576       -1.0114912741241115E-050
   2.7854000001122698       -7.4567530584899514E-051
   2.7883000001107821       -5.4947474682568245E-051
   2.7912000001092943       -4.0472137714742108E-051
   2.7941000001078065       -2.9797172393146049E-051
   2.7970000001063187       -2.1928278460658805E-051
   2.7999000001048309       -1.6130382526454672E-051
   2.8028000001033431       -1.1860295524015753E-051
   2.8057000001018553       -8.7168011262846651E-052
   2.8086000001003675       -6.4036799132505165E-052
   2.8115000000988797       -4.7023289955979749E-052
   2.8144000000973919       -3.4514961178568109E-052
   2.8173000000959041       -2.5322863556962825E-052
   2.8202000000944163       -1.8570746075401407E-052
   2.8231000000929285       -1.3613100864061132E-052
   2.8260000000914407       -9.9746119387214764E-053
   2.8289000000899529       -7.3054378607588330E-053
   2.8318000000884651       -5.3482025896135037E-053
   2.8347000000869773       -3.9136399112613845E-053
   2.8376000000854895       -2.8626308834002306E-053
   2.8405000000840017       -2.0929621353812466E-053
   2.8434000000825139       -1.5295686652572873E-053
   2.8463000000810261       -1.1173474135216784E-053
   2.8492000000795383       -8.1586664100303401E-054
   2.8521000000780505       -5.9547272870082948E-054
   2.8550000000765627       -4.3442657330152725E-054
   2.8579000000750749       -3.1679823026350056E-054
   2.8608000000735871       -2.3091971932720111E-054
   2.8637000000720993       -1.6824852133646350E-054
   2.8666000000706116       -1.2253312299461370E-054
   2.8695000000691238       -8.9200607007711079E-055
   2.8724000000676360       -6.4907402062536030E-055
   2.8753000000661482       -4.7209869676056599E-055
   2.8782000000646604       -3.4322868918059392E-055
   2.8811000000631726       -2.4942880956718018E-055
   2.8840000000616848       -1.8118487657803029E-055
   2.8869000000601970       -1.3155568450585495E-055
   2.8898000000587092       -9.5479400012281065E-056
   2.8927000000572214       -6.9266329817757564E-056
   2.8956000000557336       -5.0228145987938948E-056
   2.8985000000542458       -3.6406978578943524E-056
   2.9014000000527580       -2.6377564275922085E-056
   2.9043000000512702       -1.9102813896087120E-056
   2.9072000000497824       -1.3828422609795543E-056
   2.9101000000482946       -1.0006002958013793E-056
   2.9130000000468068       -7.2370460294492171E-057
   2.9159000000453190       -5.2320851899337151E-057
   2.9188000000438312       -3.7809512788759360E-057
   2.9217000000423434       -2.7311163140196914E-057
   2.9246000000408556       -1.9719331612440782E-057
   2.9275000000393678       -1.4231710478961794E-057
   2.9304000000378800       -1.0266796698362054E-057
   2.9333000000363922       -7.4033079177720634E-058
   2.9362000000349044       -5.3361703775287741E-058
   2.9391000000334166       -3.8445598094133509E-058
   2.9420000000319289       -2.7687047723702905E-058
   2.9449000000304411       -1.9930573925066508E-058
   2.9478000000289533       -1.4340890575906898E-058
   2.9507000000274655       -1.0314439524381174E-058
   2.9536000000259777       -7.4152939736147240E-059
   2.9565000000244899       -5.3287380488629123E-059
   2.9594000000230021       -3.8276627135347037E-059
   2.9623000000215143       -2.7482502370346743E-059
   2.9652000000200265       -1.9723874933346923E-059
   2.9681000000185387       -1.4149516172275197E-059
   2.9710000000170509       -1.0146221837585307E-059
   2.9739000000155631       -7.2724469277102021E-060
   2.9768000000140753       -5.2103901019559477E-060
   2.9797000000125875       -3.7314138654567479E-060
   2.9826000000110997       -2.6710999019002285E-060
   2.9855000000096119       -1.9112627661761012E-060
   2.9884000000081241       -1.3669865835759162E-060
   2.9913000000066363       -9.7728608954279430E-061
   2.9942000000051485       -6.9838165207230131E-061
   2.9971000000036607       -4.9885874534843675E-061
