   0.0000000000000000        0.0000000000000000        1.1283200037983443        0.0000000000000000        0.0000000000000000       -1.1283200037983443     
   0.0000000000000000        0.0000000000000000        1.0252502649914568        0.0000000000000000        0.0000000000000000       -1.0252502649914568     
   0.0000000000000000        0.0000000000000000       0.93706595792769143        0.0000000000000000        0.0000000000000000      -0.93706595792769143     
   0.0000000000000000        0.0000000000000000       0.85562943676682379        0.0000000000000000        0.0000000000000000      -0.85562943676682379     
   0.0000000000000000        0.0000000000000000       0.77764457101122675        0.0000000000000000        0.0000000000000000      -0.77764457101122675     
   0.0000000000000000        0.0000000000000000       0.70116618990000001        0.0000000000000000        0.0000000000000000      -0.70116618990000001     
  -0.0000000000000000        0.0000000000000000       0.62468780878877328        0.0000000000000000        0.0000000000000000      -0.62468780878877328     
  -0.0000000000000000        0.0000000000000000       0.54670294303317624        0.0000000000000000        0.0000000000000000      -0.54670294303317624     
  -0.0000000000000000        0.0000000000000000       0.46526642187230854        0.0000000000000000        0.0000000000000000      -0.46526642187230854     
  -0.0000000000000000        0.0000000000000000       0.37708211480854320        0.0000000000000000        0.0000000000000000      -0.37708211480854320     
  -0.0000000000000000        0.0000000000000000       0.27401237600165573        0.0000000000000000        0.0000000000000000      -0.27401237600165573     
