   0.0000000000000000        0.0000000000000000        1.1787226622201676        0.0000000000000000        0.0000000000000000       -1.1787226622201676     
   0.0000000000000000        0.0000000000000000        1.0791987449764489        0.0000000000000000        0.0000000000000000       -1.0791987449764489     
   0.0000000000000000        0.0000000000000000       0.99456219961958769        0.0000000000000000        0.0000000000000000      -0.99456219961958769     
   0.0000000000000000        0.0000000000000000       0.91694056403415569        0.0000000000000000        0.0000000000000000      -0.91694056403415569     
   0.0000000000000000        0.0000000000000000       0.84322842341464699        0.0000000000000000        0.0000000000000000      -0.84322842341464699     
   0.0000000000000000        0.0000000000000000       0.77170085192476245        0.0000000000000000        0.0000000000000000      -0.77170085192476245     
  -0.0000000000000000        0.0000000000000000       0.70116618990000001        0.0000000000000000        0.0000000000000000      -0.70116618990000001     
  -0.0000000000000000        0.0000000000000000       0.63063152787523757        0.0000000000000000        0.0000000000000000      -0.63063152787523757     
  -0.0000000000000000        0.0000000000000000       0.55910395638535304        0.0000000000000000        0.0000000000000000      -0.55910395638535304     
  -0.0000000000000000        0.0000000000000000       0.48539181576584434        0.0000000000000000        0.0000000000000000      -0.48539181576584434     
  -0.0000000000000000        0.0000000000000000       0.40777018018041239        0.0000000000000000        0.0000000000000000      -0.40777018018041239     
  -0.0000000000000000        0.0000000000000000       0.32313363482355123        0.0000000000000000        0.0000000000000000      -0.32313363482355123     
  -0.0000000000000000        0.0000000000000000       0.22360971757983233        0.0000000000000000        0.0000000000000000      -0.22360971757983233     
