 Vibrational Eigenstate, eigenvalue :            0   11.872447936296743     
     0     0.98070614
     1    -0.18549081
     2     0.02798027
     3     0.01855962
     4    -0.02129892
     5    -0.02063303
     6    -0.02100546
     7     0.02088339
     8     0.01846605
     9    -0.01492813
    10    -0.01158426
    11     0.00903881
    12     0.00722444
    13    -0.00584498
    14    -0.00470109
    15     0.00373472
    16    -0.00294158
    17     0.00230922
    18    -0.00181091
    19     0.00141855
    20    -0.00110956
    21     0.00086664
    22    -0.00067611
    23     0.00052690
    24    -0.00041017
    25     0.00031897
    26    -0.00024759
    27    -0.00004658
    28     0.00018686
    29     0.00014865
    30     0.00011478
    31     0.00001322
    32    -0.00008832
    33     0.00006768
    34    -0.00001062
    35    -0.00005186
    36    -0.00003988
    37     0.00000706
    38     0.00002866
    39     0.00001578
    40    -0.00001859
    41    -0.00001637
    42    -0.00001511
    43     0.00000994
    44    -0.00000417
    45     0.00000139
    46     0.00000039
    47    -0.00000010
    48    -0.00000002
    49    -0.00000000
 --------------------------
 Vibrational Eigenstate, eigenvalue :            1   33.367345364134493     
     0     0.18254717
     1     0.83134149
     2    -0.45945315
     3    -0.19075965
     4     0.08815325
     5     0.05486192
     6     0.04857640
     7    -0.05092455
     8    -0.05380606
     9     0.05307094
    10     0.04756008
    11    -0.03940906
    12    -0.03144938
    13     0.02509941
    14     0.02030448
    15    -0.01651852
    16     0.01337617
    17    -0.01075391
    18     0.00860531
    19    -0.00687023
    20     0.00547620
    21    -0.00435756
    22     0.00346146
    23    -0.00274514
    24     0.00217363
    25    -0.00171859
    26     0.00135569
    27     0.00025853
    28    -0.00103960
    29    -0.00083983
    30    -0.00065835
    31    -0.00007652
    32     0.00051429
    33    -0.00039987
    34     0.00006339
    35     0.00031091
    36     0.00024263
    37    -0.00004321
    38    -0.00017688
    39    -0.00009855
    40     0.00011645
    41     0.00010414
    42     0.00009758
    43    -0.00006621
    44     0.00002889
    45    -0.00001007
    46    -0.00000298
    47     0.00000079
    48     0.00000018
    49     0.00000004
 --------------------------
 Vibrational Eigenstate, eigenvalue :            2   51.862242809138657     
     0     0.03458738
     1     0.45205131
     2     0.40680437
     3     0.52653553
     4    -0.38820939
     5    -0.26289816
     6    -0.20219611
     7     0.15644772
     8     0.12038433
     9    -0.10349665
    10    -0.09865122
    11     0.09405508
    12     0.08432820
    13    -0.07126925
    14    -0.05859473
    15     0.04813568
    16    -0.03977254
    17     0.03285885
    18    -0.02701152
    19     0.02209122
    20    -0.01800450
    21     0.01463661
    22    -0.01187093
    23     0.00960541
    24    -0.00775454
    25     0.00624721
    26    -0.00501844
    27    -0.00097172
    28     0.00391756
    29     0.00321937
    30     0.00256633
    31     0.00030140
    32    -0.00203836
    33     0.00161051
    34    -0.00025819
    35    -0.00127237
    36    -0.00100904
    37     0.00018088
    38     0.00074697
    39     0.00042173
    40    -0.00049976
    41    -0.00045439
    42    -0.00043280
    43     0.00030352
    44    -0.00013822
    45     0.00005048
    46     0.00001567
    47    -0.00000433
    48    -0.00000104
    49    -0.00000025
 --------------------------
 Vibrational Eigenstate, eigenvalue :            3   67.357156578893310     
     0     0.05550496
     1     0.17749635
     2     0.53828017
     3     0.17588820
     4     0.14990453
     5     0.26840904
     6     0.33071769
     7    -0.35785516
     8    -0.31885711
     9     0.24678987
    10     0.18595442
    11    -0.15483272
    12    -0.14359160
    13     0.13510369
    14     0.12161134
    15    -0.10493362
    16     0.08895612
    17    -0.07529449
    18     0.06371601
    19    -0.05370104
    20     0.04501217
    21    -0.03755221
    22     0.03121184
    23    -0.02585509
    24     0.02134840
    25    -0.01757440
    26     0.01441415
    27     0.00283979
    28    -0.01148225
    29    -0.00961978
    30    -0.00781392
    31    -0.00092838
    32     0.00632248
    33    -0.00508531
    34     0.00082548
    35     0.00408906
    36     0.00330068
    37    -0.00059597
    38    -0.00248475
    39    -0.00142332
    40     0.00169200
    41     0.00156619
    42     0.00151842
    43    -0.00110343
    44     0.00052601
    45    -0.00020186
    46    -0.00006590
    47     0.00001914
    48     0.00000481
    49     0.00000122
 --------------------------
 Vibrational Eigenstate, eigenvalue :            4   79.856414721342190     
     0     0.02232757
     1     0.15167336
     2     0.34362900
     3    -0.22511725
     4     0.39139636
     5     0.30352118
     6     0.18587972
     7    -0.00896593
     8     0.18663057
     9    -0.30551648
    10    -0.31614687
    11     0.26325990
    12     0.20984834
    13    -0.18346241
    14    -0.17461997
    15     0.16611928
    16    -0.15183969
    17     0.13459464
    18    -0.11788896
    19     0.10282075
    20    -0.08922392
    21     0.07691776
    22    -0.06589767
    23     0.05615670
    24    -0.04762828
    25     0.04022068
    26    -0.03379897
    27    -0.00679379
    28     0.02756255
    29     0.02360938
    30     0.01959257
    31     0.00235858
    32    -0.01618910
    33     0.01328525
    34    -0.00218690
    35    -0.01089534
    36    -0.00896952
    37     0.00163259
    38     0.00687872
    39     0.00400370
    40    -0.00477599
    41    -0.00450857
    42    -0.00445633
    43     0.00336581
    44    -0.00168542
    45     0.00068188
    46     0.00023470
    47    -0.00007184
    48    -0.00001895
    49    -0.00000509
 --------------------------
 Vibrational Eigenstate, eigenvalue :            5   89.589790381383253     
     0     0.00668859
     1     0.10087997
     2     0.28966018
     3    -0.27222397
     4     0.20641934
     5    -0.00877543
     6    -0.19610025
     7     0.36050565
     8     0.38151967
     9    -0.21924295
    10     0.02068598
    11    -0.19357711
    12    -0.24462663
    13     0.22190176
    14     0.19354212
    15    -0.18490904
    16     0.18522535
    17    -0.18095521
    18     0.16994636
    19    -0.15584130
    20     0.14129304
    21    -0.12701653
    22     0.11316986
    23    -0.09997790
    24     0.08766383
    25    -0.07636751
    26     0.06607821
    27     0.01360296
    28    -0.05540917
    29    -0.04871610
    30    -0.04144931
    31    -0.00506619
    32     0.03508899
    33    -0.02946458
    34     0.00492802
    35     0.02471195
    36     0.02080105
    37    -0.00382050
    38    -0.01628790
    39    -0.00965059
    40     0.01155660
    41     0.01114967
    42     0.01125771
    43    -0.00886960
    44     0.00468451
    45    -0.00200575
    46    -0.00073019
    47     0.00023626
    48     0.00006554
    49     0.00001860
 --------------------------
 Vibrational Eigenstate, eigenvalue :            6   98.415389368375543     
     0     0.00716479
     1     0.05333936
     2     0.24424169
     3    -0.29259195
     4     0.08089391
     5    -0.13366828
     6    -0.23854136
     7     0.21365427
     8    -0.00849867
     9     0.29612421
    10     0.42505243
    11    -0.31268727
    12    -0.08409964
    13    -0.08905379
    14    -0.15059324
    15     0.15233675
    16    -0.15254299
    17     0.16427026
    18    -0.17547201
    19     0.17831915
    20    -0.17412062
    21     0.16619705
    22    -0.15624546
    23     0.14493366
    24    -0.13280867
    25     0.12042560
    26    -0.10811113
    27    -0.02292346
    28     0.09383867
    29     0.08516748
    30     0.07466948
    31     0.00929367
    32    -0.06505573
    33     0.05612187
    34    -0.00956238
    35    -0.04831169
    36    -0.04171972
    37     0.00774263
    38     0.03345383
    39     0.02022555
    40    -0.02432627
    41    -0.02405158
    42    -0.02486879
    43     0.02053122
    44    -0.01149351
    45     0.00523169
    46     0.00202195
    47    -0.00069390
    48    -0.00020288
    49    -0.00006103
 --------------------------
 Vibrational Eigenstate, eigenvalue :            7   108.83703477467621     
     0     0.00392380
     1     0.03762846
     2     0.17508755
     3    -0.31889548
     4     0.00341124
     5    -0.16749500
     6    -0.17539487
     7     0.02622278
     8    -0.21824197
     9     0.30568199
    10     0.09529373
    11     0.24159490
    12     0.41272296
    13    -0.32736941
    14    -0.13346621
    15    -0.00503395
    16     0.05764954
    17    -0.07729040
    18     0.10114176
    19    -0.12848298
    20     0.14907640
    21    -0.16043893
    22     0.16502520
    23    -0.16495148
    24     0.16125265
    25    -0.15473617
    26     0.14606219
    27     0.03220285
    28    -0.13269088
    29    -0.12545845
    30    -0.11423074
    31    -0.01454305
    32     0.10312710
    33    -0.09193424
    34     0.01601898
    35     0.08165207
    36     0.07267957
    37    -0.01365493
    38    -0.05992431
    39    -0.03708620
    40     0.04483231
    41     0.04558882
    42     0.04842713
    43    -0.04213733
    44     0.02515525
    45    -0.01223970
    46    -0.00504378
    47     0.00184306
    48     0.00056940
    49     0.00018213
 --------------------------
 Vibrational Eigenstate, eigenvalue :            8   121.23507865301782     
     0     0.00150930
     1     0.02622532
     2     0.13110538
     3    -0.29611636
     4    -0.09518444
     5    -0.20202704
     6    -0.13137294
     7    -0.06184698
     8    -0.20880955
     9     0.08037213
    10    -0.22945272
    11     0.35554288
    12     0.12867552
    13     0.21723973
    14     0.37187296
    15    -0.29432051
    16     0.15041478
    17    -0.06100649
    18     0.02161954
    19     0.01033480
    20    -0.04818846
    21     0.08389839
    22    -0.11152052
    23     0.13128077
    24    -0.14474630
    25     0.15285158
    26    -0.15615334
    27    -0.03648179
    28     0.15179637
    29     0.15208836
    30     0.14580757
    31     0.01913601
    32    -0.13797547
    33     0.12831362
    34    -0.02300351
    35    -0.11853661
    36    -0.10953253
    37     0.02089253
    38     0.09341337
    39     0.05945117
    40    -0.07230772
    41    -0.07600394
    42    -0.08330780
    43     0.07698931
    44    -0.04939634
    45     0.02586619
    46     0.01142401
    47    -0.00446540
    48    -0.00146174
    49    -0.00049888
 --------------------------
 Vibrational Eigenstate, eigenvalue :            9   135.39865392361816     
     0     0.00128779
     1     0.01590165
     2     0.10175707
     3    -0.26113085
     4    -0.16708734
     5    -0.19152281
     6    -0.05184398
     7    -0.14810748
     8    -0.18388001
     9    -0.04503352
    10    -0.23133156
    11     0.05978142
    12    -0.29134545
    13     0.38042025
    14     0.11232844
    15     0.20111285
    16    -0.30420573
    17     0.23820033
    18    -0.15427366
    19     0.10984078
    20    -0.08004361
    21     0.04303484
    22    -0.00164257
    23    -0.03639643
    24     0.06860499
    25    -0.09513798
    26     0.11607074
    27     0.03032344
    28    -0.12856177
    29    -0.14237000
    30    -0.14817792
    31    -0.02037899
    32     0.15044446
    33    -0.14859285
    34     0.02771562
    35     0.14486106
    36     0.14064667
    37    -0.02736885
    38    -0.12527869
    39    -0.08257938
    40     0.10121504
    41     0.11080896
    42     0.12612480
    43    -0.12515083
    44     0.08719577
    45    -0.04956672
    46    -0.02361036
    47     0.00992670
    48     0.00345381
    49     0.00126288
 --------------------------
 Vibrational Eigenstate, eigenvalue :           10   151.19039389360438     
     0     0.00083338
     1     0.01084619
     2     0.07528922
     3    -0.23129483
     4    -0.20645053
     5    -0.14751552
     6     0.03693618
     7    -0.20033806
     8    -0.11734148
     9    -0.13925272
    10    -0.16458587
    11    -0.11910488
    12    -0.25824502
    13    -0.02015637
    14    -0.36767946
    15     0.36094186
    16    -0.07044377
    17    -0.16666335
    18     0.21736970
    19    -0.18089533
    20     0.15307259
    21    -0.13870514
    22     0.11615236
    23    -0.08256026
    24     0.04523644
    25    -0.00878365
    26    -0.02526974
    27    -0.01196035
    28     0.05484716
    29     0.08255708
    30     0.10419489
    31     0.01580669
    32    -0.12157905
    33     0.13345828
    34    -0.02658477
    35    -0.14185763
    36    -0.14835283
    37     0.02974339
    38     0.14058925
    39     0.09721418
    40    -0.12043136
    41    -0.13909556
    42    -0.16607700
    43     0.17990591
    44    -0.13810937
    45     0.08621514
    46     0.04463947
    47    -0.02032492
    48    -0.00754319
    49    -0.00296908
 --------------------------
 Vibrational Eigenstate, eigenvalue :           11   168.53000710465039     
     0     0.00038313
     1     0.00768606
     2     0.05602496
     3    -0.19918663
     4    -0.23248761
     5    -0.09916778
     6     0.10064635
     7    -0.19355997
     8    -0.00891378
     9    -0.20644450
    10    -0.07887290
    11    -0.18146218
    12    -0.08391047
    13    -0.24429040
    14    -0.24056942
    15    -0.14304649
    16     0.40571856
    17    -0.29341461
    18     0.03834978
    19     0.10443438
    20    -0.13100142
    21     0.13429149
    22    -0.14458983
    23     0.14679576
    24    -0.13341644
    25     0.10946373
    26    -0.07993002
    27    -0.01272825
    28     0.04619241
    29     0.01465405
    30    -0.01727210
    31    -0.00529157
    32     0.04733154
    33    -0.07338920
    34     0.01732018
    35     0.09614772
    36     0.11667938
    37    -0.02477703
    38    -0.12333656
    39    -0.09208302
    40     0.11608581
    41     0.14518682
    42     0.18527997
    43    -0.22547736
    44     0.19498938
    45    -0.13585819
    46    -0.07723613
    47     0.03841102
    48     0.01526878
    49     0.00650603
 --------------------------
 Vibrational Eigenstate, eigenvalue :           12   187.36899989574982     
     0     0.00028536
     1     0.00503717
     2     0.04267099
     3    -0.16816690
     4    -0.24537372
     5    -0.04774385
     6     0.14548098
     7    -0.15782055
     8     0.08308999
     9    -0.19529606
    10     0.04963271
    11    -0.20443757
    12     0.03920629
    13    -0.20363351
    14     0.07905338
    15    -0.34862563
    16     0.14244012
    17     0.25446226
    18    -0.37018268
    19     0.21009141
    20    -0.04178051
    21    -0.03041818
    22     0.06256441
    23    -0.09656896
    24     0.12521547
    25    -0.13827551
    26     0.13653721
    27     0.03075780
    28    -0.12099922
    29    -0.10429869
    30    -0.07840298
    31    -0.00730628
    32     0.04870078
    33    -0.01770526
    34    -0.00150637
    35    -0.01319301
    36    -0.04391716
    37     0.01172174
    38     0.06679104
    39     0.06006442
    40    -0.07894331
    41    -0.11537106
    42    -0.16467764
    43     0.23913022
    44    -0.24197869
    45     0.19288044
    46     0.12204419
    47    -0.06703972
    48    -0.02868181
    49    -0.01332000
 --------------------------
 Vibrational Eigenstate, eigenvalue :           13   207.67866450943669     
     0     0.00020183
     1     0.00345500
     2     0.03208392
     3    -0.14188468
     4    -0.24568077
     5     0.00465088
     6     0.17388310
     7    -0.10724347
     8     0.14512355
     9    -0.13312228
    10     0.15083203
    11    -0.14164697
    12     0.15374125
    13    -0.11722077
    14     0.19046390
    15    -0.11670232
    16    -0.28074671
    17     0.34853852
    18     0.00297123
    19    -0.28831828
    20     0.27950653
    21    -0.15446063
    22     0.07421721
    23    -0.03098922
    24    -0.01411874
    25     0.06077810
    26    -0.09651085
    27    -0.02973565
    28     0.11585151
    29     0.12950618
    30     0.12869658
    31     0.01488031
    32    -0.11828082
    33     0.09959683
    34    -0.01422872
    35    -0.07561149
    36    -0.04747823
    37     0.00555190
    38     0.01597360
    39    -0.00568916
    40     0.01372149
    41     0.04833033
    42     0.09546353
    43    -0.19998562
    44     0.25653290
    45    -0.24400895
    46    -0.17521703
    47     0.10794412
    48     0.04999427
    49     0.02551641
 --------------------------
 Vibrational Eigenstate, eigenvalue :           14   229.44401233671522     
     0     0.00010641
     1     0.00247241
     2     0.02410864
     3    -0.11892119
     4    -0.23910515
     5     0.05155296
     6     0.18294838
     7    -0.04553389
     8     0.18147149
     9    -0.05514844
    10     0.19009044
    11    -0.02325080
    12     0.20852172
    13     0.00639963
    14     0.19148922
    15     0.08653446
    16    -0.25203100
    17    -0.09492993
    18     0.40290703
    19    -0.23231604
    20    -0.10480501
    21     0.23320461
    22    -0.19075743
    23     0.13828669
    24    -0.10798569
    25     0.07021403
    26    -0.02260417
    27     0.00921351
    28    -0.02331113
    29    -0.06426744
    30    -0.09468060
    31    -0.01106875
    32     0.11501689
    33    -0.12369795
    34     0.02053189
    35     0.12318010
    36     0.11445205
    37    -0.01876091
    38    -0.09052331
    39    -0.05151843
    40     0.05622591
    41     0.03668125
    42     0.00908794
    43     0.10312378
    44    -0.21750053
    45     0.26937356
    46     0.22632058
    47    -0.15986836
    48    -0.08072897
    49    -0.04576090
 --------------------------
 Vibrational Eigenstate, eigenvalue :           15   252.66047449395188     
     0     0.00007348
     1     0.00170066
     2     0.01836261
     3    -0.09892575
     4    -0.22809295
     5     0.09170917
     6     0.17661721
     7     0.01655673
     8     0.18789372
     9     0.02771697
    10     0.18271135
    11     0.08255252
    12     0.16410959
    13     0.14078862
    14     0.12903382
    15     0.17217377
    16    -0.04409209
    17    -0.28942591
    18     0.12352333
    19     0.30737270
    20    -0.36584834
    21     0.09479459
    22     0.10786647
    23    -0.14567222
    24     0.13929129
    25    -0.13815615
    26     0.12589672
    27     0.01362215
    28    -0.09298061
    29    -0.05227459
    30    -0.00860309
    31    -0.00449003
    32    -0.03285250
    33     0.06772856
    34    -0.01113573
    35    -0.09574475
    36    -0.11580215
    37     0.01906514
    38     0.11570900
    39     0.08351914
    40    -0.09597922
    41    -0.10230964
    42    -0.11079554
    43     0.02814071
    44     0.11810841
    45    -0.24852905
    46    -0.25822738
    47     0.21657444
    48     0.12032620
    49     0.07679728
 --------------------------
 Vibrational Eigenstate, eigenvalue :           16   277.33207353130615     
     0     0.00005414
     1     0.00118662
     2     0.01397058
     3    -0.08222385
     4    -0.21371459
     5     0.12545614
     6     0.15937175
     7     0.07135572
     8     0.16736147
     9     0.10122778
    10     0.13769611
    11     0.15402424
    12     0.06868322
    13     0.19788713
    14    -0.00997837
    15     0.19354781
    16     0.09548095
    17    -0.15619679
    18    -0.23302929
    19     0.29908456
    20     0.11436206
    21    -0.36703354
    22     0.23498120
    23    -0.03638287
    24    -0.04940575
    25     0.08134604
    26    -0.11435405
    27    -0.01312236
    28     0.13278582
    29     0.12881474
    30     0.10695119
    31     0.02419095
    32    -0.07470566
    33     0.03672223
    34    -0.01132006
    35     0.00426125
    36     0.04405676
    37    -0.00323738
    38    -0.07109351
    39    -0.07032937
    40     0.07885692
    41     0.11072138
    42     0.16076931
    43    -0.14263988
    44     0.02216832
    45     0.17116707
    46     0.25079039
    47    -0.26583123
    48    -0.16447520
    49    -0.12042482
 --------------------------
 Vibrational Eigenstate, eigenvalue :           17   303.47037143449040     
     0     0.00003175
     1     0.00085681
     2     0.01062421
     3    -0.06825289
     4    -0.19773885
     5     0.15225446
     6     0.13368588
     7     0.11646235
     8     0.12866189
     9     0.15185967
    10     0.06583424
    11     0.18491567
    12    -0.03389994
    13     0.16782123
    14    -0.13838412
    15     0.11114300
    16     0.18489661
    17     0.00328052
    18    -0.22836957
    19    -0.10813275
    20     0.38568201
    21    -0.10181488
    22    -0.25502524
    23     0.27819844
    24    -0.14081997
    25     0.05504769
    26    -0.00364961
    27    -0.02162911
    28    -0.05195009
    29    -0.09145191
    30    -0.11604840
    31    -0.03730028
    32     0.12308904
    33    -0.11388881
    34     0.03492859
    35     0.09003264
    36     0.05746380
    37    -0.02219164
    38    -0.02051433
    39     0.01765672
    40    -0.00867426
    41    -0.04990754
    42    -0.12861888
    43     0.18176396
    44    -0.15630466
    45    -0.04846127
    46    -0.18890649
    47     0.29083326
    48     0.20389376
    49     0.17593522
 --------------------------
 Vibrational Eigenstate, eigenvalue :           18   331.09403615939175     
     0     0.00002119
     1     0.00060855
     2     0.00814431
     3    -0.05651654
     4    -0.18130100
     5     0.17247783
     6     0.10231082
     7     0.14961339
     8     0.07880998
     9     0.17681727
    10    -0.01343936
    11     0.16920491
    12    -0.12128879
    13     0.08884300
    14    -0.18789872
    15    -0.03548745
    16     0.18254288
    17     0.12962067
    18    -0.08050178
    19    -0.25632156
    20     0.04915448
    21     0.36724014
    22    -0.27616401
    23    -0.08545120
    24     0.22394690
    25    -0.17732922
    26     0.11984041
    27     0.07247649
    28    -0.07210016
    29    -0.03544424
    30     0.01778394
    31     0.03946473
    32    -0.06462040
    33     0.09785134
    34    -0.04634759
    35    -0.11292720
    36    -0.11502609
    37     0.04347835
    38     0.09800724
    39     0.03944683
    40    -0.07380883
    41    -0.04937780
    42     0.03006772
    43    -0.11478861
    44     0.22617668
    45    -0.08241238
    46     0.07295109
    47    -0.27507569
    48    -0.22467582
    49    -0.23833109
 --------------------------
 Vibrational Eigenstate, eigenvalue :           19   360.22863780709525     
     0     0.00001580
     1     0.00043298
     2     0.00626007
     3    -0.04679112
     4    -0.16489799
     5     0.18692215
     6     0.06823637
     7     0.17006486
     8     0.02354619
     9     0.17668821
    10    -0.08398745
    11     0.11708495
    12    -0.17210664
    13    -0.01236720
    14    -0.16319244
    15    -0.14563776
    16     0.06754441
    17     0.20009816
    18     0.06066345
    19    -0.14662859
    20    -0.23822879
    21     0.20571807
    22     0.26139621
    23    -0.36156951
    24     0.08488191
    25     0.11375823
    26    -0.13429269
    27    -0.11222499
    28     0.11350912
    29     0.12901689
    30     0.10382800
    31    -0.03880158
    32    -0.05803159
    33     0.00551161
    34     0.04232935
    35     0.03875836
    36     0.07872115
    37    -0.04922326
    38    -0.10152894
    39    -0.05629131
    40     0.11277853
    41     0.12476956
    42     0.07102098
    43    -0.03154933
    44    -0.19399699
    45     0.16780992
    46     0.07354558
    47     0.21019414
    48     0.21130866
    49     0.29707459
 --------------------------
 Vibrational Eigenstate, eigenvalue :           20   390.90688715369333     
     0     0.00001006
     1     0.00031567
     2     0.00481521
     3    -0.03875324
     4    -0.14905325
     5     0.19638357
     6     0.03303072
     7     0.17803795
     8    -0.03025267
     9     0.15486865
    10    -0.13763930
    11     0.04485723
    12    -0.17467263
    13    -0.10486837
    14    -0.08753381
    15    -0.18307820
    16    -0.07393242
    17     0.14298837
    18     0.17555552
    19    -0.00443011
    20    -0.20087937
    21    -0.18115689
    22     0.32435820
    23     0.09638929
    24    -0.35425632
    25     0.19534534
    26    -0.02035419
    27     0.13248592
    28    -0.02725747
    29    -0.09209378
    30    -0.12638181
    31     0.05057736
    32     0.13303193
    33    -0.10875946
    34    -0.03454462
    35     0.07589084
    36     0.02871667
    37     0.04038144
    38     0.02302366
    39     0.01290505
    40    -0.07881341
    41    -0.12294643
    42    -0.09862654
    43     0.17542545
    44     0.07236323
    45    -0.16219417
    46    -0.20554093
    47    -0.10394330
    48    -0.15266369
    49    -0.33645111
 --------------------------
 Vibrational Eigenstate, eigenvalue :           21   423.16918314903802     
     0     0.00000667
     1     0.00022929
     2     0.00372271
     3    -0.03208597
     4    -0.13407578
     5     0.20135868
     6    -0.00131702
     7     0.17553430
     8    -0.07897047
     9     0.11553449
    10    -0.16691114
    11    -0.03051002
    12    -0.13786563
    13    -0.16256451
    14     0.01579266
    15    -0.14999238
    16    -0.16039131
    17     0.00519162
    18     0.18699724
    19     0.13424815
    20    -0.05356902
    21    -0.23962390
    22    -0.08338457
    23     0.39095321
    24    -0.07208931
    25    -0.25566829
    26     0.24455954
    27    -0.14321241
    28    -0.14237746
    29    -0.03769496
    30     0.02131019
    31    -0.08114922
    32    -0.08046217
    33     0.11212801
    34     0.04033680
    35    -0.12960504
    36    -0.11820843
    37    -0.03102841
    38     0.07644844
    39     0.06353339
    40    -0.00146971
    41     0.04409025
    42     0.02165728
    43    -0.22488198
    44     0.07050663
    45     0.05788294
    46     0.27141047
    47    -0.01647911
    48     0.04960984
    49     0.33856798
 --------------------------
 Vibrational Eigenstate, eigenvalue :           22   457.06351874047851     
     0     0.00000496
     1     0.00016621
     2     0.00288855
     3    -0.02658029
     4    -0.12014469
     5     0.20290880
     6    -0.03427689
     7     0.16295714
     8    -0.11819065
     9     0.06690123
    10    -0.17205363
    11    -0.09796405
    12    -0.07228258
    13    -0.17169714
    14     0.10651819
    15    -0.06623448
    16    -0.17750550
    17    -0.11937806
    18     0.07130784
    19     0.19679750
    20     0.08688002
    21    -0.09931828
    22    -0.27178356
    23     0.03098167
    24     0.37861909
    25    -0.22365956
    26    -0.13475051
    27     0.18385893
    28     0.24387499
    29     0.14358595
    30     0.10147138
    31     0.11585525
    32    -0.05105544
    33    -0.00362043
    34    -0.06463460
    35     0.06727025
    36     0.10644225
    37     0.03614593
    38    -0.10989145
    39    -0.11315964
    40     0.05926090
    41     0.04912435
    42     0.11112581
    43     0.14322652
    44    -0.14412110
    45     0.09885198
    46    -0.23797450
    47     0.11037354
    48     0.07908867
    49    -0.28925065
 --------------------------
 Vibrational Eigenstate, eigenvalue :           23   492.64898463702173     
     0     0.00000335
     1     0.00012243
     2     0.00224490
     3    -0.02203767
     4    -0.10727040
     5     0.20130129
     6    -0.06407437
     7     0.14360329
     8    -0.14781265
     9     0.01269851
    10    -0.15279918
    11    -0.14372911
    12     0.00292937
    13    -0.14072239
    14     0.16183021
    15     0.04016291
    16    -0.12177284
    17    -0.17406424
    18    -0.06785694
    19     0.12637343
    20     0.19150290
    21     0.05610561
    22    -0.13621614
    23    -0.27461708
    24     0.16547324
    25     0.31907196
    26    -0.28636196
    27    -0.30399425
    28    -0.05292504
    29    -0.10637914
    30    -0.11847020
    31    -0.12871632
    32     0.11910104
    33    -0.10994369
    34     0.08966509
    35     0.05596362
    36     0.00183498
    37    -0.05523275
    38     0.04235762
    39     0.09154209
    40    -0.04012628
    41    -0.07678485
    42    -0.19667070
    43     0.01376273
    44     0.09514238
    45    -0.22243785
    46     0.11368974
    47    -0.13971893
    48    -0.19704987
    49     0.18561608
 --------------------------
 Vibrational Eigenstate, eigenvalue :           24   529.99018263845755     
     0     0.00000225
     1     0.00009043
     2     0.00175109
     3    -0.01828646
     4    -0.09556870
     5     0.19760132
     6    -0.09139305
     7     0.11753737
     8    -0.16459990
     9    -0.03867370
    10    -0.11732778
    11    -0.16655416
    12     0.07614532
    13    -0.07584835
    14     0.16633811
    15     0.12305342
    16    -0.02462107
    17    -0.15763082
    18    -0.16096359
    19    -0.02455420
    20     0.15735913
    21     0.16875519
    22     0.02868761
    23    -0.19099802
    24    -0.26557491
    25     0.26575614
    26     0.17926868
    27     0.42380172
    28    -0.22268811
    29    -0.12325885
    30     0.00318865
    31     0.10517870
    32    -0.04894908
    33     0.10335360
    34    -0.08643945
    35    -0.11411526
    36    -0.10507751
    37     0.06808473
    38     0.06683389
    39    -0.01289290
    40    -0.04136367
    41     0.01248814
    42     0.15713601
    43    -0.12887906
    44     0.04632973
    45     0.23398282
    46     0.04608429
    47     0.09011348
    48     0.26001813
    49    -0.04235639
 --------------------------
 Vibrational Eigenstate, eigenvalue :           25   569.17158128159087     
     0     0.00000166
     1     0.00006665
     2     0.00137064
     3    -0.01518430
     4    -0.08491436
     5     0.19176665
     6    -0.11452426
     7     0.08861798
     8    -0.17139593
     9    -0.08588228
    10    -0.06774103
    11    -0.16138048
    12     0.12911875
    13     0.00004163
    14     0.13035247
    15     0.16642801
    16     0.08023660
    17    -0.07121634
    18    -0.16983815
    19    -0.13697890
    20     0.01960425
    21     0.18088350
    22     0.15768291
    23     0.02295556
    24    -0.23747215
    25    -0.20322703
    26     0.36801026
    27    -0.38674360
    28    -0.02786204
    29     0.26363222
    30     0.16374401
    31    -0.04830148
    32    -0.08745131
    33     0.01890490
    34     0.04268703
    35     0.03907164
    36     0.09673604
    37    -0.05089389
    38    -0.11053465
    39    -0.05637827
    40     0.10510062
    41     0.08361012
    42    -0.01247290
    43     0.11291819
    44    -0.17539277
    45    -0.11491103
    46    -0.16164590
    47     0.01493602
    48    -0.23424390
    49    -0.10725833
 --------------------------
 Vibrational Eigenstate, eigenvalue :           26   610.26630879179049     
     0     0.00000117
     1     0.00004962
     2     0.00107526
     3    -0.01262586
     4    -0.07535299
     5     0.18482575
     6    -0.13474929
     7     0.05633831
     8    -0.16621389
     9    -0.12220490
    10    -0.01465225
    11    -0.13577143
    12     0.15957542
    13     0.07493879
    14     0.06003152
    15     0.15565237
    16     0.14701386
    17     0.03578028
    18    -0.10799531
    19    -0.17703830
    20    -0.12104776
    21     0.04776920
    22     0.18200728
    23     0.14510890
    24     0.00336309
    25    -0.30754013
    26    -0.14689333
    27     0.30577334
    28     0.46366886
    29     0.05402440
    30    -0.14986201
    31    -0.02678149
    32     0.15700229
    33    -0.12030139
    34     0.02104531
    35     0.08852606
    36     0.01923403
    37     0.00088144
    38     0.03903358
    39     0.05777921
    40    -0.07718274
    41    -0.11165868
    42    -0.12496360
    43     0.01481284
    44     0.18353281
    45    -0.06980381
    46     0.17270931
    47    -0.11831053
    48     0.11674273
    49     0.21880268
 --------------------------
 Vibrational Eigenstate, eigenvalue :           27   647.32419131838242     
     0     0.00000080
     1     0.00003713
     2     0.00084589
     3    -0.01050745
     4    -0.06673442
     5     0.17662464
     6    -0.15081022
     7     0.02408646
     8    -0.15280909
     9    -0.14854876
    10     0.03920846
    11    -0.09127265
    12     0.16029373
    13     0.12912479
    14    -0.01898909
    15     0.10433492
    16     0.16582059
    17     0.12607755
    18     0.00322246
    19    -0.12749738
    20    -0.17480212
    21    -0.10291172
    22     0.07397909
    23     0.18414686
    24     0.15991762
    25    -0.00623440
    26    -0.33867996
    27    -0.38276997
    28    -0.12687332
    29    -0.34267858
    30    -0.17033455
    31     0.09823105
    32    -0.04258333
    33     0.09147976
    34    -0.07070743
    35    -0.11773627
    36    -0.11529371
    37     0.05502066
    38     0.07829537
    39    -0.00111753
    40    -0.03136765
    41     0.02825593
    42     0.14458674
    43    -0.13180664
    44    -0.04714240
    45     0.20466773
    46    -0.07873216
    47     0.15601041
    48     0.05381271
    49    -0.25240889
 --------------------------
 Vibrational Eigenstate, eigenvalue :           28   653.82161945725795     
     0     0.00000059
     1     0.00002777
     2     0.00066759
     3    -0.00875515
     4    -0.05904505
     5     0.16783426
     6    -0.16367986
     7    -0.00820972
     8    -0.13112182
     9    -0.16189393
    10     0.08615317
    11    -0.03785097
    12     0.13656299
    13     0.15743030
    14    -0.09133091
    15     0.02561598
    16     0.13062664
    17     0.16435033
    18     0.10496254
    19    -0.02194171
    20    -0.14026373
    21    -0.17637234
    22    -0.09381481
    23     0.08337843
    24     0.17620609
    25     0.17851975
    26    -0.05213394
    27     0.39532639
    28    -0.29476449
    29    -0.08489637
    30     0.30816641
    31    -0.17627329
    32    -0.20816741
    33     0.05564024
    34     0.09065970
    35     0.00819316
    36     0.07437011
    37    -0.08110826
    38    -0.11311281
    39    -0.04087981
    40     0.12305470
    41     0.09932891
    42    -0.04272608
    43     0.11601449
    44    -0.13980509
    45    -0.20056432
    46    -0.05402373
    47    -0.09566198
    48    -0.20584776
    49     0.19173792
 --------------------------
 Vibrational Eigenstate, eigenvalue :           29   698.91647197510952     
     0     0.00000043
     1     0.00002089
     2     0.00052813
     3    -0.00730411
     4    -0.05218616
     5     0.15859211
     6    -0.17324431
     7    -0.03908687
     8    -0.10350711
     9    -0.16298083
    10     0.12293360
    11     0.01798160
    12     0.09319120
    13     0.15576527
    14    -0.14080487
    15    -0.05627899
    16     0.05754113
    17     0.14470553
    18     0.15925772
    19     0.08911608
    20    -0.03727028
    21    -0.14663869
    22    -0.18039372
    23    -0.08935572
    24     0.08085812
    25     0.17569516
    26     0.21844689
    27    -0.18178983
    28    -0.14276140
    29     0.39978954
    30     0.12920095
    31     0.30946433
    32     0.21209011
    33    -0.18682192
    34    -0.08577579
    35     0.12710426
    36     0.06259249
    37     0.06625090
    38     0.01828239
    39     0.00958366
    40    -0.10637578
    41    -0.14777618
    42    -0.06755844
    43     0.03459945
    44     0.22977323
    45     0.06359104
    46     0.13161897
    47    -0.03624622
    48     0.26509344
    49    -0.05708966
 --------------------------
 Vibrational Eigenstate, eigenvalue :           30   746.47155341684652     
     0     0.00000030
     1     0.00001581
     2     0.00041878
     3    -0.00609890
     4    -0.04605326
     5     0.14893474
     6    -0.17931883
     7    -0.06709686
     8    -0.07260507
     9    -0.15370419
    10     0.14808618
    11     0.07075975
    12     0.03666870
    13     0.12522900
    14    -0.15713815
    15    -0.11901787
    16    -0.02689956
    17     0.08027724
    18     0.15385199
    19     0.15789240
    20     0.08369103
    21    -0.03912882
    22    -0.14481339
    23    -0.18257408
    24    -0.08664148
    25     0.06758206
    26     0.18535515
    27     0.07010413
    28     0.28412163
    29     0.13159075
    30    -0.31643847
    31    -0.45508241
    32     0.17434295
    33     0.07366620
    34     0.06671092
    35    -0.14739391
    36    -0.13563061
    37    -0.03123444
    38     0.10262086
    39     0.06640218
    40    -0.00395914
    41     0.06184647
    42     0.06756322
    43    -0.18370917
    44    -0.14326368
    45     0.10172685
    46    -0.09787523
    47     0.16094359
    48    -0.19469542
    49    -0.09660602
 --------------------------
 Vibrational Eigenstate, eigenvalue :           31   777.64803543853395     
     0     0.00000022
     1     0.00001197
     2     0.00033307
     3    -0.00510076
     4    -0.04064235
     5     0.13944004
     6    -0.18315848
     7    -0.09312648
     8    -0.03825999
     9    -0.13325585
    10     0.15769482
    11     0.11177177
    12    -0.02073268
    13     0.07708590
    14    -0.14379668
    15    -0.15410619
    16    -0.10360148
    17    -0.01067889
    18     0.08922478
    19     0.15404455
    20     0.15422494
    21     0.08024309
    22    -0.03792303
    23    -0.14731078
    24    -0.19390679
    25    -0.10215195
    26     0.02893353
    27    -0.07009155
    28     0.18464810
    29    -0.26955551
    30    -0.23610946
    31     0.47036032
    32    -0.23599816
    33     0.24358616
    34    -0.03760829
    35    -0.01199328
    36     0.05683325
    37    -0.00094034
    38    -0.10554177
    39    -0.09060422
    40     0.09254226
    41     0.07799838
    42     0.03771827
    43     0.17676853
    44    -0.05370731
    45    -0.16862534
    46    -0.01977211
    47    -0.19219541
    48     0.02305159
    49     0.20046716
 --------------------------
 Vibrational Eigenstate, eigenvalue :           32   797.23471652571641     
     0     0.00000016
     1     0.00000910
     2     0.00026542
     3    -0.00426778
     4    -0.03579117
     5     0.12969764
     6    -0.18372301
     7    -0.11475580
     8    -0.00466638
     9    -0.10667039
    10     0.15548754
    11     0.14130785
    12    -0.07558609
    13     0.01562223
    14    -0.10023669
    15    -0.14958247
    16    -0.14642336
    17    -0.09066507
    18     0.00023100
    19     0.09486212
    20     0.15706300
    21     0.16011581
    22     0.09207413
    23    -0.01867574
    24    -0.13582592
    25    -0.19026652
    26    -0.11267143
    27    -0.06506434
    28    -0.02105669
    29    -0.24088271
    30     0.31678242
    31    -0.37986181
    32    -0.29836424
    33    -0.21356455
    34    -0.04055095
    35     0.21510811
    36     0.10398120
    37     0.02911781
    38    -0.01477990
    39     0.00944066
    40    -0.06801617
    41    -0.13031792
    42    -0.11465533
    43     0.00145172
    44     0.19593683
    45     0.09069548
    46     0.12444608
    47     0.09609960
    48     0.16175404
    49    -0.20438696
 --------------------------
 Vibrational Eigenstate, eigenvalue :           33   850.04509450226192     
     0     0.00000012
     1     0.00000695
     2     0.00021203
     3    -0.00357619
     4    -0.03151498
     5     0.12027992
     6    -0.18242974
     7    -0.13341883
     8     0.02890756
     9    -0.07350538
    10     0.13958649
    11     0.15381193
    12    -0.11723920
    13    -0.04440040
    14    -0.04147166
    15    -0.11450299
    16    -0.15269803
    17    -0.14351604
    18    -0.08813569
    19    -0.00139776
    20     0.08933152
    21     0.15327036
    22     0.16340273
    23     0.10593210
    24     0.00281437
    25    -0.12676545
    26    -0.19303326
    27     0.10651928
    28    -0.13095446
    29     0.06291975
    30     0.25600200
    31     0.34017349
    32     0.33235958
    33    -0.24426232
    34     0.22290711
    35    -0.12038356
    36    -0.18056874
    37    -0.06212210
    38     0.11914456
    39     0.10706623
    40    -0.02504642
    41     0.04600166
    42     0.04607539
    43    -0.19264851
    44    -0.16300962
    45     0.05539146
    46    -0.12290547
    47     0.07537890
    48    -0.25567822
    49     0.10574601
 --------------------------
 Vibrational Eigenstate, eigenvalue :           34   889.40215665959931     
     0     0.00000008
     1     0.00000532
     2     0.00016976
     3    -0.00299898
     4    -0.02771492
     5     0.11103384
     6    -0.17899967
     7    -0.14814210
     8     0.06014932
     9    -0.03730877
    10     0.11353098
    11     0.15073778
    12    -0.14313891
    13    -0.09590246
    14     0.02297798
    15    -0.05617586
    16    -0.12084847
    17    -0.15351678
    18    -0.14407402
    19    -0.09300160
    20    -0.01180702
    21     0.07645620
    22     0.14595882
    23     0.16759120
    24     0.12780293
    25     0.03528294
    26    -0.10126397
    27    -0.02898074
    28    -0.18887810
    29     0.20021285
    30    -0.10925650
    31    -0.27583753
    32     0.25847250
    33     0.20688099
    34    -0.42255164
    35    -0.22013401
    36     0.02089439
    37     0.09959063
    38    -0.09194608
    39    -0.13361244
    40     0.05749422
    41     0.06928007
    42     0.12035518
    43     0.21030574
    44    -0.00614908
    45    -0.13312026
    46     0.00562000
    47    -0.20861622
    48     0.20042672
    49     0.04390000
 --------------------------
 Vibrational Eigenstate, eigenvalue :           35   906.38778433968582     
     0     0.00000006
     1     0.00000408
     2     0.00013613
     3    -0.00251487
     4    -0.02431505
     5     0.10188943
     6    -0.17339039
     7    -0.15843528
     8     0.08743727
     9    -0.00101579
    10     0.08080064
    11     0.13438873
    12    -0.15232624
    13    -0.13316816
    14     0.08287999
    15     0.01340944
    16    -0.05945496
    17    -0.11903225
    18    -0.15070645
    19    -0.14541881
    20    -0.10176105
    21    -0.02776790
    22     0.05860262
    23     0.13572417
    24     0.17263422
    25     0.15765617
    26     0.07747930
    27     0.06219661
    28    -0.04362889
    29     0.13958846
    30    -0.24278670
    31     0.08226739
    32    -0.13382289
    33     0.36166055
    34     0.45978367
    35     0.12084088
    36     0.23714536
    37    -0.11113616
    38    -0.05634669
    39     0.03736134
    40     0.01513262
    41    -0.07489563
    42    -0.20009686
    43    -0.03288490
    44     0.14505629
    45     0.06956647
    46     0.13459478
    47     0.20375256
    48    -0.02539715
    49    -0.16270364
 --------------------------
 Vibrational Eigenstate, eigenvalue :           36   967.45116688255689     
     0     0.00000005
     1     0.00000314
     2     0.00010946
     3    -0.00211271
     4    -0.02133999
     5     0.09332141
     6    -0.16690662
     7    -0.16595724
     8     0.11202087
     9     0.03579595
    10     0.04144545
    11     0.10401702
    12    -0.14129048
    13    -0.14794296
    14     0.12408596
    15     0.07495558
    16     0.01009494
    17    -0.05799570
    18    -0.11577827
    19    -0.15065402
    20    -0.15384740
    21    -0.12155319
    22    -0.05841594
    23     0.02379627
    24     0.10662259
    25     0.16026836
    26     0.17467983
    27    -0.00308011
    28     0.11456782
    29     0.00670679
    30    -0.11084492
    31     0.04992322
    32    -0.30963027
    33    -0.21724600
    34    -0.39436585
    35     0.39846044
    36    -0.13960857
    37     0.02120232
    38     0.17212391
    39     0.09123024
    40    -0.09315631
    41    -0.02771418
    42     0.07525172
    43    -0.16133044
    44    -0.12110440
    45     0.07134215
    46    -0.17219899
    47    -0.05224563
    48    -0.16250879
    49     0.18370414
 --------------------------
 Vibrational Eigenstate, eigenvalue :           37   993.74474481023879     
     0     0.00000003
     1     0.00000243
     2     0.00008804
     3    -0.00177182
     4    -0.01864398
     5     0.08476108
     6    -0.15835048
     7    -0.16870669
     8     0.13059841
     9     0.06806304
    10     0.00226060
    11     0.06736040
    12    -0.11716252
    13    -0.14476134
    14     0.14674883
    15     0.12342135
    16     0.07868058
    17     0.01968473
    18    -0.04397482
    19    -0.10131947
    20    -0.14142084
    21    -0.15541723
    22    -0.13724019
    23    -0.08811910
    24    -0.01264919
    25     0.07301071
    26     0.14659514
    27    -0.08431759
    28     0.17922972
    29    -0.15697176
    30     0.08401570
    31    -0.05845270
    32    -0.04317090
    33    -0.32666454
    34     0.40865550
    35    -0.28482397
    36    -0.24185133
    37     0.19193878
    38    -0.03376229
    39    -0.13729825
    40     0.05763037
    41     0.09034302
    42     0.14834297
    43     0.17607645
    44    -0.02794824
    45    -0.14321248
    46     0.05844190
    47    -0.14476068
    48     0.24286365
    49    -0.09606300
 --------------------------
 Vibrational Eigenstate, eigenvalue :           38   1029.8600482258626     
     0     0.00000003
     1     0.00000188
     2     0.00007096
     3    -0.00148703
     4    -0.01627149
     5     0.07671817
     6    -0.14913339
     7    -0.16868835
     8     0.14511744
     9     0.09707438
    10    -0.03713145
    11     0.02458712
    12    -0.07955681
    13    -0.12092301
    14     0.14379282
    15     0.14553578
    16     0.12601496
    17     0.08763923
    18     0.03532517
    19    -0.02396577
    20    -0.08155585
    21    -0.12827155
    22    -0.15519427
    23    -0.15489362
    24    -0.12506462
    25    -0.06359719
    26     0.01488078
    27     0.01236689
    28     0.10918012
    29    -0.18211689
    30     0.17387361
    31     0.09219292
    32     0.18218495
    33     0.02173326
    34    -0.36063326
    35    -0.28394346
    36     0.10692989
    37    -0.37597561
    38    -0.24207161
    39     0.05059957
    40     0.09857625
    41    -0.01151804
    42    -0.23756228
    43    -0.01273105
    44     0.12989088
    45     0.06016816
    46     0.12327953
    47     0.24218309
    48    -0.16224407
    49    -0.04500009
 --------------------------
 Vibrational Eigenstate, eigenvalue :           39   1087.6918247932595     
     0     0.00000002
     1     0.00000146
     2     0.00005725
     3    -0.00124737
     4    -0.01416199
     5     0.06905409
     6    -0.13910887
     7    -0.16564642
     8     0.15478420
     9     0.12094564
    10    -0.07335212
    11    -0.01943195
    12    -0.03423503
    13    -0.08182235
    14     0.11841803
    15     0.14025426
    16     0.14496155
    17     0.13177614
    18     0.10170117
    19     0.05760663
    20     0.00407195
    21    -0.05249128
    22    -0.10490771
    23    -0.14456042
    24    -0.16397390
    25    -0.15695364
    26    -0.11594224
    27    -0.03106251
    28    -0.06344923
    29    -0.03920829
    30     0.13659541
    31    -0.07047776
    32     0.16459149
    33     0.25973693
    34     0.11282967
    35     0.05900855
    36     0.43018643
    37     0.40551293
    38     0.11310621
    39     0.07225596
    40    -0.22286209
    41    -0.12538743
    42     0.09510973
    43    -0.12875437
    44    -0.06383086
    45     0.10674963
    46    -0.21632695
    47    -0.16053968
    48    -0.02456528
    49     0.15020892
 --------------------------
 Vibrational Eigenstate, eigenvalue :           40   1100.6879468962252     
     0     0.00000001
     1     0.00000113
     2     0.00004605
     3    -0.00104041
     4    -0.01221600
     5     0.06137246
     6    -0.12750755
     7    -0.15845174
     8     0.15782344
     9     0.13676005
    10    -0.10185660
    11    -0.05826257
    12     0.01064310
    13    -0.03661730
    14     0.07944288
    15     0.11419203
    16     0.13781093
    17     0.14803136
    18     0.14352190
    19     0.12411385
    20     0.09088526
    21     0.04631536
    22    -0.00554588
    23    -0.05971070
    24    -0.10869771
    25    -0.14650554
    26    -0.16328339
    27     0.02531743
    28    -0.14961100
    29     0.11586075
    30    -0.02417730
    31    -0.02647168
    32     0.06241337
    33     0.15686002
    34     0.05354270
    35     0.35644922
    36    -0.24270283
    37    -0.41986672
    38     0.34995363
    39    -0.03523512
    40     0.08570516
    41     0.14077031
    42     0.12407331
    43     0.08479843
    44    -0.09732936
    45    -0.18635845
    46     0.12637209
    47    -0.04470041
    48     0.18767514
    49    -0.15324674
 --------------------------
 Vibrational Eigenstate, eigenvalue :           41   1178.5988860020263     
     0     0.00000001
     1     0.00000088
     2     0.00003718
     3    -0.00087001
     4    -0.01054932
     5     0.05451296
     6    -0.11653363
     7    -0.15048419
     8     0.15832897
     9     0.14879188
    10    -0.12655429
    11    -0.09502248
    12     0.05724922
    13     0.01619239
    14     0.02522873
    15     0.06416120
    16     0.09788652
    17     0.12391163
    18     0.14009539
    19     0.14474088
    20     0.13682097
    21     0.11596289
    22     0.08288423
    23     0.03921409
    24    -0.01228328
    25    -0.06647197
    26    -0.12035587
    27     0.06648128
    28    -0.14798769
    29     0.18397216
    30    -0.18710070
    31     0.03342461
    32    -0.12213970
    33    -0.08067259
    34    -0.04123172
    35     0.05596478
    36    -0.30636834
    37     0.48672583
    38    -0.23775603
    39    -0.06980532
    40     0.25491593
    41     0.04460938
    42    -0.18679506
    43     0.07226391
    44     0.15722952
    45     0.07816876
    46     0.08332926
    47     0.21702716
    48    -0.21264416
    49     0.05577360
 --------------------------
 Vibrational Eigenstate, eigenvalue :           42   1262.1315386205588     
     0     0.00000001
     1     0.00000068
     2     0.00002983
     3    -0.00072070
     4    -0.00899258
     5     0.04762169
     6    -0.10430240
     7    -0.13902786
     8     0.15273085
     9     0.15230254
    10    -0.14106635
    11    -0.12118598
    12     0.09449848
    13     0.06277993
    14    -0.02783743
    15     0.00846189
    16     0.04420052
    17     0.07742950
    18     0.10621773
    19     0.12869840
    20     0.14313166
    21     0.14804541
    22     0.14215463
    23     0.12495276
    24     0.09593819
    25     0.05629529
    26     0.00798513
    27    -0.00787579
    28    -0.05232380
    29     0.10223367
    30    -0.15617485
    31    -0.03547162
    32    -0.19748651
    33    -0.17344931
    34     0.08379129
    35    -0.21648637
    36     0.01546591
    37    -0.37210095
    38    -0.30381387
    39    -0.16362139
    40    -0.32988336
    41    -0.26103856
    42     0.04703830
    43    -0.12168732
    44    -0.02123973
    45     0.12996279
    46    -0.23340367
    47    -0.21962334
    48     0.08497912
    49     0.07248684
 --------------------------
 Vibrational Eigenstate, eigenvalue :           43   1451.5108547070358     
     0     0.00000001
     1     0.00000052
     2     0.00002372
     3    -0.00058966
     4    -0.00754624
     5     0.04082244
     6    -0.09128036
     7    -0.12492915
     8     0.14210580
     9     0.14829991
    10    -0.14590949
    11    -0.13628453
    12     0.12044830
    13     0.09933804
    14    -0.07390301
    15    -0.04514888
    16    -0.01416129
    17     0.01788989
    18     0.04973805
    19     0.08004646
    20     0.10737975
    21     0.13027855
    22     0.14722609
    23     0.15665986
    24     0.15733904
    25     0.14728398
    26     0.12617671
    27     0.01474444
    28     0.10002839
    29    -0.04976410
    30    -0.00368698
    31     0.05958427
    32    -0.06819718
    33    -0.12892637
    34    -0.09092511
    35    -0.14796481
    36     0.29776613
    37     0.09701436
    38     0.07781842
    39     0.58828504
    40     0.06251659
    41     0.18022525
    42     0.08299827
    43    -0.03124004
    44    -0.17738947
    45    -0.23269525
    46     0.18468736
    47     0.04907918
    48     0.09719956
    49    -0.14204486
 --------------------------
 Vibrational Eigenstate, eigenvalue :           44   1746.4635483991824     
     0     0.00000000
     1     0.00000041
     2     0.00001894
     3    -0.00048401
     4    -0.00634313
     5     0.03499701
     6    -0.07974823
     7    -0.11177076
     8     0.13108920
     9     0.14219495
    10    -0.14691069
    11    -0.14611897
    12     0.14037800
    13     0.13012881
    14    -0.11578311
    15    -0.09776634
    16    -0.07654473
    17    -0.05264166
    18    -0.02665148
    19     0.00074328
    20     0.02877918
    21     0.05654699
    22     0.08309650
    23     0.10719639
    24     0.12765033
    25     0.14299127
    26     0.15097862
    27    -0.03014419
    28     0.14826243
    29    -0.13910112
    30     0.11482896
    31     0.01038391
    32     0.08051257
    33     0.00308197
    34    -0.02561228
    35    -0.04503324
    36     0.15594214
    37     0.00670837
    38     0.43744885
    39    -0.48724061
    40    -0.11940144
    41     0.19206423
    42     0.00735583
    43     0.21588803
    44     0.21094290
    45     0.11313385
    46     0.02836011
    47     0.15657384
    48    -0.19695002
    49     0.10767499
 --------------------------
 Vibrational Eigenstate, eigenvalue :           45   2146.6524007872904     
     0     0.00000000
     1     0.00000031
     2     0.00001469
     3    -0.00038397
     4    -0.00512955
     5     0.02874777
     6    -0.06648303
     7    -0.09489266
     8     0.11387096
     9     0.12702154
    10    -0.13575034
    11    -0.14066826
    12     0.14209233
    13     0.14021361
    14    -0.13516661
    15    -0.12706438
    16    -0.11601696
    17    -0.10214716
    18    -0.08559611
    19    -0.06654009
    20    -0.04519013
    21    -0.02180903
    22     0.00326033
    23     0.02966886
    24     0.05678324
    25     0.08428162
    26     0.11124584
    27    -0.05744962
    28     0.12462628
    29    -0.15681356
    30     0.17171555
    31    -0.03746503
    32     0.18055002
    33     0.18139967
    34     0.04081878
    35     0.13383772
    36    -0.16652986
    37    -0.01283287
    38    -0.01946210
    39     0.05230408
    40     0.54955906
    41    -0.32561819
    42    -0.14714932
    43    -0.15283243
    44    -0.00581062
    45     0.12920144
    46    -0.22019173
    47    -0.23023633
    48     0.14387514
    49    -0.00045034
 --------------------------
 Vibrational Eigenstate, eigenvalue :           46   2664.7675460156265     
     0     0.00000000
     1     0.00000023
     2     0.00001106
     3    -0.00029456
     4    -0.00399832
     5     0.02269780
     6    -0.05312558
     7    -0.07694497
     8     0.09402023
     9     0.10717707
    10    -0.11750907
    11    -0.12547385
    12     0.13128531
    13     0.13504396
    14    -0.13678970
    15    -0.13652688
    16    -0.13423757
    17    -0.12988817
    18    -0.12343662
    19    -0.11482901
    20    -0.10401617
    21    -0.09092880
    22    -0.07552300
    23    -0.05773652
    24    -0.03748933
    25    -0.01493757
    26     0.01023271
    27     0.00626764
    28     0.04047681
    29    -0.06885190
    30     0.10072672
    31     0.01904430
    32     0.13489633
    33     0.17718875
    34    -0.02789045
    35     0.21002165
    36    -0.21322991
    37     0.12489155
    38    -0.35108865
    39    -0.13716230
    40    -0.45801971
    41     0.06256200
    42    -0.05674155
    43    -0.18658406
    44    -0.25549459
    45    -0.26713635
    46     0.22088930
    47     0.11550835
    48     0.01360143
    49    -0.09806301
 --------------------------
 Vibrational Eigenstate, eigenvalue :           47   3319.2561945530956     
     0     0.00000000
     1     0.00000017
     2     0.00000822
     3    -0.00022252
     4    -0.00306228
     5     0.01757609
     6    -0.04155891
     7    -0.06093752
     8     0.07559005
     9     0.08771435
    10    -0.09817440
    11    -0.10734189
    12     0.11539844
    13     0.12243533
    14    -0.12849392
    15    -0.13358383
    16    -0.13769282
    17    -0.14079040
    18    -0.14283140
    19    -0.14375519
    20    -0.14348348
    21    -0.14192871
    22    -0.13895478
    23    -0.13446120
    24    -0.12817225
    25    -0.11993390
    26    -0.10900462
    27    -0.01100251
    28    -0.10200987
    29     0.08301603
    30    -0.05969923
    31    -0.04744511
    32    -0.04631460
    33    -0.01333182
    34     0.07663222
    35     0.02214956
    36    -0.05006531
    37    -0.11441741
    38    -0.10959671
    39     0.34401135
    40    -0.04315696
    41    -0.07796803
    42     0.46487774
    43     0.39126387
    44     0.27126766
    45     0.15173790
    46    -0.02642238
    47     0.08828671
    48    -0.14960488
    49     0.11769094
 --------------------------
 Vibrational Eigenstate, eigenvalue :           48   4149.5966962335706     
     0     0.00000000
     1     0.00000011
     2     0.00000540
     3    -0.00014777
     4    -0.00205239
     5     0.01186556
     6    -0.02824393
     7    -0.04174579
     8     0.05228618
     9     0.06135942
    10    -0.06956419
    11    -0.07716875
    12     0.08431449
    13     0.09108316
    14    -0.09752403
    15    -0.10366668
    16    -0.10952693
    17    -0.11511122
    18    -0.12041616
    19    -0.12543318
    20    -0.13014113
    21    -0.13451609
    22    -0.13851770
    23    -0.14208474
    24    -0.14518151
    25    -0.14758132
    26    -0.14926637
    27     0.02468913
    28    -0.14812086
    29     0.15027778
    30    -0.14833477
    31    -0.00563070
    32    -0.14391333
    33    -0.14094459
    34     0.00500362
    35    -0.12733158
    36     0.09399975
    37    -0.03218127
    38     0.11839488
    39     0.04037646
    40    -0.00519877
    41     0.49903866
    42    -0.45692610
    43    -0.12382682
    44     0.03202001
    45     0.13060883
    46    -0.19498382
    47    -0.20920613
    48     0.15697932
    49    -0.04624308
 --------------------------
 Vibrational Eigenstate, eigenvalue :           49   5140.3269135829432     
     0     0.00000000
     1     0.00000006
     2     0.00000312
     3    -0.00008602
     4    -0.00120286
     5     0.00699138
     6    -0.01672338
     7    -0.02486255
     8     0.03135977
     9     0.03710283
    10    -0.04245472
    11    -0.04758555
    12     0.05259242
    13     0.05753929
    14    -0.06247324
    15    -0.06743251
    16    -0.07245062
    17    -0.07755937
    18    -0.08279079
    19    -0.08817804
    20    -0.09376067
    21    -0.09957681
    22    -0.10568980
    23    -0.11214586
    24    -0.11906353
    25    -0.12657620
    26    -0.13502118
    27     0.05986829
    28    -0.13233294
    29     0.15159890
    30    -0.16463313
    31     0.04530124
    32    -0.17106728
    33    -0.18843892
    34    -0.06795450
    35    -0.20286919
    36     0.23091431
    37     0.03380516
    38     0.24065545
    39    -0.27652569
    40     0.22646351
    41    -0.46090696
    42     0.08989397
    43    -0.17466815
    44    -0.23489442
    45    -0.24325470
    46     0.21552574
    47     0.14588168
    48    -0.04695185
    49    -0.04580652
 --------------------------
