  0.10000000149011612       -8.8768023215881325E-003
  0.10390000148862277       -9.1583454569473238E-003
  0.10780000148712943       -9.4335245952680263E-003
  0.11170000148563608       -9.7015504870778257E-003
  0.11560000148414273       -9.9617009465740054E-003
  0.11950000148264939       -1.0213325079013607E-002
  0.12340000148115604       -1.0455845718561440E-002
  0.12730000147966269       -1.0688759952285611E-002
  0.13120000147816935       -1.0911637641206458E-002
  0.13510000147667600       -1.1124117888118122E-002
  0.13900000147518266       -1.1325903443799228E-002
  0.14290000147368931       -1.1516753087620303E-002
  0.14680000147219596       -1.1696472064808779E-002
  0.15070000147070262       -1.1864900710048656E-002
  0.15460000146920927       -1.2021901434934746E-002
  0.15850000146771592       -1.2167344304268959E-002
  0.16240000146622258       -1.2301091472447019E-002
  0.16630000146472923       -1.2422980795345267E-002
  0.17020000146323588       -1.2532808974249098E-002
  0.17410000146174254       -1.2630314625503640E-002
  0.17800000146024919       -1.2715161701699573E-002
  0.18190000145875584       -1.2786923716316855E-002
  0.18580000145726250       -1.2845069242791827E-002
  0.18970000145576915       -1.2888949169929050E-002
  0.19360000145427581       -1.2917786197441718E-002
  0.19750000145278246       -1.2930667047245903E-002
  0.20140000145128911       -1.2926537847106409E-002
  0.20530000144979577       -1.2904203112628243E-002
  0.20920000144830242       -1.2862328710865803E-002
  0.21310000144680907       -1.2799449133671318E-002
  0.21700000144531573       -1.2713979341264954E-002
  0.22090000144382238       -1.2604231356641916E-002
  0.22480000144232903       -1.2468435699939441E-002
  0.22870000144083569       -1.2304767649758859E-002
  0.23260000143934234       -1.2111378207077578E-002
  0.23650000143784899       -1.1886429518611035E-002
  0.24040000143635565       -1.1628134392558130E-002
  0.24430000143486230       -1.1334799413227147E-002
  0.24820000143336896       -1.1004871035143615E-002
  0.25210000143187561       -1.0636983915232670E-002
  0.25600000143038226       -1.0230010627158875E-002
  0.25990000142888892       -9.7831117986563691E-003
  0.26380000142739557       -9.2957856245091310E-003
  0.26770000142590222       -8.7679156384812256E-003
  0.27160000142440888       -8.1998155804800018E-003
  0.27550000142291553       -7.5922701737358928E-003
  0.27940000142142218       -6.9465706334755958E-003
  0.28330000141992884       -6.2645437654924524E-003
  0.28720000141843549       -5.5485735814435385E-003
  0.29110000141694214       -4.8016144580160956E-003
  0.29500000141544880       -4.0271949987156939E-003
  0.29890000141395545       -3.2294119183179349E-003
  0.30280000141246211       -2.4129134583090700E-003
  0.30670000141096876       -1.5828720531942653E-003
  0.31060000140947541       -7.4494619764969839E-004
  0.31450000140798207        9.4768292475922887E-005
  0.31840000140648872        9.2979718272186390E-004
  0.32230000140499537        1.7533561943552790E-003
  0.32620000140350203        2.5584279172227550E-003
  0.33010000140200868        3.3378461014907622E-003
  0.33400000140051533        4.0843859647203282E-003
  0.33790000139902199        4.7908589760721218E-003
  0.34180000139752864        5.4502104402493973E-003
  0.34570000139603529        6.0556181052726470E-003
  0.34960000139454195        6.6005899643675030E-003
  0.35350000139304860        7.0790594157687133E-003
  0.35740000139155526        7.4854759861778574E-003
  0.36130000139006191        7.8148899133958522E-003
  0.36520000138856856        8.0630290190325388E-003
  0.36910000138707522        8.2263664792722371E-003
  0.37300000138558187        8.3021783149995268E-003
  0.37690000138408852        8.2885896653345659E-003
  0.38080000138259518        8.1846091728342979E-003
  0.38470000138110183        7.9901510854721997E-003
  0.38860000137960848        7.7060449607146133E-003
  0.39250000137811514        7.3340331311220683E-003
  0.39640000137662179        6.8767563497554446E-003
  0.40030000137512844        6.3377282687445960E-003
  0.40420000137363510        5.7212996081981160E-003
  0.40810000137214175        5.0326130390978205E-003
  0.41200000137064841        4.2775499284695333E-003
  0.41590000136915506        3.4626701753939179E-003
  0.41980000136766171        2.5951464017470133E-003
  0.42370000136616837        1.6826937534531342E-003
  0.42760000136467502        7.3349651999690506E-004
  0.43150000136318167       -2.4386730263916418E-004
  0.43540000136168833       -1.2405024905741283E-003
  0.43930000136019498       -2.2472732264998247E-003
  0.44320000135870163       -3.2548791437813744E-003
  0.44710000135720829       -4.2539301737647989E-003
  0.45100000135571494       -5.2350197204875937E-003
  0.45490000135422159       -6.1887957993452120E-003
  0.45880000135272825       -7.1060298623372119E-003
  0.46270000135123490       -7.9776830857730113E-003
  0.46660000134974156       -8.7949699121102499E-003
  0.47050000134824821       -9.5494186134885348E-003
  0.47440000134675486       -1.0232928580481256E-002
  0.47830000134526152       -1.0837823938115512E-002
  0.48220000134376817       -1.1356902957303653E-002
  0.48610000134227482       -1.1783482570848733E-002
  0.49000000134078148       -1.2111437128578408E-002
  0.49390000133928813       -1.2335230347094462E-002
  0.49780000133779478       -1.2449939238492318E-002
  0.50170000133630155       -1.2451268652287177E-002
  0.50560000133480820       -1.2335554948815445E-002
  0.50950000133331486       -1.2099757253135135E-002
  0.51340000133182162       -1.1741434727277978E-002
  0.51730000133032839       -1.1258708355152226E-002
  0.52120000132883504       -1.0650205865641261E-002
  0.52510000132734169       -9.9149886298563264E-003
  0.52900000132584846       -9.0524596592960506E-003
  0.53290000132435522       -8.0622522006811199E-003
  0.53680000132286187       -6.9440988648666697E-003
  0.54070000132136853       -5.6976817325150760E-003
  0.54460000131987529       -4.3224644360183818E-003
  0.54850000131838206       -2.8175078105786323E-003
  0.55240000131688871       -1.1812713201675732E-003
  0.55630000131539536        5.8859692264714048E-004
  0.56020000131390213        2.4954781303097012E-003
  0.56410000131240889        4.5440048408066881E-003
  0.56800000131091555        6.7402824846628110E-003
  0.57190000130942220        9.0921056427269997E-003
  0.57580000130792897        1.1609163799662715E-002
  0.57970000130643573        1.4303231189144679E-002
  0.58360000130494238        1.7188335240144150E-002
  0.58750000130344904        2.0280898177846379E-002
  0.59140000130195580        2.3599846512599946E-002
  0.59530000130046257        2.7166683467051873E-002
  0.59920000129896922        3.1005519842739492E-002
  0.60310000129747587        3.5143059406754738E-002
  0.60700000129598264        3.9608535577157315E-002
  0.61090000129448940        4.4433596990024478E-002
  0.61480000129299606        4.9652140426198352E-002
  0.61870000129150271        5.5300090544560324E-002
  0.62260000129000947        6.1415126891993820E-002
  0.62650000128851624        6.8036359717893319E-002
  0.63040000128702289        7.5203957192283080E-002
  0.63430000128552955        8.2958727690253350E-002
  0.63820000128403631        9.1341661840668650E-002
  0.64210000128254308       0.10039344002369788     
  0.64600000128104973       0.11015391192029016     
  0.64990000127955638       0.12066155554905586     
  0.65380000127806315       0.13195292395520417     
  0.65770000127656991       0.14406208832681414     
  0.66160000127507657       0.15702008679191679     
  0.66550000127358322       0.17085438848344692     
  0.66940000127208998       0.18558838263762076     
  0.67330000127059675       0.20124090250605273     
  0.67720000126910340       0.21782579370619110     
  0.68110000126761006       0.23535153630369904     
  0.68500000126611682       0.25382092941167234     
  0.68890000126462358       0.27323084640488093     
  0.69280000126313024       0.29357206798486235     
  0.69670000126163689       0.31482919929885839     
  0.70060000126014366       0.33698067612035809     
  0.70450000125865042       0.35999886375277940     
  0.70840000125715707       0.38385025083533564     
  0.71230000125566373       0.40849573862966865     
  0.71620000125417049       0.43389102466927199     
  0.72010000125267726       0.45998707788649712     
  0.72400000125118391       0.48673070052283929     
  0.72790000124969056       0.51406517030917576     
  0.73180000124819733       0.54193095460833529     
  0.73570000124670409       0.57026648647964640     
  0.73960000124521075       0.59900899099220428     
  0.74350000124371740       0.62809534861963434     
  0.74740000124222417       0.65746298123282387     
  0.75130000124073082       0.68705074510618791     
  0.75520000123923747       0.71679981450287489     
  0.75910000123774424       0.74665453883716748     
  0.76300000123625089       0.77656325615595523     
  0.76690000123475754       0.80647904575816587     
  0.77080000123326431       0.83636040319776239     
  0.77470000123177096       0.86617182170162732     
  0.77860000123027762       0.89588426518010178     
  0.78250000122878427       0.92547551950855356     
  0.78640000122729092       0.95493041059839878     
  0.79030000122579769       0.98424087993196929     
  0.79420000122430434        1.0134059106760354     
  0.79810000122281100        1.0424313001740024     
  0.80200000122131776        1.0713292774999048     
  0.80590000121982441        1.1001179677850195     
  0.80980000121833107        1.1288207081412300     
  0.81370000121683772        1.1574652231410865     
  0.81760000121534437        1.1860826709066286     
  0.82150000121385114        1.2147065738398046     
  0.82540000121235779        1.2433716508290433     
  0.82930000121086445        1.2721125703232081     
  0.83320000120937121        1.3009626459129018     
  0.83710000120787786        1.3299524979418391     
  0.84100000120638452        1.3591087061360780     
  0.84490000120489117        1.3884524792421642     
  0.84880000120339782        1.4179983681718120     
  0.85270000120190459        1.4477530491355395     
  0.85660000120041124        1.4777142026968719     
  0.86050000119891790        1.5078695135899742     
  0.86440000119742466        1.5381958145266579     
  0.86830000119593131        1.5686583950954467     
  0.87220000119443797        1.5992104942595924     
  0.87610000119294462        1.6297929919379426     
  0.88000000119145128        1.6603343117580276     
  0.88390000118995804        1.6907505433700782     
  0.88780000118846469        1.7209457887772319     
  0.89170000118697135        1.7508127330507082     
  0.89560000118547811        1.7802334356434759     
  0.89950000118398477        1.8090803343787238     
  0.90340000118249142        1.8372174501572971     
  0.90730000118099807        1.8645017765863654     
  0.91120000117950473        1.8907848351609660     
  0.91510000117801149        1.9159143734057054     
  0.91900000117651814        1.9397361805723508     
  0.92290000117502480        1.9620959931474067     
  0.92680000117353156        1.9828414605974094     
  0.93070000117203822        2.0018241405021193     
  0.93460000117054487        2.0189014915170742     
  0.93850000116905152        2.0339388324741772     
  0.94240000116755829        2.0468112363659317     
  0.94630000116606494        2.0574053289468139     
  0.95020000116457159        2.0656209631937683     
  0.95410000116307836        2.0713727428564686     
  0.95800000116158501        2.0745913707471932     
  0.96190000116009167        2.0752248002140599     
  0.96580000115859832        2.0732391713489826     
  0.96970000115710508        2.0686195168386305     
  0.97360000115561174        2.0613702259088127     
  0.97750000115411839        2.0515152584753844     
  0.98140000115262516        2.0390981053370369     
  0.98530000115113181        2.0241814939692846     
  0.98920000114963846        2.0068468431519375     
  0.99310000114814523        1.9871934732369885     
  0.99700000114665188        1.9653375822984458     
   1.0009000011451585        1.9414110016643047     
   1.0048000011436653        1.9155597473826009     
   1.0087000011421718        1.8879423869920322     
   1.0126000011406786        1.8587282435301462     
   1.0165000011391854        1.8280954609982325     
   1.0204000011376919        1.7962289574932984     
   1.0243000011361987        1.7633182938955716     
   1.0282000011347054        1.7295554873466945     
   1.0321000011332120        1.6951327997502914     
   1.0360000011317188        1.6602405321530247     
   1.0399000011302255        1.6250648561004435     
   1.0438000011287321        1.5897857128873418     
   1.0477000011272388        1.5545748110176687     
   1.0516000011257456        1.5195937511371915     
   1.0555000011242521        1.4849923061897423     
   1.0594000011227589        1.4509068825678364     
   1.0633000011212657        1.4174591855806564     
   1.0672000011197722        1.3847551096567090     
   1.0711000011182790        1.3528838703558383     
   1.0750000011167855        1.3219173915190601     
   1.0789000011152923        1.2919099567820922     
   1.0828000011137990        1.2628981302802447     
   1.0867000011123056        1.2349009467532717     
   1.0906000011108123        1.2079203665062250     
   1.0945000011093191        1.1819419858946594     
   1.0984000011078257        1.1569359892872089     
   1.1023000011063324        1.1328583239284151     
   1.1062000011048390        1.1096520748952916     
   1.1101000011033457        1.0872490135259938     
   1.1140000011018525        1.0655712894062270     
   1.1179000011003590        1.0445332333263526     
   1.1218000010988658        1.0240432366533914     
   1.1257000010973726        1.0040056713631238     
   1.1296000010958791       0.98432281459286297     
   1.1335000010943859       0.96489674202644427     
   1.1374000010928924       0.94563115570521161     
   1.1413000010913992       0.92643311394220484     
   1.1452000010899059       0.90721463384544021     
   1.1491000010884125       0.88789414045018289     
   1.1530000010869192       0.86839774051761975     
   1.1569000010854260       0.84866030355812949     
   1.1608000010839326       0.82862633744720227     
   1.1647000010824393       0.80825065097717019     
   1.1686000010809461       0.78749880068082534     
   1.1725000010794526       0.76634732412739381     
   1.1764000010779594       0.74478376648817779     
   1.1803000010764659       0.72280651137135910     
   1.1842000010749727       0.70042443062287496     
   1.1881000010734795       0.67765637089349362     
   1.1920000010719860       0.65453049721567136     
   1.1959000010704928       0.63108351557769127     
   1.1998000010689993       0.60735979751382807     
   1.2037000010675061       0.58341043006120685     
   1.2076000010660128       0.55929221410469909     
   1.2115000010645194       0.53506663320144121     
   1.2154000010630261       0.51079881352594048     
   1.2193000010615329       0.48655649369994558     
   1.2232000010600395       0.46240902107296361     
   1.2271000010585462       0.43842638860949606     
   1.2310000010570530       0.41467832402770471     
   1.2349000010555595       0.39123344032645552     
   1.2388000010540663       0.36815845442945583     
   1.2427000010525728       0.34551747844912761     
   1.2466000010510796       0.32337138609543070     
   1.2505000010495864       0.30177725507403991     
   1.2544000010480931       0.28078788496262985     
   1.2583000010465997       0.26045138903217696     
   1.2622000010451064       0.24081085778218822     
   1.2661000010436132       0.22190409155743818     
   1.2700000010421197       0.20376339946766103     
   1.2739000010406265       0.18641546188799765     
   1.2778000010391333       0.16988125401667697     
   1.2817000010376400       0.15417602824373736     
   1.2856000010361468       0.13930935337736372     
   1.2895000010346533       0.12528520902363349     
   1.2934000010331601       0.11210213356989483     
   1.2973000010316669        9.9753424240871566E-002
   1.3012000010301734        8.8227387551892092E-002
   1.3051000010286802        7.7507638161470757E-002
   1.3090000010271869        6.7573443626536889E-002
   1.3129000010256937        5.8400111903004218E-002
   1.3168000010242005        4.9959417640359702E-002
   1.3207000010227070        4.2220062431182308E-002
   1.3246000010212138        3.5148163243499113E-002
   1.3285000010197205        2.8707762340126054E-002
   1.3324000010182271        2.2861351131806637E-002
   1.3363000010167339        1.7570399676615864E-002
   1.3402000010152406        1.2795882979334311E-002
   1.3441000010137474        8.4987949069983519E-003
   1.3480000010122541        4.6406404566105511E-003
   1.3519000010107607        1.1838973123966283E-003
   1.3558000010092675       -1.9075618758405851E-003
   1.3597000010077742       -4.6680942775803279E-003
   1.3636000010062808       -7.1299654565991659E-003
   1.3675000010047875       -9.3230871624961457E-003
   1.3714000010032943       -1.1274818263165558E-002
   1.3753000010018011       -1.3009831091212957E-002
   1.3792000010003078       -1.4550043735603807E-002
   1.3831000009988144       -1.5914617041798768E-002
   1.3870000009973211       -1.7120013354845507E-002
   1.3909000009958279       -1.8180112414573645E-002
   1.3948000009943344       -1.9106378350059867E-002
   1.3987000009928412       -1.9908070474778172E-002
   1.4026000009913480       -2.0592489597885053E-002
   1.4065000009898547       -2.1165250873363239E-002
   1.4104000009883615       -2.1630573827294053E-002
   1.4143000009868680       -2.1991580141357811E-002
   1.4182000009853748       -2.2250590021707314E-002
   1.4221000009838816       -2.2409408528062211E-002
   1.4260000009823881       -2.2469594048324475E-002
   1.4299000009808949       -2.2432702139590071E-002
   1.4338000009794016       -2.2300499169801719E-002
   1.4377000009779084       -2.2075141532738797E-002
   1.4416000009764152       -2.1759317616940912E-002
   1.4455000009749217       -2.1356351130483450E-002
   1.4494000009734285       -2.0870265764256123E-002
   1.4533000009719352       -2.0305812466817300E-002
   1.4572000009704418       -1.9668461760490721E-002
   1.4611000009689485       -1.8964364515425762E-002
   1.4650000009674553       -1.8200285389101793E-002
   1.4689000009659621       -1.7383513716089146E-002
   1.4728000009644688       -1.6521756989510437E-002
   1.4767000009629754       -1.5623022213901383E-002
   1.4806000009614821       -1.4695490340296602E-002
   1.4845000009599889       -1.3747388737494896E-002
   1.4884000009584955       -1.2786866234253383E-002
   1.4923000009570022       -1.1821874716242398E-002
   1.4962000009555090       -1.0860060612849682E-002
   1.5001000009540157       -9.9086688977450786E-003
   1.5040000009525223       -8.9744614887041028E-003
   1.5079000009510288       -8.0636511999579372E-003
   1.5118000009495356       -7.1818517045275426E-003
   1.5157000009480424       -6.3340433305310523E-003
   1.5196000009465489       -5.5245539650545863E-003
   1.5235000009450554       -4.7570538868481537E-003
   1.5274000009435622       -4.0345630038707498E-003
   1.5313000009420690       -3.3594687366971612E-003
   1.5352000009405755       -2.7335526615973873E-003
   1.5391000009390821       -2.1580240003642838E-003
   1.5430000009375888       -1.6335581062098840E-003
   1.5469000009360956       -1.1603382316045198E-003
   1.5508000009346021       -7.3809905796780014E-004
   1.5547000009331087       -3.6617070071216193E-004
   1.5586000009316154       -4.3522158304976130E-005
   1.5625000009301222        2.3119656634096024E-004
   1.5664000009286287        4.5961419508750426E-004
   1.5703000009271353        6.4360005246298917E-004
   1.5742000009256421        7.8522819937700580E-004
   1.5781000009241488        8.8674377978355961E-004
   1.5820000009226554        9.5053143191397573E-004
   1.5859000009211619        9.7908555516433159E-004
   1.5898000009196687        9.7498220566829684E-004
   1.5937000009181754        9.4085241299923512E-004
   1.5976000009166820        8.7935676029649045E-004
   1.6015000009151885        7.9316114194717029E-004
   1.6054000009136953        6.8491369753238807E-004
   1.6093000009122020        5.5722300866336899E-004
   1.6132000009107086        4.1263772762624391E-004
   1.6171000009092151        2.5362787544000513E-004
   1.6210000009077219        8.2568095448439964E-005
   1.6249000009062287       -9.8276827888138366E-005
   1.6288000009047352       -2.8676387958957841E-004
   1.6327000009032417       -4.8088088154658361E-004
   1.6366000009017485       -6.7875250422904895E-004
   1.6405000009002553       -8.7864309451823582E-004
   1.6444000008987618       -1.0789562951584316E-003
   1.6483000008972684       -1.2782315483794245E-003
   1.6522000008957751       -1.4751376997351826E-003
   1.6561000008942819       -1.6684640407542328E-003
   1.6600000008927884       -1.8571092432087084E-003
   1.6639000008912950       -2.0400687367057905E-003
   1.6678000008898017       -2.2164211587185614E-003
   1.6717000008883085       -2.3853145570820740E-003
   1.6756000008868150       -2.5459530457713985E-003
   1.6795000008853216       -2.6975846034332199E-003
   1.6834000008838284       -2.8394906603221911E-003
   1.6873000008823351       -2.9709780443483024E-003
   1.6912000008808417       -3.0913737538183815E-003
   1.6951000008793482       -3.2000228975329948E-003
   1.6990000008778550       -3.2962899977583881E-003
   1.7029000008763617       -3.3795636947133376E-003
   1.7068000008748683       -3.4492647296605261E-003
   1.7107000008733748       -3.5048569247617773E-003
   1.7146000008718816       -3.5458607287241158E-003
   1.7185000008703883       -3.5718687646406236E-003
   1.7224000008688949       -3.5825627062687211E-003
   1.7263000008674014       -3.5777307262082184E-003
   1.7302000008659082       -3.5572847077244246E-003
   1.7341000008644150       -3.5212763936079408E-003
   1.7380000008629215       -3.4699116613056110E-003
   1.7419000008614280       -3.4035621629595492E-003
   1.7458000008599348       -3.3227736498961384E-003
   1.7497000008584416       -3.2282704101590288E-003
   1.7536000008569481       -3.1209553803909483E-003
   1.7575000008554547       -3.0019056443434129E-003
   1.7614000008539614       -2.8723631934615568E-003
   1.7653000008524682       -2.7337209938974680E-003
   1.7692000008509747       -2.5875045723655191E-003
   1.7731000008494813       -2.4353494940446965E-003
   1.7770000008479880       -2.2789752532382484E-003
   1.7809000008464948       -2.1201562263493136E-003
   1.7848000008450013       -1.9606904423848932E-003
   1.7887000008435079       -1.8023670051176956E-003
   1.7926000008420147       -1.6469330507715590E-003
   1.7965000008405214       -1.4960611443676434E-003
   1.8004000008390280       -1.3513180065606314E-003
   1.8043000008375345       -1.2141354219260031E-003
   1.8082000008360413       -1.0857841113026498E-003
   1.8121000008345480       -9.6735125795793819E-004
   1.8160000008330546       -8.5972226381837854E-004
   1.8199000008315611       -7.6356718220615938E-004
   1.8238000008300679       -6.7933213227268103E-004
   1.8277000008285746       -6.0723585268633053E-004
   1.8316000008270812       -5.4727140320943285E-004
   1.8355000008255877       -4.9921287753122202E-004
   1.8394000008240945       -4.6262685372914012E-004
   1.8433000008226013       -4.3688818415334727E-004
   1.8472000008211078       -4.2119961791335609E-004
   1.8511000008196143       -4.1461465933866076E-004
   1.8550000008181211       -4.1606299687375463E-004
   1.8589000008166279       -4.2437779014275611E-004
   1.8628000008151344       -4.3832407887280079E-004
   1.8667000008136410       -4.5662757571833859E-004
   1.8706000008121477       -4.7800312478077860E-004
   1.8745000008106545       -5.0118214712403851E-004
   1.8784000008091610       -5.2493845164915218E-004
   1.8823000008076676       -5.4811186166780611E-004
   1.8862000008061743       -5.6962919143346499E-004
   1.8901000008046811       -5.8852219956891094E-004
   1.8940000008031876       -6.0394224449904688E-004
   1.8979000008016942       -6.1517146741166793E-004
   1.9018000008002010       -6.2163042781015370E-004
   1.9057000007987077       -6.2288221249928494E-004
   1.9096000007972143       -6.1863312827100986E-004
   1.9135000007957208       -6.0873016941212943E-004
   1.9174000007942276       -5.9315552163503838E-004
   1.9213000007927343       -5.7201842277508261E-004
   1.9252000007912409       -5.4554474669760698E-004
   1.9291000007897474       -5.1406470986042213E-004
   1.9330000007882542       -4.7799911986016167E-004
   1.9369000007867609       -4.3784459243239487E-004
   1.9408000007852675       -3.9415815851001808E-004
   1.9447000007837740       -3.4754166711368654E-004
   1.9486000007822808       -2.9862636434234571E-004
   1.9525000007807876       -2.4805799502905393E-004
   1.9564000007792941       -1.9648273333250696E-004
   1.9603000007778006       -1.4453420331811810E-004
   1.9642000007763074       -9.2821802122798803E-005
   1.9681000007748142       -4.1920488228059616E-005
   1.9720000007733207        7.6378527714120486E-006
   1.9759000007718273        5.5371401311739999E-005
   1.9798000007703340        1.0085373853066118E-004
   1.9837000007688408        1.4371754763676292E-004
   1.9876000007673473        1.8365674520046040E-004
   1.9915000007658539        2.2042713848934533E-004
   1.9954000007643606        2.5384573228130991E-004
   1.9993000007628674        2.8378883007906775E-004
   2.0032000007613737        3.1018909027865526E-004
   2.0071000007598805        3.3303170774615700E-004
   2.0110000007583873        3.5234989571793088E-004
   2.0149000007568940        3.6821984237691164E-004
   2.0188000007554008        3.8075531139096698E-004
   2.0227000007539075        3.9010204672693729E-004
   2.0266000007524143        3.9643212982566856E-004
   2.0305000007509211        3.9993842241524907E-004
   2.0344000007494278        4.0082921153232666E-004
   2.0383000007479346        3.9932315537728497E-004
   2.0422000007464414        3.9564461007663668E-004
   2.0461000007449481        3.9001939884213935E-004
   2.0500000007434549        3.8267106691672174E-004
   2.0539000007419617        3.7381764852688056E-004
   2.0578000007404684        3.6366895618820922E-004
   2.0617000007389752        3.5242438842523853E-004
   2.0656000007374820        3.4027123947976372E-004
   2.0695000007359887        3.2738348402900421E-004
   2.0734000007344955        3.1392100138038186E-004
   2.0773000007330022        3.0002919705261397E-004
   2.0812000007315090        2.8583897503523035E-004
   2.0851000007300158        2.7146701123337931E-004
   2.0890000007285225        2.5701627750519612E-004
   2.0929000007270293        2.4257676610718807E-004
   2.0968000007255361        2.2822636607960182E-004
   2.1007000007240428        2.1403184591582014E-004
   2.1046000007225496        2.0004990054944290E-004
   2.1085000007210564        1.8632822504349519E-004
   2.1124000007195631        1.7290658217012885E-004
   2.1163000007180699        1.5981783613106418E-004
   2.1202000007165767        1.4708892981129846E-004
   2.1241000007150834        1.3474178802408906E-004
   2.1280000007135902        1.2279413405905232E-004
   2.1319000007120970        1.1126021137656901E-004
   2.1358000007106037        1.0015140641319304E-004
   2.1397000007091105        8.9476772110785730E-005
   2.1436000007076172        7.9243454915148303E-005
   2.1475000007061240        6.9457030587064873E-005
   2.1514000007046308        6.0121756227506304E-005
   2.1553000007031375        5.1240747453061532E-005
   2.1592000007016443        4.2816090694689827E-005
   2.1631000007001511        3.4848901170985859E-005
   2.1670000006986578        2.7339337252880462E-005
   2.1709000006971646        2.0286581742588548E-005
   2.1748000006956714        1.3688800091580862E-005
   2.1787000006941781        7.5430848377511181E-006
   2.1826000006926849        1.8453946075219891E-006
   2.1865000006911917       -3.4095050409706784E-006
   2.1904000006896984       -8.2280928111352385E-006
   2.1943000006882052       -1.2618129966248706E-005
   2.1982000006867120       -1.6588681988700960E-005
   2.2021000006852187       -2.0150121003866559E-005
   2.2060000006837255       -2.3314107451289109E-005
   2.2099000006822322       -2.6093550472617849E-005
   2.2138000006807390       -2.8502547362781625E-005
   2.2177000006792458       -3.0556303186448675E-005
   2.2216000006777525       -3.2271032289245364E-005
   2.2255000006762593       -3.3663843930589426E-005
   2.2294000006747661       -3.4752614634442390E-005
   2.2333000006732728       -3.5555850101424307E-005
   2.2372000006717796       -3.6092539658913239E-005
   2.2411000006702864       -3.6382006255624028E-005
   2.2450000006687931       -3.6443754945771848E-005
   2.2489000006672999       -3.6297322668476731E-005
   2.2528000006658067       -3.5962131924144188E-005
   2.2567000006643134       -3.5457350694773436E-005
   2.2606000006628202       -3.4801760662785290E-005
   2.2645000006613270       -3.4013635465565613E-005
   2.2684000006598337       -3.3110630392080780E-005
   2.2723000006583405       -3.2109684594101074E-005
   2.2762000006568472       -3.1026936556891811E-005
   2.2801000006553540       -2.9877653260542803E-005
   2.2840000006538608       -2.8676173169746281E-005
   2.2879000006523675       -2.7435862921876232E-005
   2.2918000006508743       -2.6169087344353067E-005
   2.2957000006493811       -2.4887192224955114E-005
   2.2996000006478878       -2.3600499084297125E-005
   2.3035000006463946       -2.2318311058460306E-005
   2.3074000006449014       -2.1048928891129026E-005
   2.3113000006434081       -1.9799675957296255E-005
   2.3152000006419149       -1.8576931192694486E-005
   2.3191000006404217       -1.7386168782200661E-005
   2.3230000006389284       -1.6232003463845848E-005
   2.3269000006374352       -1.5118240329728716E-005
   2.3308000006359419       -1.4047928048037507E-005
   2.3347000006344487       -1.3023414488407361E-005
   2.3386000006329555       -1.2046403802923238E-005
   2.3425000006314622       -1.1118014094310581E-005
   2.3464000006299690       -1.0238834888471402E-005
   2.3503000006284758       -9.4089837180100759E-006
   2.3542000006269825       -8.6281612144685540E-006
   2.3581000006254893       -7.8957041976443171E-006
   2.3620000006239961       -7.2106363388808206E-006
   2.3659000006225028       -6.5717160601416395E-006
   2.3698000006210096       -5.9774814108436542E-006
   2.3737000006195164       -5.4262917389132789E-006
   2.3776000006180231       -4.9163660406861701E-006
   2.3815000006165299       -4.4458179356482981E-006
   2.3854000006150367       -4.0126872663838507E-006
   2.3893000006135434       -3.6149683713867568E-006
   2.3932000006120502       -3.2506351187072822E-006
   2.3971000006105569       -2.9176628219616498E-006
   2.4010000006090637       -2.6140471873580235E-006
   2.4049000006075705       -2.3378204614948200E-006
   2.4088000006060772       -2.0870649652364452E-006
   2.4127000006045840       -1.8599242094752793E-006
   2.4166000006030908       -1.6546117945836925E-006
   2.4205000006015975       -1.4694182973860669E-006
   2.4244000006001043       -1.3027163480799761E-006
   2.4283000005986111       -1.1529640952301250E-006
   2.4322000005971178       -1.0187072502503890E-006
   2.4361000005956246       -8.9857989414859444E-007
   2.4400000005941314       -7.9130421917073834E-007
   2.4439000005926381       -6.9568936674329675E-007
   2.4478000005911449       -6.1062951112955648E-007
   2.4517000005896517       -5.3510132580307576E-007
   2.4556000005881584       -4.6816095697206836E-007
   2.4595000005866652       -4.0894061619503333E-007
   2.4634000005851719       -3.5664489180541134E-007
   2.4673000005836787       -3.1054686707053836E-007
   2.4712000005821855       -2.6998412177206524E-007
   2.4751000005806922       -2.3435468330794404E-007
   2.4790000005791990       -2.0311298354664771E-007
   2.4829000005777058       -1.7576586855755079E-007
   2.4868000005762125       -1.5186870002012891E-007
   2.4907000005747193       -1.3102157958423084E-007
   2.4946000005732261       -1.1286572070478275E-007
   2.4985000005717328       -9.7079986485327917E-008
   2.5024000005702396       -8.3377606804151581E-008
   2.5063000005687464       -7.1503083425967388E-008
   2.5102000005672531       -6.1229287876856204E-008
   2.5141000005657599       -5.2354753532594378E-008
   2.5180000005642666       -4.4701160590849595E-008
   2.5219000005627734       -3.8111010315143233E-008
   2.5258000005612802       -3.2445483102695058E-008
   2.5297000005597869       -2.7582473490010595E-008
   2.5336000005582937       -2.3414794122008054E-008
   2.5375000005568005       -1.9848539927779387E-008
   2.5414000005553072       -1.6801603226618804E-008
   2.5453000005538140       -1.4202330192780452E-008
   2.5492000005523208       -1.1988309000812603E-008
   2.5531000005508275       -1.0105280022806377E-008
   2.5570000005493343       -8.5061586253858697E-009
   2.5609000005478411       -7.1501613917968669E-009
   2.5648000005463478       -6.0020269502104538E-009
   2.5687000005448546       -5.0313230034243930E-009
   2.5726000005433614       -4.2118316103455678E-009
   2.5765000005418681       -3.5210052513426020E-009
   2.5804000005403749       -2.9394867054328287E-009
   2.5843000005388816       -2.4506862670910222E-009
   2.5882000005373884       -2.0404103258929283E-009
   2.5921000005358952       -1.6965358165477559E-009
   2.5960000005344019       -1.4087255149219910E-009
   2.5999000005329087       -1.1681796034638782E-009
   2.6038000005314155       -9.6741935416377776E-010
   2.6077000005299222       -8.0009917690926562E-010
   2.6116000005284290       -6.6084365468931769E-010
   2.6155000005269358       -5.4510653408082260E-010
   2.6194000005254425       -4.4904895985965271E-010
   2.6233000005239493       -3.6943453688309018E-010
   2.6272000005224561       -3.0353907138620831E-010
   2.6311000005209628       -2.4907308856851361E-010
   2.6350000005194696       -2.0411544504423022E-010
   2.6389000005179764       -1.6705655474051471E-010
   2.6428000005164831       -1.3654992657662748E-010
   2.6467000005149899       -1.1147087320273774E-010
   2.6506000005134966       -9.0881393681263300E-011
   2.6545000005120034       -7.4000360694517455E-011
   2.6584000005105102       -6.0178256055108007E-011
   2.6623000005090169       -4.8875798317068896E-011
   2.6662000005075237       -3.9645894403936470E-011
   2.6701000005060305       -3.2118424576957323E-011
   2.6740000005045372       -2.5987437873691747E-011
   2.6779000005030440       -2.1000394383384155E-011
   2.6818000005015508       -1.6949142337303729E-011
   2.6857000005000575       -1.3662362845287366E-011
   2.6896000004985643       -1.0999253991364666E-011
   2.6935000004970711       -8.8442596240020012E-012
   2.6974000004955778       -7.1026771819872061E-012
   2.7013000004940846       -5.6970038607250827E-012
   2.7052000004925914       -4.5639018597391844E-012
   2.7091000004910981       -3.6516818176003111E-012
   2.7130000004896049       -2.9182192405459848E-012
   2.7169000004881116       -2.3292321234787165E-012
   2.7208000004866184       -1.8568593617468931E-012
   2.7247000004851252       -1.4784892353249771E-012
   2.7286000004836319       -1.1757954552704258E-012
   2.7325000004821387       -9.3394520620963005E-013
   2.7364000004806455       -7.4094948113738620E-013
   2.7403000004791522       -5.8713094466254347E-013
   2.7442000004776590       -4.6468871513315194E-013
   2.7481000004761658       -3.6734294306263130E-013
   2.7520000004746725       -2.9004498460822741E-013
   2.7559000004731793       -2.2874141171741267E-013
   2.7598000004716861       -1.8018213955097418E-013
   2.7637000004701928       -1.4176465057912415E-013
   2.7676000004686996       -1.1140770753948818E-013
   2.7715000004672063       -8.7449120293176309E-014
   2.7754000004657131       -6.8563103549882969E-014
   2.7793000004642199       -5.3693566462868274E-014
   2.7832000004627266       -4.2000339074385399E-014
   2.7871000004612334       -3.2815887975507713E-014
   2.7910000004597402       -2.5610524038820291E-014
   2.7949000004582469       -1.9964475213270748E-014
   2.7988000004567537       -1.5545500965663220E-014
   2.8027000004552605       -1.2090973561089780E-014
   2.8066000004537672       -9.3935546199146552E-015
   2.8105000004522740       -7.2897612781747132E-015
   2.8144000004507808       -5.6508514583989228E-015
   2.8183000004492875       -4.3755677370029950E-015
   2.8222000004477943       -3.3843686281167402E-015
   2.8261000004463011       -2.6148485528380507E-015
   2.8300000004448078       -2.0181064264904945E-015
   2.8339000004433146       -1.5558702235363912E-015
   2.8378000004418213       -1.1982231632489234E-015
   2.8417000004403281       -9.2180801436613571E-016
   2.8456000004388349       -7.0841084709659670E-016
   2.8495000004373416       -5.4384551215573013E-016
   2.8534000004358484       -4.1707613343840337E-016
   2.8573000004343552       -3.1952772402802047E-016
   2.8612000004328619       -2.4454529247787468E-016
   2.8651000004313687       -1.8696999894642623E-016
   2.8690000004298755       -1.4280745475827079E-016
   2.8729000004283822       -1.0896846247923726E-016
   2.8768000004268890       -8.3066631526848703E-017
   2.8807000004253958       -6.3260590142130853E-017
   2.8846000004239025       -4.8131119955702219E-017
   2.8885000004224093       -3.6585602330470115E-017
   2.8924000004209161       -2.7783796778286786E-017
   2.8963000004194228       -2.1080259603200575E-017
   2.9002000004179296       -1.5979726330371078E-017
   2.9041000004164363       -1.2102580957860940E-017
   2.9080000004149431       -9.1581636635497271E-018
   2.9119000004134499       -6.9241621555503256E-018
   2.9158000004119566       -5.2307188511930947E-018
   2.9197000004104634       -3.9481891003550459E-018
   2.9236000004089702       -2.9777226309096643E-018
   2.9275000004074769       -2.2440254432364466E-018
   2.9314000004059837       -1.6898036972032159E-018
   2.9353000004044905       -1.2715035357218127E-018
   2.9392000004029972       -9.5604821694372757E-019
   2.9431000004015040       -7.1834184193234564E-019
   2.9470000004000108       -5.3936165302013988E-019
   2.9509000003985175       -4.0470170119138407E-019
   2.9548000003970243       -3.0346227036962439E-019
   2.9587000003955310       -2.2740386000085203E-019
   2.9626000003940378       -1.7030337126980759E-019
   2.9665000003925446       -1.2746466918796939E-019
   2.9704000003910513       -9.5346877858170480E-020
   2.9743000003895581       -7.1282367711973838E-020
   2.9782000003880649       -5.3263000205136794E-020
   2.9821000003865716       -3.9778263897399243E-020
   2.9860000003850784       -2.9692819590903698E-020
   2.9899000003835852       -2.2153944686596256E-020
   2.9938000003820919       -1.6521639326703903E-020
   2.9977000003805987       -1.2315892123864503E-020
   3.0016000003791055       -9.1769268261731370E-021
   3.0055000003776122       -6.8352596840990414E-021
   3.0094000003761190       -5.0891647617079542E-021
   3.0133000003746258       -3.7877279097786300E-021
   3.0172000003731325       -2.8181132366325065E-021
   3.0211000003716393       -2.0960020868522926E-021
   3.0250000003701460       -1.5584193182215346E-021
   3.0289000003686528       -1.1583545666896352E-021
   3.0328000003671596       -8.6073209401743959E-022
   3.0367000003656663       -6.3939306584428786E-022
   3.0406000003641731       -4.7483734243391180E-022
   3.0445000003626799       -3.5253464381614445E-022
   3.0484000003611866       -2.6166225996091373E-022
   3.0523000003596934       -1.9416209631259221E-022
   3.0562000003582002       -1.4403664097960101E-022
   3.0601000003567069       -1.0682358137346394E-022
   3.0640000003552137       -7.9203925628451315E-023
   3.0679000003537205       -5.8709837120632754E-023
   3.0718000003522272       -4.3506904315642223E-023
   3.0757000003507340       -3.2231948411699362E-023
   3.0796000003492408       -2.3872249234606590E-023
   3.0835000003477475       -1.7675645586091776E-023
   3.0874000003462543       -1.3083640562839243E-023
   3.0913000003447610       -9.6816412869444318E-024
   3.0952000003432678       -7.1619557268004581E-024
   3.0991000003417746       -5.2962841563607507E-024
   3.1030000003402813       -3.9152747415845092E-024
   3.1069000003387881       -2.8933332504857021E-024
   3.1108000003372949       -2.1373394768120723E-024
   3.1147000003358016       -1.5782676835596958E-024
   3.1186000003343084       -1.1649651426876122E-024
   3.1225000003328152       -8.5953403479808346E-025
   3.1264000003313219       -6.3390427630505538E-025
   3.1303000003298287       -4.6729072453253113E-025
   3.1342000003283355       -3.4430696968192118E-025
   3.1381000003268422       -2.5356648782968968E-025
   3.1420000003253490       -1.8664546639732036E-025
   3.1459000003238557       -1.3731397062269696E-025
   3.1498000003223625       -1.0096616158160506E-025
   3.1537000003208693       -7.4198135909485793E-026
   3.1576000003193760       -5.4495221448941019E-026
   3.1615000003178828       -4.0000412017680735E-026
   3.1654000003163896       -2.9342936158292416E-026
   3.1693000003148963       -2.1511381685831329E-026
   3.1732000003134031       -1.5759825126290209E-026
   3.1771000003119099       -1.1538403154296410E-026
   3.1810000003104166       -8.4419796476893524E-027
   3.1849000003089234       -6.1722058573160169E-027
   3.1888000003074302       -4.5094901312469991E-027
   3.1927000003059369       -3.2922972890155578E-027
   3.1966000003044437       -2.4018675154209430E-027
   3.2005000003029505       -1.7509409527716288E-027
   3.2044000003014572       -1.2754418506368521E-027
   3.2083000002999640       -9.2834844943356753E-028
   3.2122000002984707       -6.7517640651423454E-028
   3.2161000002969775       -4.9065282452852795E-028
   3.2200000002954843       -3.5626838505872837E-028
   3.2239000002939910       -2.5847678939439700E-028
   3.2278000002924978       -1.8737112254104508E-028
   3.2317000002910046       -1.3571141455342877E-028
   3.2356000002895113       -9.8210671178060273E-029
   3.2395000002880181       -7.1011017733326012E-029
   3.2434000002865249       -5.1299593044433945E-029
   3.2473000002850316       -3.7027107498725851E-029
   3.2512000002835384       -2.6701771961968163E-029
   3.2551000002820452       -1.9238523184059272E-029
   3.2590000002805519       -1.3848790011549730E-029
   3.2629000002790587       -9.9599611865249042E-030
   3.2668000002775655       -7.1565977383728438E-030
   3.2707000002760722       -5.1375527867868052E-030
   3.2746000002745790       -3.6847196606253701E-030
   3.2785000002730857       -2.6402736986243861E-030
   3.2824000002715925       -1.8901131706336421E-030
   3.2863000002700993       -1.3518209691685395E-030
   3.2902000002686060       -9.6592040050247438E-031
   3.2941000002671128       -6.8952923892821753E-031
   3.2980000002656196       -4.9175834546625787E-031
   3.3019000002641263       -3.5037823549038573E-031
   3.3058000002626331       -2.4940638385977442E-031
   3.3097000002611399       -1.7736254210726531E-031
   3.3136000002596466       -1.2600827534834321E-031
   3.3175000002581534       -8.9437175097039633E-032
   3.3214000002566602       -6.3418801309736215E-032
   3.3253000002551669       -4.4926038333313185E-032
   3.3292000002536737       -3.1794911695758547E-032
   3.3331000002521805       -2.2479977366721768E-032
   3.3370000002506872       -1.5878602401646150E-032
   3.3409000002491940       -1.1204856905106276E-032
   3.3448000002477007       -7.8990985453001509E-033
   3.3487000002462075       -5.5632109286473589E-033
   3.3526000002447143       -3.9142625724121690E-033
   3.3565000002432210       -2.7513796957570417E-033
   3.3604000002417278       -1.9320884542294275E-033
   3.3643000002402346       -1.3554365569119765E-033
   3.3682000002387413       -9.4996356485775085E-034
   3.3721000002372481       -6.6513555170416358E-034
   3.3760000002357549       -4.6525255639534194E-034
   3.3799000002342616       -3.2511929132643546E-034
   3.3838000002327684       -2.2697189467216657E-034
   3.3877000002312752       -1.5829851400656610E-034
   3.3916000002297819       -1.1029531760971895E-034
   3.3955000002282887       -7.6773775039468483E-035
   3.3994000002267954       -5.3388095158340241E-035
   3.4033000002253022       -3.7089571748478265E-035
   3.4072000002238090       -2.5741583051508522E-035
   3.4111000002223157       -1.7848220534746186E-035
   3.4150000002208225       -1.2363204558440411E-035
   3.4189000002193293       -8.5554702630157192E-036
   3.4228000002178360       -5.9147129844966204E-036
   3.4267000002163428       -4.0850812337815454E-036
   3.4306000002148496       -2.8186765573402619E-036
   3.4345000002133563       -1.9429768234324798E-036
   3.4384000002118631       -1.3380370736944318E-036
   3.4423000002103699       -9.2054951968977554E-037
   3.4462000002088766       -6.3271042617565095E-037
   3.4501000002073834       -4.3445220708092717E-037
   3.4540000002058902       -2.9802903122410800E-037
   3.4579000002043969       -2.0424670313497768E-037
   3.4618000002029037       -1.3984013758061843E-037
   3.4657000002014104       -9.5650958012464217E-038
   3.4696000001999172       -6.5362386016746984E-038
   3.4735000001984240       -4.4621890559959676E-038
   3.4774000001969307       -3.0433362699730179E-038
   3.4813000001954375       -2.0736441857270787E-038
   3.4852000001939443       -1.4115662833360507E-038
   3.4891000001924510       -9.5995633741948672E-039
   3.4930000001909578       -6.5220673325981246E-039
   3.4969000001894646       -4.4269345571635769E-039
   3.5008000001879713       -3.0019633529431612E-039
   3.5047000001864781       -2.0337265961308966E-039
   3.5086000001849849       -1.3764647284640683E-039
   3.5125000001834916       -9.3072929682916149E-040
   3.5164000001819984       -6.2873538501806058E-040
   3.5203000001805052       -4.2432545594065640E-040
   3.5242000001790119       -2.8609968533959027E-040
   3.5281000001775187       -1.9271842131985814E-040
   3.5320000001760254       -1.2969316247699219E-040
   3.5359000001745322       -8.7196565470874896E-041
   3.5398000001730390       -5.8569372602820610E-041
   3.5437000001715457       -3.9303488975906324E-041
   3.5476000001700525       -2.6350048705589731E-041
   3.5515000001685593       -1.7649075873645063E-041
   3.5554000001670660       -1.1810089585241385E-041
   3.5593000001655728       -7.8954253318500747E-042
   3.5632000001640796       -5.2733843774942653E-042
   3.5671000001625863       -3.5188060109672512E-042
   3.5710000001610931       -2.3458144690015302E-042
   3.5749000001595999       -1.5623735300550626E-042
   3.5788000001581066       -1.0396074823217164E-042
   3.5827000001566134       -6.9111078023015518E-043
   3.5866000001551201       -4.5900785453004315E-043
   3.5905000001536269       -3.0457003757333373E-043
   3.5944000001521337       -2.0190602318656917E-043
   3.5983000001506404       -1.3372322368415000E-043
   3.6022000001491472       -8.8483091832584368E-044
   3.6061000001476540       -5.8493829237284229E-044
   3.6100000001461607       -3.8632832172843209E-044
   3.6139000001446675       -2.5491781698858595E-044
   3.6178000001431743       -1.6805111483931396E-044
   3.6217000001416810       -1.1068291330422229E-044
   3.6256000001401878       -7.2831315200546137E-045
   3.6295000001386946       -4.7880041501713818E-045
   3.6334000001372013       -3.1447786600401857E-045
   3.6373000001357081       -2.0635987307002229E-045
   3.6412000001342149       -1.3528835719667620E-045
   3.6451000001327216       -8.8612705108218205E-046
   3.6490000001312284       -5.7987229709592740E-046
   3.6529000001297351       -3.7911408094885799E-046
   3.6568000001282419       -2.4763330051738005E-046
   3.6607000001267487       -1.6160326867050722E-046
   3.6646000001252554       -1.0536432360117168E-046
   3.6685000001237622       -6.8634070374393491E-047
   3.6724000001222690       -4.4667231567528193E-047
   3.6763000001207757       -2.9043021809616474E-047
   3.6802000001192825       -1.8866807726862590E-047
   3.6841000001177893       -1.2245013676470928E-047
   3.6880000001162960       -7.9400771428594319E-048
   3.6919000001148028       -5.1439309587896093E-048
   3.6958000001133096       -3.3294374799251058E-048
   3.6997000001118163       -2.1530409075422045E-048
   3.7036000001103231       -1.3910403892261086E-048
   3.7075000001088299       -8.9791162521158160E-049
   3.7114000001073366       -5.7907417396792531E-049
   3.7153000001058434       -3.7311430078472972E-049
   3.7192000001043501       -2.4019116968574693E-049
   3.7231000001028569       -1.5448274090229925E-049
   3.7270000001013637       -9.9268400433319996E-050
   3.7309000000998704       -6.3730972934751491E-050
   3.7348000000983772       -4.0878869446995347E-050
   3.7387000000968840       -2.6197288371243444E-050
   3.7426000000953907       -1.6773483756207855E-050
   3.7465000000938975       -1.0730006867642342E-050
   3.7504000000924043       -6.8578321133320403E-051
   3.7543000000909110       -4.3790927398589901E-051
   3.7582000000894178       -2.7937799871597342E-051
   3.7621000000879246       -1.7807844105812585E-051
   3.7660000000864313       -1.1340752896410449E-051
   3.7699000000849381       -7.2157942813498539E-052
   3.7738000000834448       -4.5871022652516422E-052
   3.7777000000819516       -2.9134329919379458E-052
   3.7816000000804584       -1.8487759529959600E-052
   3.7855000000789651       -1.1721318723580159E-052
   3.7894000000774719       -7.4247512871228156E-053
   3.7933000000759787       -4.6989506889113749E-053
   3.7972000000744854       -2.9712124324866674E-053
   3.8011000000729922       -1.8770707962340007E-053
   3.8050000000714990       -1.1847917665399655E-053
   3.8089000000700057       -7.4716774810823606E-054
   3.8128000000685125       -4.7077046584409956E-054
   3.8167000000670193       -2.9635727255361672E-054
   3.8206000000655260       -1.8639640852555832E-054
   3.8245000000640328       -1.1713194176181799E-054
   3.8284000000625396       -7.3540956842073428E-055
   3.8323000000610463       -4.6131716727956621E-055
   3.8362000000595531       -2.8912566089858212E-055
   3.8401000000580598       -1.8104670046408172E-055
   3.8440000000565666       -1.1326919504362345E-055
   3.8479000000550734       -7.0802811971006546E-056
   3.8518000000535801       -4.4218800413021125E-056
   3.8557000000520869       -2.7591888695674098E-056
   3.8596000000505937       -1.7201811591564506E-056
   3.8635000000491004       -1.0714835013818518E-056
   3.8674000000476072       -6.6683070969134000E-057
   3.8713000000461140       -4.1463385061479204E-057
   3.8752000000446207       -2.5759250961020044E-057
   3.8791000000431275       -1.5988998823074833E-057
   3.8830000000416343       -9.9158312237234274E-058
   3.8869000000401410       -6.1440825948529535E-058
   3.8908000000386478       -3.8036914005495349E-058
   3.8947000000371546       -2.3527406655942685E-058
   3.8986000000356613       -1.4539974376641633E-058
   3.9025000000341681       -8.9778896313552383E-059
   3.9064000000326748       -5.5386785577931984E-059
   3.9103000000311816       -3.4139690201323625E-059
   3.9142000000296884       -2.1024938866207046E-059
   3.9181000000281951       -1.2936949794831457E-059
   3.9220000000267019       -7.9533713637717678E-060
   3.9259000000252087       -4.8853206910822023E-060
   3.9298000000237154       -2.9981790899640505E-060
   3.9337000000222222       -1.8384209823444380E-060
   3.9376000000207290       -1.1263036578800464E-060
   3.9415000000192357       -6.8942872491323532E-061
   3.9454000000177425       -4.2164487826116212E-061
   3.9493000000162493       -2.5764877403997340E-061
   3.9532000000147560       -1.5730167467610307E-061
   3.9571000000132628       -9.5953947153344632E-062
   3.9610000000117696       -5.8481269410318227E-062
   3.9649000000102763       -3.5611920879546805E-062
   3.9688000000087831       -2.1667005013758693E-062
   3.9727000000072898       -1.3171263985305704E-062
   3.9766000000057966       -7.9998403614902241E-063
   3.9805000000043034       -4.8546809282125944E-063
   3.9844000000028101       -2.9435117454264038E-063
   3.9883000000013169       -1.7831865146375098E-063
   3.9921999999998237       -1.0793291072970488E-063
   3.9960999999983304       -6.5273564543268240E-064
