   0.0000000000000000       0.10798614986727190       0.12510189829999999       -0.0000000000000000       -2.2864773505218192       -1.6627772278319881       -0.0000000000000000       0.57265879147818066      -0.32268067796801181     
   0.0000000000000000       0.10022875636265959       0.12510189829999999       -0.0000000000000000       -2.2249196184684497       -1.6146430167121097       -0.0000000000000000       0.63421652353155067      -0.37081488908789018     
   0.0000000000000000        9.3794225878361545E-002  0.12510189829999999       -0.0000000000000000       -2.1738592844521136       -1.5747170997653486       -0.0000000000000000       0.68527685754788670      -0.41074080603465124     
   0.0000000000000000        8.8041026099955094E-002  0.12510189829999999       -0.0000000000000000       -2.1282055567924192       -1.5390188033486460       -0.0000000000000000       0.73093058520758092      -0.44643910245135388     
   0.0000000000000000        8.2724444277485445E-002  0.12510189829999999       -0.0000000000000000       -2.0860165510300051       -1.5060296979581942       -0.0000000000000000       0.77311959096999516      -0.47942820784180562     
   0.0000000000000000        7.7718451575813655E-002  0.12510189829999999       -0.0000000000000000       -2.0462921826313387       -1.4749677814235267       -0.0000000000000000       0.81284395936866116      -0.51049012437647323     
   0.0000000000000000        7.2947426902371576E-002  0.12510189829999999       -0.0000000000000000       -2.0084323707894951       -1.4453638289164035       -0.0000000000000000       0.85070377121050500      -0.54009407688359645     
   0.0000000000000000        6.8361478320438568E-002  0.12510189829999999       -0.0000000000000000       -1.9720412048844373       -1.4169082636422654       -0.0000000000000000       0.88709493711556286      -0.56854964215773451     
   0.0000000000000000        6.3925462434643504E-002  0.12510189829999999       -0.0000000000000000       -1.9368398093229120       -1.3893830227155237       -0.0000000000000000       0.92229633267708810      -0.59607488308447609     
   0.0000000000000000        5.9613399157296090E-002  0.12510189829999999       -0.0000000000000000       -1.9026220226828110       -1.3626269010838561       -0.0000000000000000       0.95651411931718910      -0.62283100471614372     
   0.0000000000000000        5.5405349188237786E-002  0.12510189829999999       -0.0000000000000000       -1.8692296193828537       -1.3365161764579598       -0.0000000000000000       0.98990652261714629      -0.64894172934204009     
   0.0000000000000000        5.1285540209594194E-002  0.12510189829999999       -0.0000000000000000       -1.8365374403580792       -1.3109529824503725       -0.0000000000000000        1.0225987016419209      -0.67450492334962742     
   0.0000000000000000        4.7241178453462908E-002  0.12510189829999999       -0.0000000000000000       -1.8044439624182529       -1.2858579344166434       -0.0000000000000000        1.0546921795817472      -0.69959997138335650     
   0.0000000000000000        4.3261660520761573E-002  0.12510189829999999       -0.0000000000000000       -1.7728650437444538       -1.2611652388335073       -0.0000000000000000        1.0862710982555464      -0.72429266696649253     
   0.0000000000000000        3.9338030902765893E-002  0.12510189829999999       -0.0000000000000000       -1.7417296191256513       -1.2368193272490917       -0.0000000000000000        1.1174065228743488      -0.74863857855090821     
   0.0000000000000000        3.5462596632292780E-002  0.12510189829999999       -0.0000000000000000       -1.7109766420760291       -1.2127724652141501       -0.0000000000000000        1.1481594999239710      -0.77268544058584987     
   0.0000000000000000        3.1628645893079330E-002  0.12510189829999999       -0.0000000000000000       -1.6805528518983106       -1.1889830062683342       -0.0000000000000000        1.1785832901016895      -0.79647489953166573     
   0.0000000000000000        2.7830237384909202E-002  0.12510189829999999       -0.0000000000000000       -1.6504111022196131       -1.1654140849620866       -0.0000000000000000        1.2087250397803870      -0.82004382083791327     
   0.0000000000000000        2.4062038990135013E-002  0.12510189829999999       -0.0000000000000000       -1.6205090807517668       -1.1420326157910559       -0.0000000000000000        1.2386270612482333      -0.84342529000894406     
   0.0000000000000000        2.0319201450391421E-002  0.12510189829999999       -0.0000000000000000       -1.5908083068701995       -1.1188085093668674       -0.0000000000000000        1.2683278351298006      -0.86664939643313255     
   0.0000000000000000        1.6597257264432740E-002  0.12510189829999999       -0.0000000000000000       -1.5612733293315948       -1.0957140450836234       -0.0000000000000000        1.2978628126684053      -0.88974386071637657     
   0.0000000000000000        1.2892037920295699E-002  0.12510189829999999       -0.0000000000000000       -1.5318710694810742       -1.0727233575479054       -0.0000000000000000        1.3272650725189259      -0.91273454825209455     
   0.0000000000000000        9.1996044838578272E-003  0.12510189829999999       -0.0000000000000000       -1.5025702704472232       -1.0498120058844989       -0.0000000000000000        1.3565658715527769      -0.93564589991550107     
   0.0000000000000000        5.5161878385508005E-003  0.12510189829999999       -0.0000000000000000       -1.4733410229225334       -1.0269566029270150       -0.0000000000000000        1.3857951190774667      -0.95850130287298496     
   0.0000000000000000        1.8381357230197329E-003  0.12510189829999999       -0.0000000000000000       -1.4441543448880141       -1.0041344865894042       -0.0000000000000000        1.4149817971119860      -0.98132341921059563     
   0.0000000000000000       -1.8381357230197329E-003  0.12510189829999999        0.0000000000000000       -1.4149817971119860      -0.98132341921059563        0.0000000000000000        1.4441543448880141       -1.0041344865894042     
   0.0000000000000000       -5.5161878385508005E-003  0.12510189829999999        0.0000000000000000       -1.3857951190774667      -0.95850130287298496        0.0000000000000000        1.4733410229225334       -1.0269566029270150     
   0.0000000000000000       -9.1996044838578272E-003  0.12510189829999999        0.0000000000000000       -1.3565658715527769      -0.93564589991550107        0.0000000000000000        1.5025702704472232       -1.0498120058844989     
   0.0000000000000000       -1.2892037920295699E-002  0.12510189829999999        0.0000000000000000       -1.3272650725189259      -0.91273454825209455        0.0000000000000000        1.5318710694810742       -1.0727233575479054     
   0.0000000000000000       -1.6597257264432740E-002  0.12510189829999999        0.0000000000000000       -1.2978628126684053      -0.88974386071637657        0.0000000000000000        1.5612733293315948       -1.0957140450836234     
   0.0000000000000000       -2.0319201450391421E-002  0.12510189829999999        0.0000000000000000       -1.2683278351298006      -0.86664939643313255        0.0000000000000000        1.5908083068701995       -1.1188085093668674     
   0.0000000000000000       -2.4062038990135013E-002  0.12510189829999999        0.0000000000000000       -1.2386270612482333      -0.84342529000894406        0.0000000000000000        1.6205090807517668       -1.1420326157910559     
   0.0000000000000000       -2.7830237384909202E-002  0.12510189829999999        0.0000000000000000       -1.2087250397803870      -0.82004382083791327        0.0000000000000000        1.6504111022196131       -1.1654140849620866     
   0.0000000000000000       -3.1628645893079330E-002  0.12510189829999999        0.0000000000000000       -1.1785832901016895      -0.79647489953166573        0.0000000000000000        1.6805528518983106       -1.1889830062683342     
   0.0000000000000000       -3.5462596632292780E-002  0.12510189829999999        0.0000000000000000       -1.1481594999239710      -0.77268544058584987        0.0000000000000000        1.7109766420760291       -1.2127724652141501     
   0.0000000000000000       -3.9338030902765893E-002  0.12510189829999999        0.0000000000000000       -1.1174065228743488      -0.74863857855090821        0.0000000000000000        1.7417296191256513       -1.2368193272490917     
   0.0000000000000000       -4.3261660520761573E-002  0.12510189829999999        0.0000000000000000       -1.0862710982555464      -0.72429266696649253        0.0000000000000000        1.7728650437444538       -1.2611652388335073     
   0.0000000000000000       -4.7241178453462908E-002  0.12510189829999999        0.0000000000000000       -1.0546921795817472      -0.69959997138335650        0.0000000000000000        1.8044439624182529       -1.2858579344166434     
   0.0000000000000000       -5.1285540209594194E-002  0.12510189829999999        0.0000000000000000       -1.0225987016419209      -0.67450492334962742        0.0000000000000000        1.8365374403580792       -1.3109529824503725     
   0.0000000000000000       -5.5405349188237786E-002  0.12510189829999999        0.0000000000000000      -0.98990652261714629      -0.64894172934204009        0.0000000000000000        1.8692296193828537       -1.3365161764579598     
   0.0000000000000000       -5.9613399157296090E-002  0.12510189829999999        0.0000000000000000      -0.95651411931718910      -0.62283100471614372        0.0000000000000000        1.9026220226828110       -1.3626269010838561     
   0.0000000000000000       -6.3925462434643504E-002  0.12510189829999999        0.0000000000000000      -0.92229633267708810      -0.59607488308447609        0.0000000000000000        1.9368398093229120       -1.3893830227155237     
   0.0000000000000000       -6.8361478320438568E-002  0.12510189829999999        0.0000000000000000      -0.88709493711556286      -0.56854964215773451        0.0000000000000000        1.9720412048844373       -1.4169082636422654     
   0.0000000000000000       -7.2947426902371576E-002  0.12510189829999999        0.0000000000000000      -0.85070377121050500      -0.54009407688359645        0.0000000000000000        2.0084323707894951       -1.4453638289164035     
   0.0000000000000000       -7.7718451575813655E-002  0.12510189829999999        0.0000000000000000      -0.81284395936866116      -0.51049012437647323        0.0000000000000000        2.0462921826313387       -1.4749677814235267     
   0.0000000000000000       -8.2724444277485445E-002  0.12510189829999999        0.0000000000000000      -0.77311959096999516      -0.47942820784180562        0.0000000000000000        2.0860165510300051       -1.5060296979581942     
   0.0000000000000000       -8.8041026099955094E-002  0.12510189829999999        0.0000000000000000      -0.73093058520758092      -0.44643910245135388        0.0000000000000000        2.1282055567924192       -1.5390188033486460     
   0.0000000000000000       -9.3794225878361545E-002  0.12510189829999999        0.0000000000000000      -0.68527685754788670      -0.41074080603465124        0.0000000000000000        2.1738592844521136       -1.5747170997653486     
   0.0000000000000000      -0.10022875636265959       0.12510189829999999        0.0000000000000000      -0.63421652353155067      -0.37081488908789018        0.0000000000000000        2.2249196184684497       -1.6146430167121097     
   0.0000000000000000      -0.10798614986727190       0.12510189829999999        0.0000000000000000      -0.57265879147818066      -0.32268067796801181        0.0000000000000000        2.2864773505218192       -1.6627772278319881     
