   0.0000000000000000        0.0000000000000000       0.25077790359240648        0.0000000000000000      -0.66999986495427422       -1.9900136536813617        0.0000000000000000       0.66999986495427422       -1.9900136536813617     
   0.0000000000000000        0.0000000000000000       0.23750108248235482        0.0000000000000000      -0.75024311559777068       -1.8846572609693348        0.0000000000000000       0.75024311559777068       -1.8846572609693348     
   0.0000000000000000        0.0000000000000000       0.22642039547070220        0.0000000000000000      -0.81721323877771002       -1.7967279891472649        0.0000000000000000       0.81721323877771002       -1.7967279891472649     
   0.0000000000000000        0.0000000000000000       0.21645493095172466        0.0000000000000000      -0.87744311312389478       -1.7176484124386291        0.0000000000000000       0.87744311312389478       -1.7176484124386291     
   0.0000000000000000        0.0000000000000000       0.20719196730982270        0.0000000000000000      -0.93342717038109480       -1.6441434350766457        0.0000000000000000       0.93342717038109480       -1.6441434350766457     
   0.0000000000000000        0.0000000000000000       0.19841822107972962        0.0000000000000000      -0.98645446599561348       -1.5745205753791895        0.0000000000000000       0.98645446599561348       -1.5745205753791895     
   0.0000000000000000        0.0000000000000000       0.19000487606235139        0.0000000000000000       -1.0373035470658236       -1.5077576300683124        0.0000000000000000        1.0373035470658236       -1.5077576300683124     
   0.0000000000000000        0.0000000000000000       0.18186604115171984        0.0000000000000000       -1.0864935274283221       -1.4431730220544510        0.0000000000000000        1.0864935274283221       -1.4431730220544510     
   0.0000000000000000        0.0000000000000000       0.17394025578649788        0.0000000000000000       -1.1343958661234306       -1.3802790394837761        0.0000000000000000        1.1343958661234306       -1.3802790394837761     
   0.0000000000000000        0.0000000000000000       0.16618106099943769        0.0000000000000000       -1.1812913546540702       -1.3187070135945573        0.0000000000000000        1.1812913546540702       -1.3187070135945573     
   0.0000000000000000        0.0000000000000000       0.15855169862518800        0.0000000000000000       -1.2274021542327049       -1.2581652550078377        0.0000000000000000        1.2274021542327049       -1.2581652550078377     
   0.0000000000000000        0.0000000000000000       0.15102189382710268        0.0000000000000000       -1.2729112417394968       -1.1984135219102683        0.0000000000000000        1.2729112417394968       -1.1984135219102683     
   0.0000000000000000        0.0000000000000000       0.14356576984789768        0.0000000000000000       -1.3179750126778103       -1.1392464728439857        0.0000000000000000        1.3179750126778103       -1.1392464728439857     
   0.0000000000000000        0.0000000000000000       0.13616041028125939        0.0000000000000000       -1.3627319706036112       -1.0804822578101756        0.0000000000000000        1.3627319706036112       -1.0804822578101756     
   0.0000000000000000        0.0000000000000000       0.12878480145724591        0.0000000000000000       -1.4073091192002452       -1.0219541257134985        0.0000000000000000        1.4073091192002452       -1.0219541257134985     
   0.0000000000000000        0.0000000000000000       0.12141899514275406       -0.0000000000000000       -1.4518270227997550      -0.96350378008650150       -0.0000000000000000        1.4518270227997550      -0.96350378008650150     
   0.0000000000000000        0.0000000000000000       0.11404338631874059       -0.0000000000000000       -1.4964041713963889      -0.90497564798982433       -0.0000000000000000        1.4964041713963889      -0.90497564798982433     
   0.0000000000000000        0.0000000000000000       0.10663802675210229       -0.0000000000000000       -1.5411611293221898      -0.84621143295601409       -0.0000000000000000        1.5411611293221898      -0.84621143295601409     
   0.0000000000000000        0.0000000000000000        9.9181902772897290E-002  -0.0000000000000000       -1.5862249002605033      -0.78704438388973152       -0.0000000000000000        1.5862249002605033      -0.78704438388973152     
   0.0000000000000000        0.0000000000000000        9.1652097974811969E-002  -0.0000000000000000       -1.6317339877672952      -0.72729265079216221       -0.0000000000000000        1.6317339877672952      -0.72729265079216221     
   0.0000000000000000        0.0000000000000000        8.4022735600562282E-002  -0.0000000000000000       -1.6778447873459299      -0.66675089220544259       -0.0000000000000000        1.6778447873459299      -0.66675089220544259     
   0.0000000000000000        0.0000000000000000        7.6263540813502090E-002  -0.0000000000000000       -1.7247402758765695      -0.60517886631622397       -0.0000000000000000        1.7247402758765695      -0.60517886631622397     
   0.0000000000000000        0.0000000000000000        6.8337755448280135E-002  -0.0000000000000000       -1.7726426145716780      -0.54228488374554895       -0.0000000000000000        1.7726426145716780      -0.54228488374554895     
   0.0000000000000000        0.0000000000000000        6.0198920537648595E-002  -0.0000000000000000       -1.8218325949341765      -0.47770027573168738       -0.0000000000000000        1.8218325949341765      -0.47770027573168738     
   0.0000000000000000        0.0000000000000000        5.1785575520270355E-002  -0.0000000000000000       -1.8726816760043867      -0.41093733042081038       -0.0000000000000000        1.8726816760043867      -0.41093733042081038     
   0.0000000000000000        0.0000000000000000        4.3011829290177273E-002  -0.0000000000000000       -1.9257089716189053      -0.34131447072335419       -0.0000000000000000        1.9257089716189053      -0.34131447072335419     
   0.0000000000000000        0.0000000000000000        3.3748865648275311E-002  -0.0000000000000000       -1.9816930288761054      -0.26780949336137083       -0.0000000000000000        1.9816930288761054      -0.26780949336137083     
   0.0000000000000000        0.0000000000000000        2.3783401129297776E-002  -0.0000000000000000       -2.0419229032222903      -0.18872991665273497       -0.0000000000000000        2.0419229032222903      -0.18872991665273497     
   0.0000000000000000        0.0000000000000000        1.2702714117645147E-002  -0.0000000000000000       -2.1088930264022294      -0.10080064483066498       -0.0000000000000000        2.1088930264022294      -0.10080064483066498     
   0.0000000000000000        0.0000000000000000       -5.7410699240653673E-004  -0.0000000000000000       -2.1891362770457259        4.5557478813618157E-003  -0.0000000000000000        2.1891362770457259        4.5557478813618157E-003
