1 6.1642724340524522 -76.201252985080188
2 5.4136363552800342 -76.230914796273936
3 4.7853203673522238 -76.254002233894823
4 4.2186094443865612 -76.273446536439906
5 3.6902828769983560 -76.290096400013368
6 3.1882949244251044 -76.304289417734054
7 2.7053202371730261 -76.316204235075389
8 2.2364201302672808 -76.325968886067145
9 1.7780011243371474 -76.333698323159567
10 1.3272807020730839 -76.339507096621588
11 0.88198275621382127 -76.343512164328970
12 0.44014729864530833 -76.345831382029246
13 -0.0000000000000000 -76.346579918413454
14 -0.44014729864530833 -76.345865565507268
15 -0.88198275621382127 -76.343783385337545
16 -1.3272807020730839 -76.340409863928485
17 -1.7780011243371474 -76.335796598240123
18 -2.2364201302672808 -76.329963525180304
19 -2.7053202371730261 -76.322891561446482
20 -3.1882949244251044 -76.314513637320175
21 -3.6902828769983560 -76.304700883051581
22 -4.2186094443865612 -76.293235833760093
23 -4.7853203673522238 -76.279750532105695
24 -5.4136363552800342 -76.263551473499945
25 -6.1642724340524522 -76.242896801928637
