1 -75.729284510842319
2 -75.929966800129279
3 -76.051693519218716
4 -76.134821755803671
5 -76.194744929012643
6 -76.239203488423129
7 -76.272654304911740
8 -76.297875034846840
9 -76.316680701375816
10 -76.330284874167759
11 -76.339496533123693
12 -76.344832215527404
13 -76.346579918413454
14 -76.344832215527290
15 -76.339496533123778
16 -76.330284874167532
17 -76.316680701375731
18 -76.297875034846854
19 -76.272654304911981
20 -76.239203488422859
21 -76.194744929012501
22 -76.134821755803856
23 -76.051693519219256
24 -75.929966800129023
25 -75.729284510842206
