  -5.0000000000000000        6.2500000000000000     
  -4.9000000000000004        6.0025000000000013     
  -4.8000000000000007        5.7600000000000016     
  -4.7000000000000011        5.5225000000000026     
  -4.6000000000000014        5.2900000000000036     
  -4.5000000000000018        5.0625000000000044     
  -4.4000000000000021        4.8400000000000043     
  -4.3000000000000025        4.6225000000000049     
  -4.2000000000000028        4.4100000000000064     
  -4.1000000000000032        4.2025000000000068     
  -4.0000000000000036        4.0000000000000071     
  -3.9000000000000035        3.8025000000000069     
  -3.8000000000000034        3.6100000000000065     
  -3.7000000000000033        3.4225000000000061     
  -3.6000000000000032        3.2400000000000055     
  -3.5000000000000031        3.0625000000000053     
  -3.4000000000000030        2.8900000000000050     
  -3.3000000000000029        2.7225000000000050     
  -3.2000000000000028        2.5600000000000045     
  -3.1000000000000028        2.4025000000000043     
  -3.0000000000000027        2.2500000000000040     
  -2.9000000000000026        2.1025000000000036     
  -2.8000000000000025        1.9600000000000035     
  -2.7000000000000024        1.8225000000000033     
  -2.6000000000000023        1.6900000000000031     
  -2.5000000000000022        1.5625000000000029     
  -2.4000000000000021        1.4400000000000026     
  -2.3000000000000020        1.3225000000000025     
  -2.2000000000000020        1.2100000000000022     
  -2.1000000000000019        1.1025000000000020     
  -2.0000000000000018        1.0000000000000018     
  -1.9000000000000017       0.90250000000000163     
  -1.8000000000000016       0.81000000000000139     
  -1.7000000000000015       0.72250000000000125     
  -1.6000000000000014       0.64000000000000112     
  -1.5000000000000013       0.56250000000000100     
  -1.4000000000000012       0.49000000000000088     
  -1.3000000000000012       0.42250000000000076     
  -1.2000000000000011       0.36000000000000065     
  -1.1000000000000010       0.30250000000000055     
  -1.0000000000000009       0.25000000000000044     
 -0.90000000000000091       0.20250000000000040     
 -0.80000000000000093       0.16000000000000036     
 -0.70000000000000095       0.12250000000000033     
 -0.60000000000000098        9.0000000000000288E-002
 -0.50000000000000100        6.2500000000000250E-002
 -0.40000000000000102        4.0000000000000202E-002
 -0.30000000000000104        2.2500000000000155E-002
 -0.20000000000000104        1.0000000000000104E-002
 -0.10000000000000103        2.5000000000000517E-003
  -1.0269562977782698E-015   2.6365980938661259E-031
   9.9999999999998979E-002   2.4999999999999489E-003
  0.19999999999999898        9.9999999999998979E-003
  0.29999999999999899        2.2499999999999850E-002
  0.39999999999999902        3.9999999999999807E-002
  0.49999999999999900        6.2499999999999750E-002
  0.59999999999999898        8.9999999999999691E-002
  0.69999999999999896       0.12249999999999964     
  0.79999999999999893       0.15999999999999959     
  0.89999999999999891       0.20249999999999951     
  0.99999999999999889       0.24999999999999944     
   1.0999999999999990       0.30249999999999944     
   1.1999999999999991       0.35999999999999943     
   1.2999999999999992       0.42249999999999943     
   1.3999999999999992       0.48999999999999949     
   1.4999999999999993       0.56249999999999956     
   1.5999999999999994       0.63999999999999957     
   1.6999999999999995       0.72249999999999959     
   1.7999999999999996       0.80999999999999961     
   1.8999999999999997       0.90249999999999975     
   1.9999999999999998       0.99999999999999978     
   2.0999999999999996        1.1024999999999996     
   2.1999999999999997        1.2099999999999997     
   2.2999999999999998        1.3224999999999998     
   2.3999999999999999        1.4399999999999999     
   2.5000000000000000        1.5625000000000000     
   2.6000000000000001        1.6900000000000002     
   2.7000000000000002        1.8225000000000002     
   2.8000000000000003        1.9600000000000004     
   2.9000000000000004        2.1025000000000005     
   3.0000000000000004        2.2500000000000009     
   3.1000000000000005        2.4025000000000007     
   3.2000000000000006        2.5600000000000009     
   3.3000000000000007        2.7225000000000010     
   3.4000000000000008        2.8900000000000015     
   3.5000000000000009        3.0625000000000018     
   3.6000000000000010        3.2400000000000015     
   3.7000000000000011        3.4225000000000021     
   3.8000000000000012        3.6100000000000021     
   3.9000000000000012        3.8025000000000024     
   4.0000000000000009        4.0000000000000018     
   4.1000000000000005        4.2025000000000015     
   4.2000000000000002        4.4100000000000001     
   4.2999999999999998        4.6224999999999996     
   4.3999999999999995        4.8399999999999990     
   4.4999999999999991        5.0624999999999982     
   4.5999999999999988        5.2899999999999974     
   4.6999999999999984        5.5224999999999964     
   4.7999999999999980        5.7599999999999953     
   4.8999999999999977        6.0024999999999942     
   4.9999999999999973        6.2499999999999938     
