  -5.0000000000000000        12.500000000000000     
  -4.9900000000000002        12.450050000000001     
  -4.9800000000000004        12.400200000000002     
  -4.9700000000000006        12.350450000000004     
  -4.9600000000000009        12.300800000000004     
  -4.9500000000000011        12.251250000000006     
  -4.9400000000000013        12.201800000000006     
  -4.9300000000000015        12.152450000000007     
  -4.9200000000000017        12.103200000000008     
  -4.9100000000000019        12.054050000000009     
  -4.9000000000000021        12.005000000000010     
  -4.8900000000000023        11.956050000000012     
  -4.8800000000000026        11.907200000000012     
  -4.8700000000000028        11.858450000000014     
  -4.8600000000000030        11.809800000000015     
  -4.8500000000000032        11.761250000000015     
  -4.8400000000000034        11.712800000000016     
  -4.8300000000000036        11.664450000000018     
  -4.8200000000000038        11.616200000000019     
  -4.8100000000000041        11.568050000000019     
  -4.8000000000000043        11.520000000000021     
  -4.7900000000000045        11.472050000000021     
  -4.7800000000000047        11.424200000000022     
  -4.7700000000000049        11.376450000000023     
  -4.7600000000000051        11.328800000000024     
  -4.7500000000000053        11.281250000000025     
  -4.7400000000000055        11.233800000000027     
  -4.7300000000000058        11.186450000000027     
  -4.7200000000000060        11.139200000000027     
  -4.7100000000000062        11.092050000000029     
  -4.7000000000000064        11.045000000000030     
  -4.6900000000000066        10.998050000000031     
  -4.6800000000000068        10.951200000000032     
  -4.6700000000000070        10.904450000000033     
  -4.6600000000000072        10.857800000000033     
  -4.6500000000000075        10.811250000000035     
  -4.6400000000000077        10.764800000000035     
  -4.6300000000000079        10.718450000000036     
  -4.6200000000000081        10.672200000000037     
  -4.6100000000000083        10.626050000000038     
  -4.6000000000000085        10.580000000000039     
  -4.5900000000000087        10.534050000000040     
  -4.5800000000000090        10.488200000000042     
  -4.5700000000000092        10.442450000000042     
  -4.5600000000000094        10.396800000000043     
  -4.5500000000000096        10.351250000000043     
  -4.5400000000000098        10.305800000000044     
  -4.5300000000000100        10.260450000000045     
  -4.5200000000000102        10.215200000000046     
  -4.5100000000000104        10.170050000000048     
  -4.5000000000000107        10.125000000000048     
  -4.4900000000000109        10.080050000000050     
  -4.4800000000000111        10.035200000000049     
  -4.4700000000000113        9.9904500000000507     
  -4.4600000000000115        9.9458000000000517     
  -4.4500000000000117        9.9012500000000525     
  -4.4400000000000119        9.8568000000000531     
  -4.4300000000000122        9.8124500000000534     
  -4.4200000000000124        9.7682000000000553     
  -4.4100000000000126        9.7240500000000551     
  -4.4000000000000128        9.6800000000000566     
  -4.3900000000000130        9.6360500000000577     
  -4.3800000000000132        9.5922000000000587     
  -4.3700000000000134        9.5484500000000594     
  -4.3600000000000136        9.5048000000000599     
  -4.3500000000000139        9.4612500000000601     
  -4.3400000000000141        9.4178000000000619     
  -4.3300000000000143        9.3744500000000617     
  -4.3200000000000145        9.3312000000000630     
  -4.3100000000000147        9.2880500000000641     
  -4.3000000000000149        9.2450000000000649     
  -4.2900000000000151        9.2020500000000656     
  -4.2800000000000153        9.1592000000000660     
  -4.2700000000000156        9.1164500000000661     
  -4.2600000000000158        9.0738000000000678     
  -4.2500000000000160        9.0312500000000675     
  -4.2400000000000162        8.9888000000000687     
  -4.2300000000000164        8.9464500000000697     
  -4.2200000000000166        8.9042000000000705     
  -4.2100000000000168        8.8620500000000710     
  -4.2000000000000171        8.8200000000000713     
  -4.1900000000000173        8.7780500000000732     
  -4.1800000000000175        8.7362000000000730     
  -4.1700000000000177        8.6944500000000744     
  -4.1600000000000179        8.6528000000000738     
  -4.1500000000000181        8.6112500000000747     
  -4.1400000000000183        8.5698000000000754     
  -4.1300000000000185        8.5284500000000758     
  -4.1200000000000188        8.4872000000000778     
  -4.1100000000000190        8.4460500000000778     
  -4.1000000000000192        8.4050000000000793     
  -4.0900000000000194        8.3640500000000788     
  -4.0800000000000196        8.3232000000000799     
  -4.0700000000000198        8.2824500000000807     
  -4.0600000000000200        8.2418000000000813     
  -4.0500000000000203        8.2012500000000816     
  -4.0400000000000205        8.1608000000000835     
  -4.0300000000000207        8.1204500000000834     
  -4.0200000000000209        8.0802000000000831     
  -4.0100000000000211        8.0400500000000843     
  -4.0000000000000213        8.0000000000000853     
  -3.9900000000000215        7.9600500000000860     
  -3.9800000000000217        7.9202000000000865     
  -3.9700000000000220        7.8804500000000868     
  -3.9600000000000222        7.8408000000000877     
  -3.9500000000000224        7.8012500000000884     
  -3.9400000000000226        7.7618000000000889     
  -3.9300000000000228        7.7224500000000900     
  -3.9200000000000230        7.6832000000000900     
  -3.9100000000000232        7.6440500000000906     
  -3.9000000000000234        7.6050000000000910     
  -3.8900000000000237        7.5660500000000921     
  -3.8800000000000239        7.5272000000000929     
  -3.8700000000000241        7.4884500000000935     
  -3.8600000000000243        7.4498000000000939     
  -3.8500000000000245        7.4112500000000940     
  -3.8400000000000247        7.3728000000000948     
  -3.8300000000000249        7.3344500000000954     
  -3.8200000000000252        7.2962000000000957     
  -3.8100000000000254        7.2580500000000967     
  -3.8000000000000256        7.2200000000000975     
  -3.7900000000000258        7.1820500000000980     
  -3.7800000000000260        7.1442000000000982     
  -3.7700000000000262        7.1064500000000992     
  -3.7600000000000264        7.0688000000000990     
  -3.7500000000000266        7.0312500000001004     
  -3.7400000000000269        6.9938000000001006     
  -3.7300000000000271        6.9564500000001006     
  -3.7200000000000273        6.9192000000001013     
  -3.7100000000000275        6.8820500000001017     
  -3.7000000000000277        6.8450000000001028     
  -3.6900000000000279        6.8080500000001027     
  -3.6800000000000281        6.7712000000001034     
  -3.6700000000000284        6.7344500000001037     
  -3.6600000000000286        6.6978000000001048     
  -3.6500000000000288        6.6612500000001047     
  -3.6400000000000290        6.6248000000001053     
  -3.6300000000000292        6.5884500000001056     
  -3.6200000000000294        6.5522000000001066     
  -3.6100000000000296        6.5160500000001074     
  -3.6000000000000298        6.4800000000001070     
  -3.5900000000000301        6.4440500000001082     
  -3.5800000000000303        6.4082000000001083     
  -3.5700000000000305        6.3724500000001090     
  -3.5600000000000307        6.3368000000001095     
  -3.5500000000000309        6.3012500000001097     
  -3.5400000000000311        6.2658000000001106     
  -3.5300000000000313        6.2304500000001104     
  -3.5200000000000315        6.1952000000001108     
  -3.5100000000000318        6.1600500000001110     
  -3.5000000000000320        6.1250000000001119     
  -3.4900000000000322        6.0900500000001125     
  -3.4800000000000324        6.0552000000001129     
  -3.4700000000000326        6.0204500000001131     
  -3.4600000000000328        5.9858000000001139     
  -3.4500000000000330        5.9512500000001136     
  -3.4400000000000333        5.9168000000001140     
  -3.4300000000000335        5.8824500000001150     
  -3.4200000000000337        5.8482000000001149     
  -3.4100000000000339        5.8140500000001154     
  -3.4000000000000341        5.7800000000001157     
  -3.3900000000000343        5.7460500000001167     
  -3.3800000000000345        5.7122000000001165     
  -3.3700000000000347        5.6784500000001170     
  -3.3600000000000350        5.6448000000001173     
  -3.3500000000000352        5.6112500000001182     
  -3.3400000000000354        5.5778000000001180     
  -3.3300000000000356        5.5444500000001185     
  -3.3200000000000358        5.5112000000001187     
  -3.3100000000000360        5.4780500000001195     
  -3.3000000000000362        5.4450000000001193     
  -3.2900000000000365        5.4120500000001197     
  -3.2800000000000367        5.3792000000001199     
  -3.2700000000000369        5.3464500000001207     
  -3.2600000000000371        5.3138000000001213     
  -3.2500000000000373        5.2812500000001217     
  -3.2400000000000375        5.2488000000001218     
  -3.2300000000000377        5.2164500000001217     
  -3.2200000000000379        5.1842000000001223     
  -3.2100000000000382        5.1520500000001226     
  -3.2000000000000384        5.1200000000001227     
  -3.1900000000000386        5.0880500000001234     
  -3.1800000000000388        5.0562000000001230     
  -3.1700000000000390        5.0244500000001233     
  -3.1600000000000392        4.9928000000001242     
  -3.1500000000000394        4.9612500000001241     
  -3.1400000000000396        4.9298000000001245     
  -3.1300000000000399        4.8984500000001248     
  -3.1200000000000401        4.8672000000001248     
  -3.1100000000000403        4.8360500000001254     
  -3.1000000000000405        4.8050000000001258     
  -3.0900000000000407        4.7740500000001260     
  -3.0800000000000409        4.7432000000001260     
  -3.0700000000000411        4.7124500000001266     
  -3.0600000000000414        4.6818000000001270     
  -3.0500000000000416        4.6512500000001271     
  -3.0400000000000418        4.6208000000001270     
  -3.0300000000000420        4.5904500000001276     
  -3.0200000000000422        4.5602000000001270     
  -3.0100000000000424        4.5300500000001280     
  -3.0000000000000426        4.5000000000001279     
  -2.9900000000000428        4.4700500000001284     
  -2.9800000000000431        4.4402000000001287     
  -2.9700000000000433        4.4104500000001288     
  -2.9600000000000435        4.3808000000001286     
  -2.9500000000000437        4.3512500000001291     
  -2.9400000000000439        4.3218000000001293     
  -2.9300000000000441        4.2924500000001293     
  -2.9200000000000443        4.2632000000001291     
  -2.9100000000000446        4.2340500000001295     
  -2.9000000000000448        4.2050000000001297     
  -2.8900000000000450        4.1760500000001297     
  -2.8800000000000452        4.1472000000001303     
  -2.8700000000000454        4.1184500000001307     
  -2.8600000000000456        4.0898000000001309     
  -2.8500000000000458        4.0612500000001308     
  -2.8400000000000460        4.0328000000001305     
  -2.8300000000000463        4.0044500000001308     
  -2.8200000000000465        3.9762000000001310     
  -2.8100000000000467        3.9480500000001313     
  -2.8000000000000469        3.9200000000001314     
  -2.7900000000000471        3.8920500000001312     
  -2.7800000000000473        3.8642000000001318     
  -2.7700000000000475        3.8364500000001316     
  -2.7600000000000477        3.8088000000001316     
  -2.7500000000000480        3.7812500000001319     
  -2.7400000000000482        3.7538000000001319     
  -2.7300000000000484        3.7264500000001322     
  -2.7200000000000486        3.6992000000001322     
  -2.7100000000000488        3.6720500000001324     
  -2.7000000000000490        3.6450000000001324     
  -2.6900000000000492        3.6180500000001325     
  -2.6800000000000495        3.5912000000001325     
  -2.6700000000000497        3.5644500000001327     
  -2.6600000000000499        3.5378000000001326     
  -2.6500000000000501        3.5112500000001328     
  -2.6400000000000503        3.4848000000001327     
  -2.6300000000000505        3.4584500000001328     
  -2.6200000000000507        3.4322000000001327     
  -2.6100000000000509        3.4060500000001328     
  -2.6000000000000512        3.3800000000001331     
  -2.5900000000000514        3.3540500000001332     
  -2.5800000000000516        3.3282000000001331     
  -2.5700000000000518        3.3024500000001331     
  -2.5600000000000520        3.2768000000001329     
  -2.5500000000000522        3.2512500000001330     
  -2.5400000000000524        3.2258000000001332     
  -2.5300000000000527        3.2004500000001332     
  -2.5200000000000529        3.1752000000001330     
  -2.5100000000000531        3.1500500000001330     
  -2.5000000000000533        3.1250000000001332     
  -2.4900000000000535        3.1000500000001332     
  -2.4800000000000537        3.0752000000001334     
  -2.4700000000000539        3.0504500000001333     
  -2.4600000000000541        3.0258000000001330     
  -2.4500000000000544        3.0012500000001330     
  -2.4400000000000546        2.9768000000001331     
  -2.4300000000000548        2.9524500000001330     
  -2.4200000000000550        2.9282000000001331     
  -2.4100000000000552        2.9040500000001330     
  -2.4000000000000554        2.8800000000001331     
  -2.3900000000000556        2.8560500000001330     
  -2.3800000000000558        2.8322000000001331     
  -2.3700000000000561        2.8084500000001329     
  -2.3600000000000563        2.7848000000001329     
  -2.3500000000000565        2.7612500000001328     
  -2.3400000000000567        2.7378000000001328     
  -2.3300000000000569        2.7144500000001326     
  -2.3200000000000571        2.6912000000001326     
  -2.3100000000000573        2.6680500000001324     
  -2.3000000000000576        2.6450000000001324     
  -2.2900000000000578        2.6220500000001321     
  -2.2800000000000580        2.5992000000001321     
  -2.2700000000000582        2.5764500000001322     
  -2.2600000000000584        2.5538000000001322     
  -2.2500000000000586        2.5312500000001319     
  -2.2400000000000588        2.5088000000001318     
  -2.2300000000000590        2.4864500000001315     
  -2.2200000000000593        2.4642000000001314     
  -2.2100000000000595        2.4420500000001315     
  -2.2000000000000597        2.4200000000001314     
  -2.1900000000000599        2.3980500000001310     
  -2.1800000000000601        2.3762000000001309     
  -2.1700000000000603        2.3544500000001309     
  -2.1600000000000605        2.3328000000001308     
  -2.1500000000000608        2.3112500000001308     
  -2.1400000000000610        2.2898000000001306     
  -2.1300000000000612        2.2684500000001302     
  -2.1200000000000614        2.2472000000001300     
  -2.1100000000000616        2.2260500000001300     
  -2.1000000000000618        2.2050000000001297     
  -2.0900000000000620        2.1840500000001297     
  -2.0800000000000622        2.1632000000001295     
  -2.0700000000000625        2.1424500000001294     
  -2.0600000000000627        2.1218000000001291     
  -2.0500000000000629        2.1012500000001291     
  -2.0400000000000631        2.0808000000001288     
  -2.0300000000000633        2.0604500000001287     
  -2.0200000000000635        2.0402000000001284     
  -2.0100000000000637        2.0200500000001282     
  -2.0000000000000639        2.0000000000001279     
  -1.9900000000000639        1.9800500000001273     
  -1.9800000000000639        1.9602000000001265     
  -1.9700000000000639        1.9404500000001259     
  -1.9600000000000639        1.9208000000001253     
  -1.9500000000000639        1.9012500000001247     
  -1.9400000000000639        1.8818000000001240     
  -1.9300000000000639        1.8624500000001234     
  -1.9200000000000639        1.8432000000001227     
  -1.9100000000000639        1.8240500000001221     
  -1.9000000000000639        1.8050000000001214     
  -1.8900000000000639        1.7860500000001207     
  -1.8800000000000638        1.7672000000001200     
  -1.8700000000000638        1.7484500000001193     
  -1.8600000000000638        1.7298000000001188     
  -1.8500000000000638        1.7112500000001181     
  -1.8400000000000638        1.6928000000001173     
  -1.8300000000000638        1.6744500000001168     
  -1.8200000000000638        1.6562000000001160     
  -1.8100000000000638        1.6380500000001155     
  -1.8000000000000638        1.6200000000001147     
  -1.7900000000000638        1.6020500000001141     
  -1.7800000000000638        1.5842000000001135     
  -1.7700000000000637        1.5664500000001129     
  -1.7600000000000637        1.5488000000001121     
  -1.7500000000000637        1.5312500000001115     
  -1.7400000000000637        1.5138000000001108     
  -1.7300000000000637        1.4964500000001102     
  -1.7200000000000637        1.4792000000001095     
  -1.7100000000000637        1.4620500000001089     
  -1.7000000000000637        1.4450000000001082     
  -1.6900000000000637        1.4280500000001075     
  -1.6800000000000637        1.4112000000001070     
  -1.6700000000000637        1.3944500000001063     
  -1.6600000000000636        1.3778000000001056     
  -1.6500000000000636        1.3612500000001051     
  -1.6400000000000636        1.3448000000001044     
  -1.6300000000000636        1.3284500000001036     
  -1.6200000000000636        1.3122000000001031     
  -1.6100000000000636        1.2960500000001025     
  -1.6000000000000636        1.2800000000001017     
  -1.5900000000000636        1.2640500000001011     
  -1.5800000000000636        1.2482000000001003     
  -1.5700000000000636        1.2324500000000997     
  -1.5600000000000636        1.2168000000000991     
  -1.5500000000000635        1.2012500000000985     
  -1.5400000000000635        1.1858000000000979     
  -1.5300000000000635        1.1704500000000972     
  -1.5200000000000635        1.1552000000000966     
  -1.5100000000000635        1.1400500000000959     
  -1.5000000000000635        1.1250000000000953     
  -1.4900000000000635        1.1100500000000946     
  -1.4800000000000635        1.0952000000000939     
  -1.4700000000000635        1.0804500000000934     
  -1.4600000000000635        1.0658000000000927     
  -1.4500000000000635        1.0512500000000919     
  -1.4400000000000635        1.0368000000000914     
  -1.4300000000000634        1.0224500000000907     
  -1.4200000000000634        1.0082000000000901     
  -1.4100000000000634       0.99405000000008947     
  -1.4000000000000634       0.98000000000008880     
  -1.3900000000000634       0.96605000000008812     
  -1.3800000000000634       0.95220000000008753     
  -1.3700000000000634       0.93845000000008683     
  -1.3600000000000634       0.92480000000008622     
  -1.3500000000000634       0.91125000000008560     
  -1.3400000000000634       0.89780000000008486     
  -1.3300000000000634       0.88445000000008422     
  -1.3200000000000633       0.87120000000008357     
  -1.3100000000000633       0.85805000000008302     
  -1.3000000000000633       0.84500000000008235     
  -1.2900000000000633       0.83205000000008167     
  -1.2800000000000633       0.81920000000008109     
  -1.2700000000000633       0.80645000000008038     
  -1.2600000000000633       0.79380000000007978     
  -1.2500000000000633       0.78125000000007916     
  -1.2400000000000633       0.76880000000007842     
  -1.2300000000000633       0.75645000000007778     
  -1.2200000000000633       0.74420000000007713     
  -1.2100000000000632       0.73205000000007658     
  -1.2000000000000632       0.72000000000007591     
  -1.1900000000000632       0.70805000000007523     
  -1.1800000000000632       0.69620000000007465     
  -1.1700000000000632       0.68445000000007394     
  -1.1600000000000632       0.67280000000007334     
  -1.1500000000000632       0.66125000000007272     
  -1.1400000000000632       0.64980000000007199     
  -1.1300000000000632       0.63845000000007135     
  -1.1200000000000632       0.62720000000007070     
  -1.1100000000000632       0.61605000000007015     
  -1.1000000000000631       0.60500000000006948     
  -1.0900000000000631       0.59405000000006880     
  -1.0800000000000631       0.58320000000006822     
  -1.0700000000000631       0.57245000000006752     
  -1.0600000000000631       0.56180000000006691     
  -1.0500000000000631       0.55125000000006630     
  -1.0400000000000631       0.54080000000006567     
  -1.0300000000000631       0.53045000000006493     
  -1.0200000000000631       0.52020000000006439     
  -1.0100000000000631       0.51005000000006373     
  -1.0000000000000631       0.50000000000006306     
 -0.99000000000006305       0.49005000000006244     
 -0.98000000000006304       0.48020000000006180     
 -0.97000000000006303       0.47045000000006115     
 -0.96000000000006303       0.46080000000006049     
 -0.95000000000006302       0.45125000000005988     
 -0.94000000000006301       0.44180000000005920     
 -0.93000000000006300       0.43245000000005857     
 -0.92000000000006299       0.42320000000005797     
 -0.91000000000006298       0.41405000000005732     
 -0.90000000000006297       0.40500000000005665     
 -0.89000000000006296       0.39605000000005602     
 -0.88000000000006295       0.38720000000005539     
 -0.87000000000006295       0.37845000000005474     
 -0.86000000000006294       0.36980000000005414     
 -0.85000000000006293       0.36125000000005347     
 -0.84000000000006292       0.35280000000005285     
 -0.83000000000006291       0.34445000000005221     
 -0.82000000000006290       0.33620000000005157     
 -0.81000000000006289       0.32805000000005097     
 -0.80000000000006288       0.32000000000005030     
 -0.79000000000006287       0.31205000000004968     
 -0.78000000000006287       0.30420000000004904     
 -0.77000000000006286       0.29645000000004840     
 -0.76000000000006285       0.28880000000004774     
 -0.75000000000006284       0.28125000000004713     
 -0.74000000000006283       0.27380000000004651     
 -0.73000000000006282       0.26645000000004587     
 -0.72000000000006281       0.25920000000004523     
 -0.71000000000006280       0.25205000000004457     
 -0.70000000000006279       0.24500000000004396     
 -0.69000000000006279       0.23805000000004331     
 -0.68000000000006278       0.23120000000004268     
 -0.67000000000006277       0.22445000000004206     
 -0.66000000000006276       0.21780000000004143     
 -0.65000000000006275       0.21125000000004079     
 -0.64000000000006274       0.20480000000004014     
 -0.63000000000006273       0.19845000000003951     
 -0.62000000000006272       0.19220000000003890     
 -0.61000000000006271       0.18605000000003827     
 -0.60000000000006271       0.18000000000003763     
 -0.59000000000006270       0.17405000000003698     
 -0.58000000000006269       0.16820000000003635     
 -0.57000000000006268       0.16245000000003573     
 -0.56000000000006267       0.15680000000003511     
 -0.55000000000006266       0.15125000000003447     
 -0.54000000000006265       0.14580000000003382     
 -0.53000000000006264       0.14045000000003319     
 -0.52000000000006263       0.13520000000003257     
 -0.51000000000006263       0.13005000000003195     
 -0.50000000000006262       0.12500000000003131     
 -0.49000000000006261       0.12005000000003067     
 -0.48000000000006260       0.11520000000003004     
 -0.47000000000006259       0.11045000000002941     
 -0.46000000000006258       0.10580000000002879     
 -0.45000000000006257       0.10125000000002815     
 -0.44000000000006256        9.6800000000027531E-002
 -0.43000000000006255        9.2450000000026900E-002
 -0.42000000000006255        8.8200000000026271E-002
 -0.41000000000006254        8.4050000000025646E-002
 -0.40000000000006253        8.0000000000025009E-002
 -0.39000000000006252        7.6050000000024376E-002
 -0.38000000000006251        7.2200000000023759E-002
 -0.37000000000006250        6.8450000000023131E-002
 -0.36000000000006249        6.4800000000022492E-002
 -0.35000000000006248        6.1250000000021870E-002
 -0.34000000000006247        5.7800000000021244E-002
 -0.33000000000006247        5.4450000000020614E-002
 -0.32000000000006246        5.1200000000019986E-002
 -0.31000000000006245        4.8050000000019362E-002
 -0.30000000000006244        4.5000000000018733E-002
 -0.29000000000006243        4.2050000000018108E-002
 -0.28000000000006242        3.9200000000017478E-002
 -0.27000000000006241        3.6450000000016851E-002
 -0.26000000000006240        3.3800000000016227E-002
 -0.25000000000006239        3.1250000000015599E-002
 -0.24000000000006239        2.8800000000014973E-002
 -0.23000000000006238        2.6450000000014347E-002
 -0.22000000000006237        2.4200000000013721E-002
 -0.21000000000006236        2.2050000000013094E-002
 -0.20000000000006235        2.0000000000012470E-002
 -0.19000000000006234        1.8050000000011845E-002
 -0.18000000000006233        1.6200000000011219E-002
 -0.17000000000006232        1.4450000000010595E-002
 -0.16000000000006231        1.2800000000009970E-002
 -0.15000000000006231        1.1250000000009346E-002
 -0.14000000000006230        9.8000000000087219E-003
 -0.13000000000006229        8.4500000000080969E-003
 -0.12000000000006229        7.2000000000074747E-003
 -0.11000000000006230        6.0500000000068528E-003
 -0.10000000000006230        5.0000000000062304E-003
  -9.0000000000062308E-002   4.0500000000056081E-003
  -8.0000000000062313E-002   3.2000000000049849E-003
  -7.0000000000062318E-002   2.4500000000043623E-003
  -6.0000000000062316E-002   1.8000000000037389E-003
  -5.0000000000062314E-002   1.2500000000031158E-003
  -4.0000000000062312E-002   8.0000000000249251E-004
  -3.0000000000062310E-002   4.5000000000186931E-004
  -2.0000000000062308E-002   2.0000000000124616E-004
  -1.0000000000062308E-002   5.0000000000623080E-005
  -6.2307797810134957E-014   1.9411308339743293E-027
   9.9999999999376924E-003   4.9999999999376925E-005
   1.9999999999937693E-002   1.9999999999875385E-004
   2.9999999999937695E-002   4.4999999999813082E-004
   3.9999999999937697E-002   7.9999999999750789E-004
   4.9999999999937698E-002   1.2499999999968849E-003
   5.9999999999937700E-002   1.7999999999962621E-003
   6.9999999999937695E-002   2.4499999999956388E-003
   7.9999999999937690E-002   3.1999999999950154E-003
   8.9999999999937685E-002   4.0499999999943914E-003
   9.9999999999937680E-002   4.9999999999937681E-003
  0.10999999999993768        6.0499999999931442E-003
  0.11999999999993767        7.1999999999925205E-003
  0.12999999999993767        8.4499999999918963E-003
  0.13999999999993767        9.7999999999912740E-003
  0.14999999999993768        1.1249999999990653E-002
  0.15999999999993769        1.2799999999990031E-002
  0.16999999999993770        1.4449999999989409E-002
  0.17999999999993771        1.6199999999988789E-002
  0.18999999999993772        1.8049999999988166E-002
  0.19999999999993773        1.9999999999987545E-002
  0.20999999999993774        2.2049999999986924E-002
  0.21999999999993775        2.4199999999986305E-002
  0.22999999999993775        2.6449999999985683E-002
  0.23999999999993776        2.8799999999985063E-002
  0.24999999999993777        3.1249999999984443E-002
  0.25999999999993778        3.3799999999983822E-002
  0.26999999999993779        3.6449999999983204E-002
  0.27999999999993780        3.9199999999982582E-002
  0.28999999999993781        4.2049999999981963E-002
  0.29999999999993782        4.4999999999981347E-002
  0.30999999999993783        4.8049999999980726E-002
  0.31999999999993783        5.1199999999980109E-002
  0.32999999999993784        5.4449999999979487E-002
  0.33999999999993785        5.7799999999978868E-002
  0.34999999999993786        6.1249999999978252E-002
  0.35999999999993787        6.4799999999977639E-002
  0.36999999999993788        6.8449999999977015E-002
  0.37999999999993789        7.2199999999976394E-002
  0.38999999999993790        7.6049999999975776E-002
  0.39999999999993791        7.9999999999975160E-002
  0.40999999999993791        8.4049999999974548E-002
  0.41999999999993792        8.8199999999973924E-002
  0.42999999999993793        9.2449999999973317E-002
  0.43999999999993794        9.6799999999972700E-002
  0.44999999999993795       0.10124999999997207     
  0.45999999999993796       0.10579999999997146     
  0.46999999999993797       0.11044999999997085     
  0.47999999999993798       0.11519999999997023     
  0.48999999999993799       0.12004999999996961     
  0.49999999999993799       0.12499999999996900     
  0.50999999999993795       0.13004999999996836     
  0.51999999999993796       0.13519999999996773     
  0.52999999999993797       0.14044999999996713     
  0.53999999999993797       0.14579999999996651     
  0.54999999999993798       0.15124999999996588     
  0.55999999999993799       0.15679999999996527     
  0.56999999999993800       0.16244999999996465     
  0.57999999999993801       0.16819999999996404     
  0.58999999999993802       0.17404999999996343     
  0.59999999999993803       0.17999999999996283     
  0.60999999999993804       0.18604999999996219     
  0.61999999999993805       0.19219999999996160     
  0.62999999999993805       0.19844999999996096     
  0.63999999999993806       0.20479999999996035     
  0.64999999999993807       0.21124999999995975     
  0.65999999999993808       0.21779999999995914     
  0.66999999999993809       0.22444999999995852     
  0.67999999999993810       0.23119999999995791     
  0.68999999999993811       0.23804999999995730     
  0.69999999999993812       0.24499999999995667     
  0.70999999999993813       0.25204999999995609     
  0.71999999999993813       0.25919999999995547     
  0.72999999999993814       0.26644999999995483     
  0.73999999999993815       0.27379999999995425     
  0.74999999999993816       0.28124999999995365     
  0.75999999999993817       0.28879999999995298     
  0.76999999999993818       0.29644999999995242     
  0.77999999999993819       0.30419999999995179     
  0.78999999999993820       0.31204999999995120     
  0.79999999999993820       0.31999999999995055     
  0.80999999999993821       0.32804999999994994     
  0.81999999999993822       0.33619999999994932     
  0.82999999999993823       0.34444999999994874     
  0.83999999999993824       0.35279999999994810     
  0.84999999999993825       0.36124999999994750     
  0.85999999999993826       0.36979999999994689     
  0.86999999999993827       0.37844999999994627     
  0.87999999999993828       0.38719999999994570     
  0.88999999999993828       0.39604999999994506     
  0.89999999999993829       0.40499999999994446     
  0.90999999999993830       0.41404999999994385     
  0.91999999999993831       0.42319999999994323     
  0.92999999999993832       0.43244999999994266     
  0.93999999999993833       0.44179999999994202     
  0.94999999999993834       0.45124999999994142     
  0.95999999999993835       0.46079999999994081     
  0.96999999999993836       0.47044999999994019     
  0.97999999999993836       0.48019999999993962     
  0.98999999999993837       0.49004999999993898     
  0.99999999999993838       0.49999999999993838     
   1.0099999999999383       0.51004999999993761     
   1.0199999999999383       0.52019999999993705     
   1.0299999999999383       0.53044999999993647     
   1.0399999999999383       0.54079999999993589     
   1.0499999999999383       0.55124999999993518     
   1.0599999999999383       0.56179999999993457     
   1.0699999999999383       0.57244999999993407     
   1.0799999999999383       0.58319999999993344     
   1.0899999999999384       0.59404999999993280     
   1.0999999999999384       0.60499999999993215     
   1.1099999999999384       0.61604999999993160     
   1.1199999999999384       0.62719999999993103     
   1.1299999999999384       0.63844999999993035     
   1.1399999999999384       0.64979999999992977     
   1.1499999999999384       0.66124999999992917     
   1.1599999999999384       0.67279999999992857     
   1.1699999999999384       0.68444999999992795     
   1.1799999999999384       0.69619999999992732     
   1.1899999999999384       0.70804999999992679     
   1.1999999999999384       0.71999999999992614     
   1.2099999999999385       0.73204999999992548     
   1.2199999999999385       0.74419999999992492     
   1.2299999999999385       0.75644999999992435     
   1.2399999999999385       0.76879999999992377     
   1.2499999999999385       0.78124999999992317     
   1.2599999999999385       0.79379999999992257     
   1.2699999999999385       0.80644999999992195     
   1.2799999999999385       0.81919999999992132     
   1.2899999999999385       0.83204999999992069     
   1.2999999999999385       0.84499999999992015     
   1.3099999999999385       0.85804999999991949     
   1.3199999999999386       0.87119999999991893     
   1.3299999999999386       0.88444999999991825     
   1.3399999999999386       0.89779999999991766     
   1.3499999999999386       0.91124999999991707     
   1.3599999999999386       0.92479999999991647     
   1.3699999999999386       0.93844999999991585     
   1.3799999999999386       0.95219999999991523     
   1.3899999999999386       0.96604999999991470     
   1.3999999999999386       0.97999999999991405     
   1.4099999999999386       0.99404999999991350     
   1.4199999999999386        1.0081999999999129     
   1.4299999999999387        1.0224499999999124     
   1.4399999999999387        1.0367999999999116     
   1.4499999999999387        1.0512499999999110     
   1.4599999999999387        1.0657999999999104     
   1.4699999999999387        1.0804499999999100     
   1.4799999999999387        1.0951999999999094     
   1.4899999999999387        1.1100499999999087     
   1.4999999999999387        1.1249999999999081     
   1.5099999999999387        1.1400499999999074     
   1.5199999999999387        1.1551999999999070     
   1.5299999999999387        1.1704499999999063     
   1.5399999999999388        1.1857999999999056     
   1.5499999999999388        1.2012499999999051     
   1.5599999999999388        1.2167999999999044     
   1.5699999999999388        1.2324499999999039     
   1.5799999999999388        1.2481999999999034     
   1.5899999999999388        1.2640499999999026     
   1.5999999999999388        1.2799999999999021     
   1.6099999999999388        1.2960499999999016     
   1.6199999999999388        1.3121999999999010     
   1.6299999999999388        1.3284499999999002     
   1.6399999999999388        1.3447999999998996     
   1.6499999999999388        1.3612499999998990     
   1.6599999999999389        1.3777999999998984     
   1.6699999999999389        1.3944499999998978     
   1.6799999999999389        1.4111999999998972     
   1.6899999999999389        1.4280499999998968     
   1.6999999999999389        1.4449999999998961     
   1.7099999999999389        1.4620499999998955     
   1.7199999999999389        1.4791999999998948     
   1.7299999999999389        1.4964499999998944     
   1.7399999999999389        1.5137999999998937     
   1.7499999999999389        1.5312499999998932     
   1.7599999999999389        1.5487999999998925     
   1.7699999999999390        1.5664499999998920     
   1.7799999999999390        1.5841999999998913     
   1.7899999999999390        1.6020499999998907     
   1.7999999999999390        1.6199999999998902     
   1.8099999999999390        1.6380499999998896     
   1.8199999999999390        1.6561999999998889     
   1.8299999999999390        1.6744499999998883     
   1.8399999999999390        1.6927999999998877     
   1.8499999999999390        1.7112499999998871     
   1.8599999999999390        1.7297999999998865     
   1.8699999999999390        1.7484499999998859     
   1.8799999999999391        1.7671999999998855     
   1.8899999999999391        1.7860499999998849     
   1.8999999999999391        1.8049999999998843     
   1.9099999999999391        1.8240499999998836     
   1.9199999999999391        1.8431999999998832     
   1.9299999999999391        1.8624499999998825     
   1.9399999999999391        1.8817999999998818     
   1.9499999999999391        1.9012499999998813     
   1.9599999999999391        1.9207999999998806     
   1.9699999999999391        1.9404499999998801     
   1.9799999999999391        1.9601999999998796     
   1.9899999999999392        1.9800499999998789     
   1.9999999999999392        1.9999999999998783     
   2.0099999999999389        2.0200499999998773     
   2.0199999999999387        2.0401999999998761     
   2.0299999999999385        2.0604499999998751     
   2.0399999999999383        2.0807999999998743     
   2.0499999999999381        2.1012499999998733     
   2.0599999999999379        2.1217999999998720     
   2.0699999999999377        2.1424499999998710     
   2.0799999999999375        2.1631999999998701     
   2.0899999999999372        2.1840499999998690     
   2.0999999999999370        2.2049999999998677     
   2.1099999999999368        2.2260499999998666     
   2.1199999999999366        2.2471999999998657     
   2.1299999999999364        2.2684499999998646     
   2.1399999999999362        2.2897999999998633     
   2.1499999999999360        2.3112499999998621     
   2.1599999999999357        2.3327999999998612     
   2.1699999999999355        2.3544499999998600     
   2.1799999999999353        2.3761999999998591     
   2.1899999999999351        2.3980499999998579     
   2.1999999999999349        2.4199999999998569     
   2.2099999999999347        2.4420499999998557     
   2.2199999999999345        2.4641999999998547     
   2.2299999999999343        2.4864499999998535     
   2.2399999999999340        2.5087999999998520     
   2.2499999999999338        2.5312499999998512     
   2.2599999999999336        2.5537999999998502     
   2.2699999999999334        2.5764499999998489     
   2.2799999999999332        2.5991999999998479     
   2.2899999999999330        2.6220499999998466     
   2.2999999999999328        2.6449999999998455     
   2.3099999999999326        2.6680499999998442     
   2.3199999999999323        2.6911999999998431     
   2.3299999999999321        2.7144499999998417     
   2.3399999999999319        2.7377999999998406     
   2.3499999999999317        2.7612499999998397     
   2.3599999999999315        2.7847999999998385     
   2.3699999999999313        2.8084499999998371     
   2.3799999999999311        2.8321999999998360     
   2.3899999999999308        2.8560499999998346     
   2.3999999999999306        2.8799999999998334     
   2.4099999999999304        2.9040499999998324     
   2.4199999999999302        2.9281999999998312     
   2.4299999999999300        2.9524499999998297     
   2.4399999999999298        2.9767999999998285     
   2.4499999999999296        3.0012499999998274     
   2.4599999999999294        3.0257999999998262     
   2.4699999999999291        3.0504499999998251     
   2.4799999999999289        3.0751999999998239     
   2.4899999999999287        3.1000499999998223     
   2.4999999999999285        3.1249999999998215     
   2.5099999999999283        3.1500499999998199     
   2.5199999999999281        3.1751999999998186     
   2.5299999999999279        3.2004499999998175     
   2.5399999999999276        3.2257999999998161     
   2.5499999999999274        3.2512499999998150     
   2.5599999999999272        3.2767999999998136     
   2.5699999999999270        3.3024499999998125     
   2.5799999999999268        3.3281999999998111     
   2.5899999999999266        3.3540499999998099     
   2.5999999999999264        3.3799999999998085     
   2.6099999999999262        3.4060499999998073     
   2.6199999999999259        3.4321999999998059     
   2.6299999999999257        3.4584499999998046     
   2.6399999999999255        3.4847999999998032     
   2.6499999999999253        3.5112499999998019     
   2.6599999999999251        3.5377999999998009     
   2.6699999999999249        3.5644499999997996     
   2.6799999999999247        3.5911999999997981     
   2.6899999999999245        3.6180499999997968     
   2.6999999999999242        3.6449999999997953     
   2.7099999999999240        3.6720499999997940     
   2.7199999999999238        3.6991999999997929     
   2.7299999999999236        3.7264499999997915     
   2.7399999999999234        3.7537999999997900     
   2.7499999999999232        3.7812499999997886     
   2.7599999999999230        3.8087999999997875     
   2.7699999999999227        3.8364499999997861     
   2.7799999999999225        3.8641999999997845     
   2.7899999999999223        3.8920499999997831     
   2.7999999999999221        3.9199999999997819     
   2.8099999999999219        3.9480499999997805     
   2.8199999999999217        3.9761999999997792     
   2.8299999999999215        4.0044499999997774     
   2.8399999999999213        4.0327999999997761     
   2.8499999999999210        4.0612499999997747     
   2.8599999999999208        4.0897999999997738     
   2.8699999999999206        4.1184499999997719     
   2.8799999999999204        4.1471999999997706     
   2.8899999999999202        4.1760499999997691     
   2.8999999999999200        4.2049999999997683     
   2.9099999999999198        4.2340499999997663     
   2.9199999999999195        4.2631999999997650     
   2.9299999999999193        4.2924499999997634     
   2.9399999999999191        4.3217999999997625     
   2.9499999999999189        4.3512499999997605     
   2.9599999999999187        4.3807999999997591     
   2.9699999999999185        4.4104499999997575     
   2.9799999999999183        4.4401999999997566     
   2.9899999999999181        4.4700499999997554     
   2.9999999999999178        4.4999999999997540     
   3.0099999999999176        4.5300499999997523     
   3.0199999999999174        4.5601999999997505     
   3.0299999999999172        4.5904499999997492     
   3.0399999999999170        4.6207999999997478     
   3.0499999999999168        4.6512499999997461     
   3.0599999999999166        4.6817999999997451     
   3.0699999999999164        4.7124499999997429     
   3.0799999999999161        4.7431999999997414     
   3.0899999999999159        4.7740499999997406     
   3.0999999999999157        4.8049999999997386     
   3.1099999999999155        4.8360499999997373     
   3.1199999999999153        4.8671999999997357     
   3.1299999999999151        4.8984499999997340     
   3.1399999999999149        4.9297999999997328     
   3.1499999999999146        4.9612499999997315     
   3.1599999999999144        4.9927999999997299     
   3.1699999999999142        5.0244499999997281     
   3.1799999999999140        5.0561999999997269     
   3.1899999999999138        5.0880499999997246     
   3.1999999999999136        5.1199999999997239     
   3.2099999999999134        5.1520499999997220     
   3.2199999999999132        5.1841999999997199     
   3.2299999999999129        5.2164499999997185     
   3.2399999999999127        5.2487999999997168     
   3.2499999999999125        5.2812499999997158     
   3.2599999999999123        5.3137999999997145     
   3.2699999999999121        5.3464499999997122     
   3.2799999999999119        5.3791999999997113     
   3.2899999999999117        5.4120499999997094     
   3.2999999999999114        5.4449999999997081     
   3.3099999999999112        5.4780499999997065     
   3.3199999999999110        5.5111999999997048     
   3.3299999999999108        5.5444499999997028     
   3.3399999999999106        5.5777999999997014     
   3.3499999999999104        5.6112499999996999     
   3.3599999999999102        5.6447999999996981     
   3.3699999999999100        5.6784499999996969     
   3.3799999999999097        5.7121999999996946     
   3.3899999999999095        5.7460499999996930     
   3.3999999999999093        5.7799999999996921     
   3.4099999999999091        5.8140499999996900     
   3.4199999999999089        5.8481999999996885     
   3.4299999999999087        5.8824499999996869     
   3.4399999999999085        5.9167999999996850     
   3.4499999999999083        5.9512499999996837     
   3.4599999999999080        5.9857999999996814     
   3.4699999999999078        6.0204499999996806     
   3.4799999999999076        6.0551999999996786     
   3.4899999999999074        6.0900499999996764     
   3.4999999999999072        6.1249999999996749     
   3.5099999999999070        6.1600499999996732     
   3.5199999999999068        6.1951999999996721     
   3.5299999999999065        6.2304499999996699     
   3.5399999999999063        6.2657999999996683     
   3.5499999999999061        6.3012499999996665     
   3.5599999999999059        6.3367999999996654     
   3.5699999999999057        6.3724499999996631     
   3.5799999999999055        6.4081999999996615     
   3.5899999999999053        6.4440499999996597     
   3.5999999999999051        6.4799999999996585     
   3.6099999999999048        6.5160499999996562     
   3.6199999999999046        6.5521999999996545     
   3.6299999999999044        6.5884499999996526     
   3.6399999999999042        6.6247999999996514     
   3.6499999999999040        6.6612499999996500     
   3.6599999999999038        6.6977999999996483     
   3.6699999999999036        6.7344499999996463     
   3.6799999999999033        6.7711999999996442     
   3.6899999999999031        6.8080499999996427     
   3.6999999999999029        6.8449999999996409     
   3.7099999999999027        6.8820499999996390     
   3.7199999999999025        6.9191999999996376     
   3.7299999999999023        6.9564499999996352     
   3.7399999999999021        6.9937999999996334     
   3.7499999999999019        7.0312499999996323     
   3.7599999999999016        7.0687999999996300     
   3.7699999999999014        7.1064499999996285     
   3.7799999999999012        7.1441999999996266     
   3.7899999999999010        7.1820499999996246     
   3.7999999999999008        7.2199999999996232     
   3.8099999999999006        7.2580499999996215     
   3.8199999999999004        7.2961999999996197     
   3.8299999999999002        7.3344499999996176     
   3.8399999999998999        7.3727999999996161     
   3.8499999999998997        7.4112499999996135     
   3.8599999999998995        7.4497999999996125     
   3.8699999999998993        7.4884499999996104     
   3.8799999999998991        7.5271999999996089     
   3.8899999999998989        7.5660499999996063     
   3.8999999999998987        7.6049999999996052     
   3.9099999999998984        7.6440499999996030     
   3.9199999999998982        7.6831999999996015     
   3.9299999999998980        7.7224499999995988     
   3.9399999999998978        7.7617999999995977     
   3.9499999999998976        7.8012499999995955     
   3.9599999999998974        7.8407999999995939     
   3.9699999999998972        7.8804499999995921     
   3.9799999999998970        7.9201999999995900     
   3.9899999999998967        7.9600499999995877     
   3.9999999999998965        7.9999999999995861     
   4.0099999999998968        8.0400499999995851     
   4.0199999999998965        8.0801999999995839     
   4.0299999999998963        8.1204499999995825     
   4.0399999999998961        8.1607999999995808     
   4.0499999999998959        8.2012499999995789     
   4.0599999999998957        8.2417999999995768     
   4.0699999999998955        8.2824499999995744     
   4.0799999999998953        8.3231999999995718     
   4.0899999999998951        8.3640499999995708     
   4.0999999999998948        8.4049999999995695     
   4.1099999999998946        8.4460499999995662     
   4.1199999999998944        8.4871999999995644     
   4.1299999999998942        8.5284499999995624     
   4.1399999999998940        8.5697999999995620     
   4.1499999999998938        8.6112499999995595     
   4.1599999999998936        8.6527999999995568     
   4.1699999999998933        8.6944499999995557     
   4.1799999999998931        8.7361999999995525     
   4.1899999999998929        8.7780499999995509     
   4.1999999999998927        8.8199999999995491     
   4.2099999999998925        8.8620499999995470     
   4.2199999999998923        8.9041999999995447     
   4.2299999999998921        8.9464499999995439     
   4.2399999999998919        8.9887999999995412     
   4.2499999999998916        9.0312499999995399     
   4.2599999999998914        9.0737999999995367     
   4.2699999999998912        9.1164499999995350     
   4.2799999999998910        9.1591999999995330     
   4.2899999999998908        9.2020499999995309     
   4.2999999999998906        9.2449999999995303     
   4.3099999999998904        9.2880499999995276     
   4.3199999999998902        9.3311999999995248     
   4.3299999999998899        9.3744499999995234     
   4.3399999999998897        9.4177999999995219     
   4.3499999999998895        9.4612499999995201     
   4.3599999999998893        9.5047999999995181     
   4.3699999999998891        9.5484499999995158     
   4.3799999999998889        9.5921999999995133     
   4.3899999999998887        9.6360499999995106     
   4.3999999999998884        9.6799999999995094     
   4.4099999999998882        9.7240499999995063     
   4.4199999999998880        9.7681999999995046     
   4.4299999999998878        9.8124499999995027     
   4.4399999999998876        9.8567999999995006     
   4.4499999999998874        9.9012499999994983     
   4.4599999999998872        9.9457999999994975     
   4.4699999999998870        9.9904499999994947     
   4.4799999999998867        10.035199999999493     
   4.4899999999998865        10.080049999999490     
   4.4999999999998863        10.124999999999488     
   4.5099999999998861        10.170049999999486     
   4.5199999999998859        10.215199999999484     
   4.5299999999998857        10.260449999999482     
   4.5399999999998855        10.305799999999479     
   4.5499999999998852        10.351249999999478     
   4.5599999999998850        10.396799999999475     
   4.5699999999998848        10.442449999999473     
   4.5799999999998846        10.488199999999472     
   4.5899999999998844        10.534049999999469     
   4.5999999999998842        10.579999999999467     
   4.6099999999998840        10.626049999999465     
   4.6199999999998838        10.672199999999464     
   4.6299999999998835        10.718449999999461     
   4.6399999999998833        10.764799999999459     
   4.6499999999998831        10.811249999999456     
   4.6599999999998829        10.857799999999454     
   4.6699999999998827        10.904449999999452     
   4.6799999999998825        10.951199999999449     
   4.6899999999998823        10.998049999999449     
   4.6999999999998820        11.044999999999446     
   4.7099999999998818        11.092049999999443     
   4.7199999999998816        11.139199999999441     
   4.7299999999998814        11.186449999999439     
   4.7399999999998812        11.233799999999437     
   4.7499999999998810        11.281249999999435     
   4.7599999999998808        11.328799999999433     
   4.7699999999998806        11.376449999999430     
   4.7799999999998803        11.424199999999429     
   4.7899999999998801        11.472049999999426     
   4.7999999999998799        11.519999999999424     
   4.8099999999998797        11.568049999999422     
   4.8199999999998795        11.616199999999418     
   4.8299999999998793        11.664449999999418     
   4.8399999999998791        11.712799999999415     
   4.8499999999998789        11.761249999999412     
   4.8599999999998786        11.809799999999409     
   4.8699999999998784        11.858449999999408     
   4.8799999999998782        11.907199999999406     
   4.8899999999998780        11.956049999999403     
   4.8999999999998778        12.004999999999400     
   4.9099999999998776        12.054049999999400     
   4.9199999999998774        12.103199999999397     
   4.9299999999998771        12.152449999999394     
   4.9399999999998769        12.201799999999393     
   4.9499999999998767        12.251249999999390     
   4.9599999999998765        12.300799999999388     
   4.9699999999998763        12.350449999999386     
   4.9799999999998761        12.400199999999383     
   4.9899999999998759        12.450049999999381     
   4.9999999999998757        12.499999999999378     
