                     0  5.661229640461804E-003  3.317547694173254E-004
                     0  0.199792279221134        28.7379643207247     
                     0  0.392397423322016        3.39210024333872     
                     0  0.497732863316701        34.3578957851260     
                     0  0.510774313868487        27.8847812633820     
                     0  0.583169762363220        31.5255271819214     
                     0  0.681999964281772        7.08259860991127     
                     0  0.693029471604632        29.8781453240295     
                     0  0.771696308441049        7.16170123693775     
                     0  0.864135684750041        34.7136110762103     
                     0  0.873272146914284        29.3569203638038     
                     0  0.957478844728388        32.4786709019304     
                     0  0.995963473553361        4.22354891184395     
                     0   1.02243229017017        29.4359433058617     
                     0   1.02901022404514        3.69155266996675     
                     0   1.04377194694978        5.06230309945820     
                     0   1.05122909661448        29.2715345574628     
                     0   1.14100314352588        7.18415592661223     
                     0   1.16906148536022        30.5268766439076     
                     0   1.19448876933973        29.2661614940162     
                     0   1.19969248998264        31.8079627631328     
                     0   1.22060856314793        30.6130289913647     
                     0   1.22660452950969        30.7660584329381     
                     0   1.32348577079910        30.3189146468222     
                     0   1.33874928481662        5.70307048587133     
                     0   1.36342608116867        30.6952959255173     
                     0   1.36790911888664        4.51120976807248     
                     0   1.39597031189555        5.78489420931946     
                     0   1.39907174962913        30.1296061519526     
                     0   1.50084289632343        31.6245793958578     
                     0   1.50860277790416        33.1087458576113     
                     0   1.52597911491013        9.13820553459190     
                     0   1.52614238888447        33.6287582910109     
                     0   1.53176655099405        30.1552273591410     
                     0   1.53307685926274        30.6318697761960     
                     0   1.56130611245986        32.6832136943097     
                     0   1.56318604578836        32.9009035508856     
                     0   1.57282496272718        29.6461367556943     
                     0   1.57296914457929        37.1566193456854     
                     0   1.65915630107292        8.19562364707864     
                     0   1.67559423441233        8.26811619073115     
                     0   1.68347544294509        31.9590151050219     
                     0   1.69482939773928        5.98875042056022     
                     0   1.69518900849583        31.7731729403640     
                     0   1.72096896186973        29.4606828273854     
                     0   1.72297328978312        5.84326701794017     
                     0   1.72369264600769        32.4626065219989     
                     0   1.74385464587075        32.1308147277755     
                     0   1.75391906126791        7.56849065921892     
                     0   1.81439358869895        31.4744175646413     
                     0   1.83710692448722        29.3076810987546     
                     0   1.84043306596397        31.9648534446197     
                     0   1.85491696091993        34.3863839618604     
                     0   1.85798566632919        31.5397554413982     
                     0   1.88266756061220        30.5315245438140     
                     0   1.88271133230773        32.2865867841218     
                     0   1.96553316123695        31.7769740741020     
                     0   1.96678349553653        29.3239378488028     
                     0   1.96852240223003        8.15479616200937     
                     0   1.98776026623178        32.1150717407832     
                     0   2.00639344704209        8.85474681199302     
                     0   2.01865084272918        6.91126585613690     
                     0   2.01988102702073        31.0536378854913     
                     0   2.02365635869354        6.38042420994516     
                     0   2.04172191422386        32.6594922869808     
                     0   2.04204751323788        8.01899088631734     
                     0   2.05409927667106        31.7006674114867     
                     0   2.06908730417435        5.60524467427679     
                     0   2.11428552963100        31.1840293717625     
                     0   2.11466288218513        4.34965909732721     
                     0   2.11926159584170        26.2247630661510     
                     0   2.13522718404508        30.4662735628944     
                     0   2.14884700554552        29.3846654294358     
                     0   2.15233057094716        9.80959251450503     
                     0   2.16113608254927        30.2907553911125     
                     0   2.17348206975911        30.9366431341981     
                     0   2.17563251446692        30.1659946766468     
                     0   2.18472766921302        30.4369203074224     
                     0   2.19895691347015        30.6060050601405     
                     0   2.20570159014226        35.0577945921921     
                     0   2.21007347643292        29.5526843888117     
                     0   2.21625752653238        31.5204515689341     
                     0   2.26420122403467        29.0553357453424     
                     0   2.26435671878105        31.8583627511156     
                     0   2.27252089632488        11.0008659180293     
                     0   2.28238025860635        32.0010166715234     
                     0   2.32358572865221        8.53327600084027     
                     0   2.32464901652132        31.6028580254033     
                     0   2.33132153175850        9.58192794775688     
                     0   2.35418440555601        32.6976720482665     
                     0   2.35885284151653        8.92582600123657     
                     0   2.41097588553084        29.8668401800428     
                     0   2.41101864544420        6.18773226032685     
                     0   2.41356160419646        9.11610942987619     
                     0   2.42747180899991        30.3873375074153     
                     0   2.43253542792670        9.31156396856250     
                     0   2.43425197807719        30.8686279941437     
                     0   2.44346091526445        30.9412795663794     
                     0   2.47547739395618        31.5869542458271     
                     0   2.47838603559970        30.4070464624893     
                     0   2.48533546110022        34.0960816180326     
                     0   2.50680954545824        32.0474455630535     
                     0   2.50722256462382        29.9389427024933     
                     0   2.54856647488983        31.8210766714164     
                     0   2.55451690172529        31.4293221884699     
                     0   2.55464528468335        33.2793566659660     
                     0   2.57510627017170        10.2170139264829     
                     0   2.58020203576886        30.8802042500240     
                     0   2.58927368945577        34.0123989068386     
                     0   2.59128486993925        33.9603572652642     
                     0   2.61122533251964        32.7928186646949     
                     0   2.61205504059757        37.7065300444714     
                     0   2.61527607789406        29.9509306903606     
                     0   2.61558560187216        9.30268927962582     
                     0   2.61832781308385        32.6698140994390     
                     0   2.62369476179081        32.7057636720043     
                     0   2.63951504466105        8.70545126769603     
                     0   2.65890510029555        33.1742424013673     
                     0   2.66019683938785        8.49078950547048     
                     0   2.68193010292976        33.4064189270323     
                     0   2.68198166699889        30.5344245789782     
                     0   2.69178625008828        8.59657813113049     
                     0   2.69748669243565        33.1905083062308     
                     0   2.69869333152974        7.67213554057797     
                     0   2.71771685881173        32.8644221252418     
                     0   2.72774443098675        32.7476149304095     
                     0   2.74793847518242        10.2627808013231     
                     0   2.74996668280893        30.9596639323344     
                     0   2.75149630266778        33.3232422205543     
                     0   2.75417751852240        34.4351544577452     
                     0   2.81881528147360        33.2894132592830     
                     0   2.81884720237597        32.7644798383474     
                     0   2.82013847671935        7.74858984901738     
                     0   2.82015497927664        27.1306471648143     
                     0   2.83166659760171        32.7660235067711     
                     0   2.84774569641445        32.0041934676039     
                     0   2.88019095529003        33.2381543847214     
                     0   2.88118357428199        31.7656775769958     
                     0   2.88716664325394        32.3001470329149     
                     0   2.88794197718139        29.7942617563008     
                     0   2.88947254121815        9.92557411677092     
                     0   2.91285290829665        34.0635316892159     
                     0   2.92030244855060        9.72221226742928     
                     0   2.92507851806996        31.5863028820140     
                     0   2.92567526708340        35.9797454681689     
                     0   2.95427201935765        33.5697989284126     
                     0   2.95427591542002        30.9869231057958     
                     0   2.97175729908653        9.18322591519192     
                     0   2.97255363627856        34.1640067500078     
                     0   2.97720219756060        8.99080504753464     
                     0   2.97762403366965        30.9946937021899     
                     0   3.01502215517932        9.39791529329229     
                     0   3.01548251044113        30.8677388234506     
                     0   3.03636858007533        33.6916982713647     
                     0   3.05894371172840        33.6582643641998     
                     0   3.05897492044744        30.9275067953619     
                     0   3.06058449237730        10.2768374867647     
                     0   3.06438772993254        34.1926744808707     
                     0   3.08232506503961        8.68574710922321     
                     0   3.08360055649273        29.6549872047947     
                     0   3.08374983258807        8.46700254854927     
                     0   3.10339634043305        30.2104797716660     
                     0   3.10386533096416        9.93520422409562     
                     0   3.10428547420382        33.0287505879449     
                     0   3.11051716271586        32.9299254900146     
                     0   3.11743129998767        32.5903466419262     
                     0   3.11986991126843        30.5339016483232     
                     0   3.12465272009722        32.3116691912300     
                     0   3.14158839180155        7.99664770418709     
                     0   3.15590785385648        32.1050343829763     
                     0   3.15597657909182        32.8456386914045     
                     0   3.17983098810007        31.3795621474877     
                     0   3.18201786859608        7.82514113049444     
                     0   3.19651137688706        11.7435304327092     
                     0   3.20378303668784        32.5913082438682     
                     0   3.21332832248281        34.9244279947025     
                     0   3.21442612525818        33.5641157711477     
                     0   3.21512514399502        34.9781533684956     
                     0   3.24311854900022        33.0031826792159     
                     0   3.24360238240107        10.0316038755785     
                     0   3.24375593780603        29.8014128786535     
                     0   3.25958443837033        32.5222787006324     
                     0   3.26351693350154        26.1680767567787     
                     0   3.26356547998433        6.22432788922174     
                     0   3.30216222449622        31.2048253051467     
                     0   3.30321105443405        32.3046690241038     
                     0   3.32904539997322        28.7878828914914     
                     0   3.32906159967040        9.73372629776737     
                     0   3.33899697287514        9.76351905531287     
                     0   3.36130637635949        32.9742961116947     
                     0   3.36373293307700        34.4594704147448     
                     0   3.36524147799901        9.49835962848041     
                     0   3.36982148798953        9.38493195324230     
                     0   3.38218277825051        34.2332227393952     
                     0   3.38422219219944        9.63749443793371     
                     0   3.38767591687422        33.4118739207460     
                     0   3.38937029563957        32.6076090474272     
                     0   3.38944842554077        33.3622928710674     
                     0   3.41385431281753        36.1871336190109     
                     0   3.41552166011051        41.2235373788672     
                     0   3.41892019940488        31.6424698490629     
                     0   3.41968333126789        10.4485962610750     
                     0   3.43920973313323        33.5548903058872     
                     0   3.43949941325997        13.1034495523411     
                     0   3.46190023730118        34.5395085642966     
                     0   3.47962355598563        31.6520438052097     
                     0   3.48049964483127        33.4415858543076     
                     0   3.49139333825993        30.9711091607255     
                     0   3.49155802916692        33.7889686714321     
                     0   3.51007362853170        27.0151481801859     
                     0   3.51012096170400        7.53198041518207     
                     0   3.51037582217582        8.10101439630732     
                     0   3.52555732419943        32.3030280784949     
                     0   3.53442966867208        35.6519752375156     
                     0   3.53918424008829        30.9482084821891     
                     0   3.54091595005251        34.5195452106380     
                     0   3.55383793789143        39.1003714939325     
                     0   3.55872373500926        12.4977780791812     
                     0   3.55873080925265        30.1959781120190     
                     0   3.55948702347002        32.7184959212406     
                     0   3.58686347476624        10.3903635934411     
                     0   3.60600198486942        35.6297635524438     
                     0   3.61182905689238        9.72596183572028     
                     0   3.61665239777031        35.0675431946851     
                     0   3.61687687785665        33.8471540865440     
                     0   3.62411478787084        35.7447270329130     
                     0   3.62567911386128        31.6064891108982     
                     0   3.62585267837994        36.0586000571895     
                     0   3.63449160828165        34.0015043206387     
                     0   3.63505468613755        12.2156808815618     
                     0   3.66086965053680        31.6570561564925     
                     0   3.67067326592576        30.4890915954954     
                     0   3.67083567025307        9.61465945861966     
                     0   3.67108813456669        30.8529923977652     
                     0   3.69093634357791        32.0691484710650     
                     0   3.69331281525553        33.3043335279142     
                     0   3.69671685454453        33.2094276310381     
                     0   3.70754111154353        33.9967069064619     
                     0   3.74241570359682        10.1714254713695     
                     0   3.74659549264175        28.5635635405716     
                     0   3.74669616758921        8.48955079299335     
                     0   3.75421002611644        32.5946501983761     
                     0   3.75469409934182        33.6898296185580     
                     0   3.76129286343973        35.1481097612752     
                     0   3.76139701510688        31.6359348199849     
                     0   3.77016146927691        33.2338190907070     
                     0   3.79962983819940        10.4685950619239     
                     0   3.80628345020569        33.5173940253696     
                     0   3.84941598416622        11.4806238767476     
                     0   3.85187154924801        33.8250555738953     
                     0   3.85589274635530        32.7338869887330     
                     0   3.85603172037439        33.8528000408926     
                     0   3.85824957223242        33.0288276124053     
                     0   3.85836696774872        34.5307261135693     
                     0   3.86223208226478        32.3103999294471     
                     0   3.86666073977034        36.8101838169834     
                     0   3.86841624648976        31.9920027467375     
                     0   3.86848627665358        11.4228044290018     
                     0   3.87520598926492        33.5862293189508     
                     0   3.87750386807378        31.9488961166566     
                     0   3.88831265396146        10.9661739684182     
                     0   3.89460748130825        33.8809136125609     
                     0   3.89557045739266        32.1900273728970     
                     0   3.90805952728668        35.2972778614771     
                     0   3.90842461985312        31.5584695172985     
                     0   3.93236064965303        31.3162198074418     
                     0   3.93246045485204        10.9057281923517     
                     0   3.95843916855110        34.3792690394114     
                     0   3.96651572370661        30.9701805552531     
                     0   3.96660598122063        33.5345422906264     
                     0   3.96758123216749        10.8482883941685     
                     0   3.97058559830059        31.1244829252010     
                     0   3.97068121754923        8.88909473430414     
                     0   3.97589341359916        33.2763997592014     
                     0   3.97592956278943        31.4742998873774     
                     0   3.99567940735479        33.6708583679016     
                     0   4.00036607621385        33.7000632395543     
                     0   4.00048873168281        11.5441865228171     
                     0   4.02174601765269        31.5049246376218     
                     0   4.02423813169658        31.0693081392161     
                     0   4.02434431296913        9.78301191325670     
                     0   4.02833811439597        33.6955266416209     
                     0   4.03185473958612        11.7732785140771     
                     0   4.04165160314016        33.7677239111316     
                     0   4.07494633175993        32.0296643124822     
                     0   4.07505590182821        10.2704949273525     
                     0   4.07578677825619        33.4645606657463     
                     0   4.07581766783444        33.8707130865652     
                     0   4.07781697849191        32.6728661416879     
                     0   4.07846740705814        32.3400569602318     
                     0   4.07873698267521        10.5713244127798     
                     0   4.07897843173931        31.9551048794003     
                     0   4.08326368934248        33.5158041380834     
                     0   4.09319549085198        33.7312252383362     
                     0   4.12451717764815        32.3390107163862     
                     0   4.12647975148418        36.7319917438136     
                     0   4.15101669721943        33.6350633844381     
                     0   4.15113636937426        12.0951277170446     
                     0   4.16222669337704        11.7862807318762     
                     0   4.16922247364954        32.0687967407308     
                     0   4.16981880224490        34.9025720909871     
                     0   4.17260138890457        34.3003550845339     
                     0   4.17745550503936        31.0836764948375     
                     0   4.17748295437930        9.74348698205049     
                     0   4.20360519673372        31.7534741946336     
                     0   4.20385577153468        33.6412336285185     
                     0   4.20782467131062        12.5945898477924     
                     0   4.20833155207440        35.2379715813727     
                     0   4.21273566250888        35.3173387190764     
                     0   4.22851425051064        9.95118336113444     
                     0   4.27739326395282        34.9994447368096     
                     0   4.28388089377554        11.6855153760122     
                     0   4.28474964557370        34.3372985540597     
                     0   4.28635099103121        11.6911111146222     
                     0   4.29339028009913        32.3571199125427     
                     0   4.29351815737643        33.4910217215474     
                     0   4.30506821299364        32.3716543634361     
                     0   4.30808790185521        34.2427817474154     
                     0   4.33274631486813        9.37560207252867     
                     0   4.34867103327729        32.9080616604507     
                     0   4.35489195836770        33.5450565169116     
                     0   4.35840401750277        33.5715949122957     
                     0   4.36140765674640        33.3074018548754     
                     0   4.36759952389150        10.7387592163974     
                     0   4.37563304535408        31.9899966832184     
                     0   4.37981418397783        9.12616400537638     
                     0   4.38495386096874        33.9170075436610     
                     0   4.39047503355395        9.67440632580372     
                     0   4.39312832574212        34.8090040995379     
                     0   4.39674156471668        11.2132064847569     
                     0   4.39837612437099        32.9972017908978     
                     0   4.40032681506579        35.3910965018910     
                     0   4.40045176306248        10.5656328616729     
                     0   4.40781594087392        33.9427509798041     
                     0   4.40854431073408        32.3701260606652     
                     0   4.43359282155138        35.2621769184201     
                     0   4.43690690929089        10.1641968889654     
                     0   4.44067778153229        9.51458457147282     
                     0   4.44453169653607        33.7392588810192     
                     0   4.45038283815231        34.2288265994924     
                     0   4.45402473000772        33.6456542004776     
                     0   4.46510957677468        31.5484458305247     
                     0   4.46610230852698        7.59590102818631     
                     0   4.46656795062952        32.7034860191843     
                     0   4.46677107680901        31.6516644522806     
                     0   4.48058068066893        33.0370083989238     
                     0   4.48176618691782        8.28222210547615     
                     0   4.48950646152551        33.5210114819239     
                     0   4.50345026067403        10.2843917431762     
                     0   4.51805998225423        35.1268625574468     
                     0   4.51996057584857        34.5635507050017     
                     0   4.52073996741946        10.8521346327814     
                     0   4.52407314308606        34.4024501682538     
                     0   4.53426973346815        33.0843821237830     
                     0   4.53460231382416        31.5429272726613     
                     0   4.53636230254764        34.0649270087880     
                     0   4.54311493255208        9.98920555399880     
                     0   4.55073808676259        33.8183879345870     
                     0   4.55353304122530        11.7095179690725     
                     0   4.56109872515236        35.8080537187851     
                     0   4.56141609035797        32.2288135382685     
                     0   4.56336657098109        32.7676046771581     
                     0   4.56343310912095        34.6582047542506     
                     0   4.57428811243878        33.3246930322713     
                     0   4.57544424100105        35.4351090492595     
                     0   4.57942715841167        33.2002507948632     
                     0   4.60122864338436        33.8618787943355     
                     0   4.60125014971690        11.8018727115453     
                     0   4.61513177218465        32.0936392931809     
                     0   4.61687471251998        34.4718177653196     
                     0   4.62103639104437        36.4341687617026     
                     0   4.62809533909933        32.7021555637872     
                     0   4.62904402038890        10.4621039093803     
                     0   4.63812242869702        36.0899715273187     
                     0   4.65036331740394        9.27917583365189     
                     0   4.65288890694527        33.5588760967020     
                     0   4.65578872400363        8.69167122271383     
                     0   4.66090515865061        32.7396455284948     
                     0   4.68319933049402        33.3396680716327     
                     0   4.68830437828017        33.8091437415178     
                     0   4.69645222048231        10.7368832200342     
                     0   4.70300521910101        31.4674632744696     
                     0   4.70360895984972        34.0256147198783     
                     0   4.72211748675946        33.9529495859713     
                     0   4.73060476886916        12.5565003396021     
                     0   4.73910822926654        31.8426404056874     
                     0   4.74128235127234        36.3387794914852     
                     0   4.74347961334275        34.6755095310788     
                     0   4.74408867940117        35.1924196286544     
                     0   4.75525747590035        34.7003671972205     
                     0   4.76241568539532        10.3427001362608     
                     0   4.79358309537441        33.0591663657051     
                     0   4.79534611751889        34.1141654882181     
                     0   4.80829086308326        32.9168278434319     
                     0   4.83389160243363        32.0732546670314     
                     0   4.84804751160918        11.7553608163177     
                     0   4.85130559595774        34.8916069449348     
                     0   4.85451180326752        35.0969542514451     
                     0   4.85495247891609        34.0015626625949     
                     0   4.85765520930491        9.37634703500826     
                     0   4.87104808794927        33.7924486165000     
                     0   4.88604142095828        32.0878084092514     
                     0   4.88934989938841        34.5030259220223     
                     0   4.89645988607440        33.8239651042485     
                     0   4.89789760018058        11.8097190019804     
                     0   4.90351206708451        33.1096414395869     
                     0   4.90512208156991        11.9338093116195     
                     0   4.90613355330192        33.3852002324975     
                     0   4.91203720109748        33.8396149377938     
                     0   4.91916465315660        32.9706357707643     
                     0   4.92899110995248        32.5687602547345     
                     0   4.93167833112021        34.6070117171945     
                     0   4.93873638320349        34.9276124911567     
                     0   4.94617784268963        12.6726817403381     
                     0   4.95032748434740        32.4291852697601     
                     0   4.95224740051714        33.5101597121533     
                     0   4.96018299410571        11.7889389239972     
                     0   4.96194983187524        32.7710272418518     
                     0   4.96440701411833        34.5146104154686     
                     0   4.97152571365991        34.4176642675487     
                     0   4.97437519655133        33.2880463493095     
                     0   4.98168365435513        32.1268791162876     
                     0   4.98759530711266        12.0516632630159     
                     0   4.99229268069552        35.2942568020862     
                     0   4.99234059264865        35.6562074722612     
                     0   4.99251949454253        33.9463758058570     
                     0   5.01257050211743        12.5876739695490     
                     0   5.01416465551474        32.6395709633451     
                     0   5.01942937979773        32.4438091574405     
                     0   5.03429128371270        33.1196739594333     
                     0   5.03914159859487        12.2608816077266     
                     0   5.04340754281070        33.4840974511188     
                     0   5.04485107971070        33.6686970367579     
                     0   5.05110753057346        12.0752808339964     
                     0   5.05158128069544        34.8616688507447     
                     0   5.05213428789362        36.0445853346347     
                     0   5.05452150480664        32.9942456586984     
                     0   5.06012253751602        14.0200188317794     
                     0   5.06387176894476        33.0651056046454     
                     0   5.07523494900248        12.1872118101209     
                     0   5.08363188808172        33.0815685061773     
                     0   5.08699454712427        32.0819314677411     
                     0   5.08826747990603        33.5656230399433     
                     0   5.09159931108869        33.5930838310260     
                     0   5.09440358625896        32.7953888758234     
                     0   5.09818595268636        32.9353836424226     
                     0   5.10200856642586        34.1758263270696     
                     0   5.10483040982494        34.1347436526489     
                     0   5.10827954214610        13.2887353388984     
                     0   5.12140308553070        33.4712356863378     
                     0   5.13033357316690        33.0043763270574     
                     0   5.13201477274540        33.8275339863948     
                     0   5.13203239386619        34.4966503137806     
                     0   5.13250685651526        14.8513089979783     
                     0   5.13327289143812        33.1487745302355     
                     0   5.14742029318219        33.9395288031013     
                     0   5.14872371996680        10.3354379363726     
                     0   5.14907620473776        35.0003701483068     
                     0   5.16605501359167        10.6222740124949     
                     0   5.16654171750697        38.1368523314524     
                     0   5.17460155315162        34.2724692772677     
                     0   5.17771639114687        11.2244919878951     
                     0   5.19093688487975        32.5207510912885     
                     0   5.19834721974986        32.7810220383854     
                     0   5.20077285317825        32.4732734677907     
                     0   5.20570584106668        33.6463005655144     
                     0   5.20688358195855        33.8577566553866     
                     0   5.21502185461237        11.9895914296371     
                     0   5.21763807287684        11.1878834253258     
                     0   5.22282010701123        33.7290733154416     
                     0   5.24123067537972        32.9968357341553     
                     0   5.24150412378336        33.2624525653952     
                     0   5.25870488828377        31.7346764144370     
                     0   5.26286814460362        32.9084948167017     
                     0   5.27084625568207        33.6985352810417     
                     0   5.27173419145171        14.6279533626533     
                     0   5.29016869535272        12.9081445346559     
                     0   5.29777451851472        36.8054060714225     
                     0   5.30523552781559        33.9609007502722     
                     0   5.30863398418001        33.3826346793384     
                     0   5.31981201846034        33.5756175117598     
                     0   5.32131049596889        10.6333012244224     
                     0   5.33383932500393        33.1808154896917     
                     0   5.34310538305604        32.1444851756355     
                     0   5.35277707979038        13.6126556788440     
                     0   5.35895896027176        34.2958167676708     
                     0   5.37504624664176        34.4841224740786     
                     0   5.38185564848360        32.2364135833361     
                     0   5.40050108500613        33.0881967445151     
                     0   5.40894674514203        11.9323351529608     
                     0   5.42491130987299        33.6791640761377     
                     0   5.43629788738395        33.9008486275904     
                     0   5.43652106137098        13.5837851059130     
                     0   5.43696729442571        33.0389668381051     
                     0   5.43950491155555        32.1170772547055     
                     0   5.45223538923944        12.5004103613734     
                     0   5.45298086120233        34.8718195329532     
                     0   5.45353461560889        33.5423000708446     
                     0   5.45356127309611        33.2827141814579     
                     0   5.46155620159740        33.6819604670024     
                     0   5.47554186187440        33.9747799664046     
                     0   5.48289529211964        11.5901680462526     
                     0   5.49074217336724        33.5094225935734     
                     0   5.49646006541903        13.3295422242936     
                     0   5.50196192898792        33.2026935310915     
                     0   5.50906697930575        32.0648184213114     
                     0   5.53284418293313        33.8625364470763     
                     0   5.53584210031416        12.9686623196486     
                     0   5.53746049642478        32.6330526273279     
                     0   5.54043533617325        32.8979332485135     
                     0   5.54405787557952        10.6468623660266     
                     0   5.54460271101784        33.8595353703095     
                     0   5.54744431348934        33.5784442989713     
                     0   5.55009168909852        10.9537983592345     
                     0   5.55583989480012        32.0757538864022     
                     0   5.56438824199531        35.2413089153990     
                     0   5.56906423560755        33.9490057986573     
                     0   5.57822106394749        12.6628974932168     
                     0   5.57943314768954        31.4333124639333     
                     0   5.58360734625389        34.2077691987045     
                     0   5.59271061445676        34.5354623286092     
                     0   5.59473230999360        10.9284118908210     
                     0   5.61308347118674        32.4600672886486     
                     0   5.62329818129684        33.1273577110378     
                     0   5.62371502360847        33.4611009447195     
                     0   5.62658304371125        9.76986639167075     
                     0   5.63189655969880        34.6347775778644     
                     0   5.63530129596784        33.4505113894562     
                     0   5.64208414552418        31.9560201919093     
                     0   5.65290836035820        12.4160780653411     
                     0   5.65707941362666        31.9098496398022     
                     0   5.66008076976416        32.9838140308091     
                     0   5.66194594917421        33.5562293411021     
                     0   5.66383003696953        33.4438094813899     
                     0   5.66689342404719        10.0760176257876     
                     0   5.67548248085002        32.4897344443457     
                     0   5.67580872772613        11.8010546425789     
                     0   5.67583356012655        33.2092315802847     
                     0   5.67584659684996        33.1454727017617     
                     0   5.68974101784813        34.7591503118744     
                     0   5.69632414930428        10.5890339820883     
                     0   5.70209913425100        34.0350548805953     
                     0   5.70972959196749        34.6842250316566     
                     0   5.71611995078021        33.5927322340352     
                     0   5.72057527380843        10.0006099723312     
                     0   5.72066080923560        33.8805459867803     
                     0   5.72394288222560        33.5960141743129     
                     0   5.73276040940990        34.5527104794827     
                     0   5.74158020261017        34.5812507257281     
                     0   5.74264183596793        9.43676155663465     
                     0   5.74842477710636        32.2631466548052     
                     0   5.75559777044696        34.6166221341330     
                     0   5.76399617434122        33.0920187458996     
                     0   5.76672761948667        33.0399722261373     
                     0   5.77706349539587        9.51308619451975     
                     0   5.77747061169540        32.5570325905102     
                     0   5.77977928699807        33.6317565259108     
                     0   5.78703374488995        33.4689894685064     
                     0   5.78907707625521        32.9671055536476     
                     0   5.78996820328663        33.6405828716137     
                     0   5.80436098014671        34.2331255497463     
                     0   5.80735781063948        10.7153513669926     
                     0   5.82659753662748        9.99022653564645     
                     0   5.83468668414521        33.3628422393415     
                     0   5.83646546991179        32.7949297203258     
                     0   5.85381421083880        33.0363652867687     
                     0   5.86062563658055        33.3208955965298     
                     0   5.86485862309513        9.60410030945312     
                     0   5.86874649114959        33.2416495451361     
                     0   5.87474962368036        31.1958913104622     
                     0   5.90136127479412        33.1768962775565     
                     0   5.90960300856975        11.1782267935687     
                     0   5.91149419461461        32.2171654988353     
                     0   5.91152008316605        32.7558124301771     
                     0   5.93067279021278        33.0132122822530     
                     0   5.93767901743686        32.7168300267354     
                     0   5.94035897400303        11.5608515502301     
                     0   5.95085495406008        32.8485663083201     
                     0   5.95358122756029        11.2551986017829     
                     0   5.95790473146131        33.5474004579932     
                     0   5.96275200776982        32.4182270465726     
                     0   5.97106317214830        32.5233659759797     
                     0   6.00144083118043        33.8705011573965     
                     0   6.01030984652224        32.0528506477598     
                     0   6.01240440704944        34.2641791906951     
                     0   6.03223658090941        32.2706720018105     
                     0   6.03422606610901        32.7726818949644     
                     0   6.04372320159018        10.5728810039598     
                     0   6.04594451628756        10.2839956360547     
                     0   6.04696049503842        33.1621323415437     
                     0   6.06130307615510        34.0603273834203     
                     0   6.06289050044851        32.8462394824675     
                     0   6.06466203719938        31.6483651182075     
                     0   6.06865307780171        34.4027020543558     
                     0   6.08214453253801        32.3336089334961     
                     0   6.08736521141207        11.7925427822778     
                     0   6.10793099314126        33.3762955327009     
                     0   6.10875273931024        32.3701077603698     
                     0   6.11208175054586        35.3226064457288     
                     0   6.11657453552369        12.0305774009840     
                     0   6.12023269704521        32.3755338911604     
                     0   6.12877502515413        33.3428980981338     
                     0   6.14105013157620        31.3443266929265     
                     0   6.14471686660991        31.3525671015435     
                     0   6.15617584432050        31.1426968440330     
                     0   6.15827778147152        34.3156475521232     
                     0   6.16956032710504        12.6857322255053     
                     0   6.18236660966969        33.3534180204320     
                     0   6.18600094225033        32.3037469133979     
                     0   6.18883662284578        33.4170111844829     
                     0   6.19083252105718        12.3540333082510     
                     0   6.19471480802035        34.1371984036363     
                     0   6.19877270973531        32.8132682112631     
                     0   6.23263507123641        12.4936211972666     
                     0   6.23910230295138        33.2213588639266     
                     0   6.23984416681598        31.4882127391011     
                     0   6.24104460729019        12.3726485885327     
                     0   6.24406110185053        32.1118924512247     
                     0   6.24799175122974        32.1636907892595     
                     0   6.24932670666479        36.4351841672132     
                     0   6.25541231853600        33.1216813598730     
                     0   6.26732352738646        31.5351039601808     
                     0   6.27394793578133        33.6503897342239     
                     0   6.27538904073539        12.0979436234543     
                     0   6.27814852356949        31.9171139380554     
                     0   6.28033827220404        31.7711641691438     
                     0   6.28549129477838        33.9381601700269     
                     0   6.28603488244017        32.4101976768039     
                     0   6.29463253907361        33.7734724022504     
                     0   6.30014234334079        13.7743947385577     
                     0   6.31066144782754        12.8501451603893     
                     0   6.32823106997963        33.5539595359712     
                     0   6.33077283250400        32.3550516331585     
                     0   6.34157222072496        32.2324794596303     
                     0   6.34709610265313        33.5785747847467     
                     0   6.34998810416081        12.5658231899293     
                     0   6.36169538219037        32.9961687462622     
                     0   6.37210587353989        34.2800108680730     
                     0   6.37315545544645        34.6489096863670     
                     0   6.37500315945464        11.2947256925208     
                     0   6.38506328815705        12.1145242266390     
                     0   6.39155627260808        31.7877266697543     
                     0   6.39730598030141        33.7357280401844     
                     0   6.40040899081554        12.5097880343064     
                     0   6.40112007376141        31.4101575908703     
                     0   6.41202112875723        32.3283056249705     
                     0   6.41474962498587        32.6658478347421     
                     0   6.43096975465891        31.2648311211299     
                     0   6.43411755378268        33.4353590749289     
                     0   6.43924964038662        34.2940123243205     
                     0   6.44623736728109        33.6949020418652     
                     0   6.45202326858529        12.7736294914556     
                     0   6.46764390038692        33.9458806606712     
                     0   6.46771916046979        14.1961070527032     
                     0   6.47609485257205        30.9285240128222     
                     0   6.49871094876735        31.2260052114245     
                     0   6.50042252499273        34.4488793392659     
                     0   6.51268686920358        34.1270539549219     
                     0   6.51639698109509        11.7214137728400     
                     0   6.52080720304493        31.5328957738309     
                     0   6.52158541144736        33.4394818589654     
                     0   6.52616934395875        33.8169202751399     
                     0   6.54917895953820        33.5042302098425     
                     0   6.56555716953802        33.4361410786538     
                     0   6.57054021809154        12.0536695473912     
                     0   6.57375836804258        32.9639578149743     
                     0   6.57446620103452        31.5792685242593     
                     0   6.57604954293592        33.5421438668755     
                     0   6.59444289302171        12.3490536089738     
                     0   6.61567308877002        12.9924666595501     
                     0   6.62277473963268        32.8771226284406     
                     0   6.63533546877570        31.8245590764424     
                     0   6.64924012786815        31.8969223459190     
                     0   6.65869125881153        32.8246757885924     
                     0   6.66893028664148        18.5312147091905     
                     0   6.66910520522535        32.3591359659056     
                     0   6.66916491787954        31.7190244319727     
                     0   6.67088655137988        33.9220469304630     
                     0   6.67813317037728        34.0960991748859     
                     0   6.69587778164363        33.1537208304714     
                     0   6.70761244835713        33.4938914681100     
                     0   6.73627770659131        13.0250773181745     
                     0   6.75152050269455        32.9701302561001     
                     0   6.75554457690247        33.4427564645973     
                     0   6.76127087501040        31.8040892590111     
                     0   6.77256261865447        32.9852847403126     
                     0   6.77262860034014        11.5385393571950     
                     0   6.78474208676749        34.8283204409564     
                     0   6.78575638852372        12.4751863971978     
                     0   6.78811881993589        31.9513836190736     
                     0   6.79607258056827        11.1049657749463     
                     0   6.79742209938901        31.9066078562340     
                     0   6.80781316024523        31.9134380951411     
                     0   6.81727323761272        32.1795869617643     
                     0   6.81993243608025        33.1299685257263     
                     0   6.82049490813769        11.9281892556844     
                     0   6.82748746960578        32.5798544920659     
                     0   6.84833491942436        33.9528080863420     
                     0   6.85458494531811        12.6695326572777     
                     0   6.86381002199411        32.3160779819433     
                     0   6.88150733367163        33.8559709771154     
                     0   6.89057063601149        32.8632574016788     
                     0   6.90004784730050        33.1701354566676     
                     0   6.90152012066441        33.1925362476241     
                     0   6.90585700498623        31.4350708997451     
                     0   6.92494539517917        12.6656491722117     
                     0   6.93012535826042        32.0018642545030     
                     0   6.94338728972816        31.3287299724348     
                     0   6.94346158494222        11.4847969651506     
                     0   6.94667367591758        33.4320330432531     
                     0   6.95291262303542        32.5383849201128     
                     0   6.95809260478202        32.7739226629870     
                     0   6.97088588593303        11.4641349349002     
                     0   6.99934372395852        32.1166823314929     
                     0   6.99986098825361        31.7058428010752     
                     0   7.00648707689485        31.5626653853765     
                     0   7.00698849967366        30.9419045470481     
                     0   7.01783060312377        11.4606859361193     
                     0   7.02038361536650        32.5860442618334     
                     0   7.02181880923038        34.8779501064717     
                     0   7.03596203552701        32.8964233130547     
                     0   7.04873872101664        12.6875802568306     
                     0   7.05058927840116        32.3624871416527     
                     0   7.05272239275750        34.4977386920934     
                     0   7.06013047789911        32.8729570202605     
                     0   7.07583118408773        33.2239177760237     
                     0   7.07812249422950        32.2859254515756     
                     0   7.07904130673920        13.9023740560100     
                     0   7.08639039600702        33.4179170075899     
                     0   7.10762461305247        32.3610942395860     
                     0   7.11215517082195        33.1745562539417     
                     0   7.11727441837364        33.5832341421512     
                     0   7.12117254548948        11.6100306207338     
                     0   7.13462644041194        32.0289509501425     
                     0   7.15573468913122        30.6936477938924     
                     0   7.15937601984377        34.7467845770694     
                     0   7.16339304653009        10.6362645216998     
                     0   7.16916075385073        33.0061505234834     
                     0   7.18749889085293        33.6529185878594     
                     0   7.19031696405800        10.7775667886377     
                     0   7.20182571006528        32.2711171186901     
                     0   7.20346576976354        33.8757123935605     
                     0   7.20459386043607        34.2269299688820     
                     0   7.22058241225020        32.6438963801605     
                     0   7.23125958654414        31.9652548941089     
                     0   7.23670120393617        12.2119967229992     
                     0   7.26505055240031        33.6348526529327     
                     0   7.28940784868811        10.9708290818677     
                     0   7.30943182861941        33.6915665732718     
                     0   7.31248577599098        32.4327509921265     
                     0   7.31932399382452        33.4271726619680     
                     0   7.33667432425615        11.2101203528469     
                     0   7.35847219177905        33.4818840589486     
                     0   7.35945334526839        32.1252216529761     
                     0   7.36166057987939        32.7952165359661     
                     0   7.37125646202005        11.6110524162664     
                     0   7.39048294988426        31.5945904385316     
                     0   7.39127073419695        34.2356485841545     
                     0   7.41015895748008        34.9434473798013     
                     0   7.41099932231997        11.6582381221094     
                     0   7.41273138632945        32.2522321639140     
                     0   7.41969959119958        33.4613593851125     
                     0   7.42035072060890        33.0104565649287     
                     0   7.43320911991928        35.6017215027938     
                     0   7.45078755074711        33.3175709980985     
                     0   7.45155718239165        31.8735450953459     
                     0   7.45341075792347        12.4154017581606     
                     0   7.45700560694445        32.3932471757772     
                     0   7.48642802828787        34.5563539182451     
                     0   7.50894906167065        31.9817752641063     
                     0   7.52007508694023        32.2238434369078     
                     0   7.54300093103254        15.4697473445078     
                     0   7.56531265863316        34.8403115026780     
                     0   7.56924488582298        32.1734357692128     
                     0   7.57377496048816        32.9296437841575     
                     0   7.57925195042085        34.2221901113047     
                     0   7.58175641204597        14.1096296333090     
                     0   7.59155349275369        31.0551588096169     
                     0   7.60875121485196        31.2484820682939     
                     0   7.60878833255864        14.3259243965656     
                     0   7.61055583180046        32.9201497838541     
                     0   7.61323813667012        33.2184460998278     
                     0   7.63823415085409        34.7619624666027     
                     0   7.64686681499707        33.1318781171539     
                     0   7.65002628817987        33.0999015823929     
                     0   7.67022927180805        12.4807481631549     
                     0   7.67782169399446        34.1600972291777     
                     0   7.68097174375954        12.2052876219452     
                     0   7.68348336777517        30.9786388072655     
                     0   7.69521732045950        33.4663146122011     
                     0   7.71125922101950        12.7452139352007     
                     0   7.71768072198582        32.2817223399464     
                     0   7.73553403629462        32.2051893991934     
                     0   7.73726350205493        14.0445110613331     
                     0   7.73931401635653        33.8951245309121     
                     0   7.76598482421492        34.4646732469340     
                     0   7.76783046907629        32.4134432652094     
                     0   7.77216500258046        31.1554770776431     
                     0   7.78366949455092        13.0635732546109     
                     0   7.79046908745228        34.3324054690180     
                     0   7.81619356887385        33.9349395128220     
                     0   7.82563206038358        31.0999512013179     
                     0   7.84023580449313        33.0172552934993     
                     0   7.84931962583398        32.6860518859022     
                     0   7.85485809191832        33.0516343151190     
                     0   7.88027920301085        36.2803665432083     
                     0   7.88486143699838        12.7865382649958     
                     0   7.90127794597127        37.6085399354560     
                     0   7.91118810783607        13.5911599981088     
                     0   7.92149233958890        31.7550137282043     
                     0   7.93176787491365        32.4177809826437     
                     0   7.93426343965279        33.6309818453524     
                     0   7.94640695332335        14.4035698296656     
                     0   7.95482928482926        33.2596043775370     
                     0   7.96450759702164        32.4424038453648     
                     0   7.97730136121383        33.8033202305241     
                     0   8.00045608096191        31.1533898360352     
                     0   8.00294709208781        33.7763724554821     
                     0   8.01795960231573        15.3606763481502     
                     0   8.04140821470504        34.1692495894346     
                     0   8.04163304455058        32.3514049014604     
                     0   8.05666999522522        31.2686506640269     
                     0   8.08539004683229        32.9373121343141     
                     0   8.09098092344913        12.9404707634473     
                     0   8.11209349280333        31.0893355793199     
                     0   8.11934773017059        33.0721811688769     
                     0   8.13737022150083        33.7383883287589     
                     0   8.15686171709195        13.1899215780015     
                     0   8.17049564233037        33.9701418178437     
                     0   8.18954069675330        14.0880835774688     
                     0   8.19015713197519        32.3123677913051     
                     0   8.19485562887183        33.4756130174668     
                     0   8.20460399280197        34.5244906756784     
                     0   8.22412932566059        30.8291273971320     
                     0   8.23239932027669        33.8033419484649     
                     0   8.23285227722697        13.9247682893967     
                     0   8.24686839700963        32.1846151243765     
                     0   8.26277910844701        34.6616151185574     
                     0   8.26646451410526        31.1453945455387     
                     0   8.27475771609620        13.4901089279993     
                     0   8.31014422408696        35.5089278303189     
                     0   8.33128904100403        32.7420829323517     
                     0   8.35017587834296        31.4337291430321     
                     0   8.36398546471780        31.6476988449791     
                     0   8.36784782684722        32.4444712104445     
                     0   8.39248895974758        31.6012294025348     
                     0   8.40708380034815        34.7723701706549     
                     0   8.41447423460286        33.6438894200059     
                     0   8.41574102115424        16.0398205008157     
                     0   8.41783982497385        31.0081775529389     
                     0   8.44016993171457        33.1503317372569     
                     0   8.44332429119422        18.3192379788973     
                     0   8.46139757854657        30.7068106663089     
                     0   8.47274937934630        34.4600156126279     
                     0   8.51320144682543        32.9261194184801     
                     0   8.53157026597588        33.1812844717401     
                     0   8.53970631718285        32.4137378817692     
                     0   8.53996479292513        13.3628793669669     
                     0   8.57376439162898        31.8032752290583     
                     0   8.58115669535593        34.2006037503699     
                     0   8.58529140714036        36.4718414154292     
                     0   8.58636417848089        12.6032694414021     
                     0   8.58984362498854        32.3953496443719     
                     0   8.61032981277547        33.1323800210456     
                     0   8.63519549886218        33.3017855371783     
                     0   8.65722255877928        12.2460724605710     
                     0   8.66093785548398        34.5495101613440     
                     0   8.67301195398104        34.6125629135057     
                     0   8.67952967806303        14.2810517243444     
                     0   8.73041595808516        30.9269952765301     
                     0   8.74594293654691        34.6107681545195     
                     0   8.75397472161624        17.9095485676591     
                     0   8.76925381103814        32.9650467403633     
                     0   8.78039727394328        32.8153604864543     
                     0   8.78932336170498        32.9167201407821     
                     0   8.84430725979697        11.5751297516258     
                     0   8.84806688838451        33.4829037029075     
                     0   8.85371336840174        31.1977362059451     
                     0   8.86543331377904        31.4346985108394     
                     0   8.87151415190785        12.5747306769282     
                     0   8.87245263929020        33.4578391745468     
                     0   8.88888609315235        30.0588153056639     
                     0   8.89244126596646        33.1346436997828     
                     0   8.94207521226327        33.2993337303005     
                     0   8.95841304439230        32.9687957020433     
                     0   8.96607947589579        30.8687713725712     
                     0   8.99094720266305        13.6721769561798     
                     0   9.00164347006200        33.2811065208320     
                     0   9.03384374496963        33.4807457425894     
                     0   9.06164598977484        14.0709684596597     
                     0   9.07286387857991        36.1816383902034     
                     0   9.13067896496179        33.1506708551845     
                     0   9.13164274893707        31.6942216392663     
                     0   9.14212755345908        12.8237001685019     
                     0   9.14651977188650        33.4527784492432     
                     0   9.16555418888308        30.9453227530975     
                     0   9.17297210460586        33.1969415935617     
                     0   9.17533025801683        12.8263149503599     
                     0   9.25680571071869        32.9033477843115     
                     0   9.25855519032253        13.8567447717984     
                     0   9.27221309826579        34.3247664864887     
                     0   9.30758997376222        32.0809021357414     
                     0   9.32062978786293        32.8833756017193     
                     0   9.32196464141628        34.0488053355601     
                     0   9.32654872178660        34.8990046035918     
                     0   9.37509377461663        31.1279665031930     
                     0   9.40678359292526        33.4932651637400     
                     0   9.43322442336277        31.3143572323781     
                     0   9.43378440740579        13.6844669945754     
                     0   9.47243723736971        32.7775824966275     
                     0   9.48491230186765        33.1359080661852     
                     0   9.51658783887395        32.8311053267345     
                     0   9.53476926546038        34.8489819975168     
                     0   9.56542652618869        17.5261106274751     
                     0   9.57240256685155        33.1775497186673     
                     0   9.60456848502390        33.6637663665774     
                     0   9.62376452225105        35.9851654761375     
                     0   9.63690994205174        34.6080288033542     
                     0   9.63907634670507        30.8091630855786     
                     0   9.64719638519890        15.9551740357713     
                     0   9.67301796696566        34.0267970252674     
                     0   9.68817710638072        33.0066411419338     
                     0   9.69721925994878        14.5389213037729     
                     0   9.73595184720927        14.1107314425566     
                     0   9.74640169424068        34.8052815478654     
                     0   9.76526334923030        32.0187265259052     
                     0   9.77821184769791        33.8545121683170     
                     0   9.80055339191332        31.9258383610414     
                     0   9.80969302055843        13.5380058773538     
                     0   9.88025892614295        30.1022957562204     
                     0   9.92765144696620        33.5705420456552     
                     0   9.93539148916286        33.0099504751754     
                     0   9.93817868649237        31.0591070664245     
                     0   9.94278855073301        32.8088103407820     
                     0   10.0310395365989        17.0066242347198     
                     0   10.0666354154756        30.7472441858014     
                     0   10.0834155508102        32.9559630862838     
                     0   10.0943843825600        33.2019730776140     
                     0   10.1444974682332        33.2738959396921     
                     0   10.1874593077199        14.2550209782288     
                     0   10.2385120555684        31.3936265555905     
                     0   10.2783804408020        33.2608719569961     
                     0   10.3702001122138        29.5729800114585     
                     0   10.3822733649565        32.9430420561884     
                     0   10.3999165557725        33.3993346874371     
                     0   10.4414352384816        31.4985786022952     
                     0   10.4570209242769        32.7387675328744     
                     0   10.4818585053251        32.1694680083210     
                     0   10.5089874473382        33.6269421099374     
                     0   10.5381787970530        29.6980669238572     
                     0   10.5399375996270        34.2509575432506     
                     0   10.5433417857178        14.9822286211364     
                     0   10.5970274154236        30.4355305284605     
                     0   10.6352241294768        33.3957203127772     
                     0   10.6534779761451        32.9791930525321     
                     0   10.6568955651984        15.9014773388957     
                     0   10.7503121526466        35.1680766387943     
                     0   10.7829789623165        34.6954813369924     
                     0   10.8004532331011        15.5155693764394     
                     0   10.8877847993216        40.2215761788573     
                     0   10.9179514466288        39.0281897182858     
                     0   10.9758976953457        14.5651388356334     
                     0   11.0223806761033        30.3747308878287     
                     0   11.0352036811723        41.8238223009778     
                     0   11.1629297319675        13.5089116653738     
                     0   11.1943495435179        31.1876833156770     
                     0   11.3152812804281        38.5382179166446     
                     0   11.3730573708158        41.9965975037559     
                     0   11.4064795873882        43.3338393691845     
                     0   11.4597900358155        13.5412483949571     
                     0   11.5100514752754        42.1856224048836     
                     0   11.5149041611088        44.5265827880421     
                     0   11.5951361624698        30.3895593798202     
                     0   11.6515452450317        42.1248979198774     
                     0   11.9066421206705        15.1097911793489     
                     0   11.9369305979263        42.0270533763181     
                     0   11.9706415447837        44.2758339614156     
                     0   12.0229081088514        30.6670153286584     
                     0   12.1188645690438        15.8677983756337     
                     0   12.1430155730559        43.7374191450266     
                     0   12.1745505423745        41.3644927863005     
                     0   12.3120870495897        29.6040905050127     
                     0   12.4073136940613        14.9815821865222     
                     0   12.4097634704446        30.4703934057664     
                     0   12.4708301320391        45.0193524442875     
                     0   12.5909672617376        44.0946204177647     
                     0   12.7102608124284        35.2151556141486     
                     0   12.8274213805802        15.6374475686074     
                     0   12.9427359748246        59.6688857604819     
                     0   13.0763053912892        46.6890231655043     
                     0   13.1425418195445        82.1420326894135     
                     0   13.3138473302539        42.7567985843061     
                     0   13.3573115087317        63.9197494177394     
                     0   13.4291891166072        17.0740460245101     
                     0   13.4964769897657        66.2575355955750     
                     0   13.4976891479211        93.7090734624146     
                     0   13.8026289332612        76.2261605900960     
                     0   13.9203588909624        107.248926992054     
                     0   14.4107530087713        90.2327507789390     
                     0   14.5172635430555        121.044142500895     
