  -10.000000000000000       -3.4177282741274968E-005
  -9.9799999999999933       -4.3216001218311707E-005
  -9.9599999999999866       -5.2101490666273530E-005
  -9.9399999999999800       -6.0785673617932371E-005
  -9.9199999999999733       -6.9222540787702944E-005
  -9.8999999999999666       -7.7368508491473857E-005
  -9.8799999999999599       -8.5182686324498778E-005
  -9.8599999999999532       -9.2627051455689298E-005
  -9.8399999999999466       -9.9666529606633075E-005
  -9.8199999999999399       -1.0626898650078296E-004
  -9.7999999999999332       -1.1240513714876957E-004
  -9.7799999999999265       -1.1804838364007104E-004
  -9.7599999999999199       -1.2317459500647360E-004
  -9.7399999999999132       -1.2776184509169489E-004
  -9.7199999999999065       -1.3179012610346706E-004
  -9.6999999999998998       -1.3524105656431156E-004
  -9.6799999999998931       -1.3809760266185394E-004
  -9.6599999999998865       -1.4034383150869281E-004
  -9.6399999999998798       -1.4196471356147489E-004
  -9.6199999999998731       -1.4294598945636673E-004
  -9.5999999999998664       -1.4327411386053822E-004
  -9.5799999999998597       -1.4293628570922993E-004
  -9.5599999999998531       -1.4192057051265423E-004
  -9.5399999999998464       -1.4021611641364928E-004
  -9.5199999999998397       -1.3781346150658203E-004
  -9.4999999999998330       -1.3470492575133987E-004
  -9.4799999999998263       -1.3088507679705379E-004
  -9.4599999999998197       -1.2635125532863131E-004
  -9.4399999999998130       -1.2110414231590793E-004
  -9.4199999999998063       -1.1514834791532683E-004
  -9.3999999999997996       -1.0849299986196653E-004
  -9.3799999999997929       -1.0115230808261904E-004
  -9.3599999999997863       -9.3146082017879636E-005
  -9.3399999999997796       -8.4500177787697386E-005
  -9.3199999999997729       -7.5246853862486146E-005
  -9.2999999999997662       -6.5425016269185886E-005
  -9.2799999999997596       -5.5080337490433062E-005
  -9.2599999999997529       -4.4265237002343149E-005
  -9.2399999999997462       -3.3038715704825785E-005
  -9.2199999999997395       -2.1466041176007930E-005
  -9.1999999999997328       -9.6182855541132684E-006
  -9.1799999999997262        2.4282772644302116E-006
  -9.1599999999997195        1.4592903707746530E-005
  -9.1399999999997128        2.6791226128688377E-005
  -9.1199999999997061        3.8936192318919431E-005
  -9.0999999999996994        5.0939076166569384E-005
  -9.0799999999996928        6.2710534319577367E-005
  -9.0599999999996861        7.4161682243743850E-005
  -9.0399999999996794        8.5205162550721874E-005
  -9.0199999999996727        9.5756178939610019E-005
  -8.9999999999996660        1.0573347053519952E-004
  -8.9799999999996594        1.1506020376383373E-004
  -8.9599999999996527        1.2366476209550576E-004
  -8.9399999999996460        1.3148141787724612E-004
  -8.9199999999996393        1.3845087493416557E-004
  -8.8999999999996326        1.4452067544733023E-004
  -8.8799999999996260        1.4964546963879927E-004
  -8.8599999999996193        1.5378715180168720E-004
  -8.8399999999996126        1.5691487100547973E-004
  -8.8199999999996059        1.5900492918649118E-004
  -8.7999999999995993        1.6004058312120867E-004
  -8.7799999999995926        1.6001176981636999E-004
  -8.7599999999995859        1.5891477700626978E-004
  -8.7399999999995792        1.5675188163039570E-004
  -8.7199999999995725        1.5353097931866379E-004
  -8.6999999999995659        1.4926522702467978E-004
  -8.6799999999995592        1.4397271905069981E-004
  -8.6599999999995525        1.3767621387400297E-004
  -8.6399999999995458        1.3040292552774280E-004
  -8.6199999999995391        1.2218438895776154E-004
  -8.5999999999995325        1.1305640395342270E-004
  -8.5799999999995258        1.0305905713438775E-004
  -8.5599999999995191        9.2236816289948127E-005
  -8.5399999999995124        8.0638686333562489E-005
  -8.5199999999995057        6.8318411480127117E-005
  -8.4999999999994991        5.5334704182883888E-005
  -8.4799999999994924        4.1751478074697276E-005
  -8.4599999999994857        2.7638059802503195E-005
  -8.4399999999994790        1.3069353349817799E-005
  -8.4199999999994724       -1.8740697088475937E-006
  -8.3999999999994657       -1.7105979547298031E-005
  -8.3799999999994590       -3.2534620350354152E-005
  -8.3599999999994523       -4.8062985525156805E-005
  -8.3399999999994456       -6.3589251583902546E-005
  -8.3199999999994390       -7.9007381271462072E-005
  -8.2999999999994323       -9.4207900702268819E-005
  -8.2799999999994256       -1.0907884902446418E-004
  -8.2599999999994189       -1.2350689268424375E-004
  -8.2399999999994122       -1.3737858997606091E-004
  -8.2199999999994056       -1.5058178548892057E-004
  -8.1999999999993989       -1.6300710854457394E-004
  -8.1799999999993922       -1.7454954499762751E-004
  -8.1599999999993855       -1.8511004803235261E-004
  -8.1399999999993788       -1.9459715100760832E-004
  -8.1199999999993722       -2.0292854409104951E-004
  -8.0999999999993655       -2.1003257645405913E-004
  -8.0799999999993588       -2.1584964718671047E-004
  -8.0599999999993521       -2.2033345079850664E-004
  -8.0399999999993454       -2.2345204710207678E-004
  -8.0199999999993388       -2.2518873029365609E-004
  -7.9999999999993321       -2.2554267795408918E-004
  -7.9799999999993254       -2.2452936727555904E-004
  -7.9599999999993187       -2.2218075281499799E-004
  -7.9399999999993121       -2.1854520721401822E-004
  -7.9199999999993054       -2.1368723332733703E-004
  -7.8999999999992987       -2.0768696278993488E-004
  -7.8799999999992920       -2.0063946197089867E-004
  -7.8599999999992853       -1.9265387127504114E-004
  -7.8399999999992787       -1.8385240766709759E-004
  -7.8199999999992720       -1.7436926296011225E-004
  -7.7999999999992653       -1.6434943173188307E-004
  -7.7799999999992586       -1.5394750267009487E-004
  -7.7599999999992519       -1.4332644572295585E-004
  -7.7399999999992453       -1.3265642471981941E-004
  -7.7199999999992386       -1.2211366126511507E-004
  -7.6999999999992319       -1.1187937088353535E-004
  -7.6799999999992252       -1.0213878683018216E-004
  -7.6599999999992185       -9.3080280943406529E-005
  -7.6399999999992119       -8.4894584689513688E-005
  -7.6199999999992052       -7.7774107425098010E-005
  -7.5999999999991985       -7.1912343175387750E-005
  -7.5799999999991918       -6.7503352170363069E-005
  -7.5599999999991851       -6.4741299244920519E-005
  -7.5399999999991785       -6.3820028199721023E-005
  -7.5199999999991718       -6.4932649500838943E-005
  -7.4999999999991651       -6.8271118364766228E-005
  -7.4799999999991584       -7.4025781375838094E-005
  -7.4599999999991518       -8.2384872289195711E-005
  -7.4399999999991451       -9.3533941493855006E-005
  -7.4199999999991384       -1.0765520859615410E-004
  -7.3999999999991317       -1.2492683352504497E-004
  -7.3799999999991250       -1.4552210820297268E-004
  -7.3599999999991184       -1.6960857787208771E-004
  -7.3399999999991117       -1.9734710830016675E-004
  -7.3199999999991050       -2.2889092198024441E-004
  -7.2999999999990983       -2.6438463275531147E-004
  -7.2799999999990916       -3.0396331373333779E-004
  -7.2599999999990850       -3.4775163762893136E-004
  -7.2399999999990783       -3.9586313153698398E-004
  -7.2199999999990716       -4.4839958943425291E-004
  -7.1999999999990649       -5.0545068529352772E-004
  -7.1799999999990582       -5.6709382753848594E-004
  -7.1599999999990516       -6.3339429169013051E-004
  -7.1399999999990449       -7.0440566255327989E-004
  -7.1199999999990382       -7.8017061034181393E-004
  -7.0999999999990315       -8.6072201696548117E-004
  -7.0799999999990249       -9.4608445960216354E-004
  -7.0599999999990182       -1.0362760489759147E-003
  -7.0399999999990115       -1.1313106098272845E-003
  -7.0199999999990048       -1.2312001812673340E-003
  -6.9999999999989981       -1.3359578054322296E-003
  -6.9799999999989915       -1.4456005644573116E-003
  -6.9599999999989848       -1.5601528185974034E-003
  -6.9399999999989781       -1.6796495926129939E-003
  -6.9199999999989714       -1.8041400535407253E-003
  -6.8999999999989647       -1.9336910208229265E-003
  -6.8799999999989581       -2.0683904495615089E-003
  -6.8599999999989514       -2.2083508293811349E-003
  -6.8399999999989447       -2.3537124449508496E-003
  -6.8199999999989380       -2.5046464494621881E-003
  -6.7999999999989313       -2.6613577090628575E-003
  -6.7799999999989247       -2.8240873841065741E-003
  -6.7599999999989180       -2.9931152217625807E-003
  -6.7399999999989113       -3.1687615436607349E-003
  -6.7199999999989046       -3.3513889214389545E-003
  -6.6999999999988979       -3.5414035419233476E-003
  -6.6799999999988913       -3.7392562718360596E-003
  -6.6599999999988846       -3.9454434390560249E-003
  -6.6399999999988779       -4.1605073532694900E-003
  -6.6199999999988712       -4.3850365931178293E-003
  -6.5999999999988646       -4.6196660895289950E-003
  -6.5799999999988579       -4.8650770357429526E-003
  -6.5599999999988512       -5.1219966536212944E-003
  -6.5399999999988445       -5.3911978432696689E-003
  -6.5199999999988378       -5.6734987389795606E-003
  -6.4999999999988312       -5.9697621892592810E-003
  -6.4799999999988245       -6.2808951725899067E-003
  -6.4599999999988178       -6.6078481538638474E-003
  -6.4399999999988111       -6.9516143796289264E-003
  -6.4199999999988044       -7.3132291036715150E-003
  -6.3999999999987978       -7.6937687285109305E-003
  -6.3799999999987911       -8.0943498434215000E-003
  -6.3599999999987844       -8.5161281359534807E-003
  -6.3399999999987777       -8.9602971518649710E-003
  -6.3199999999987710       -9.4280868780791411E-003
  -6.2999999999987644       -9.9207621248558805E-003
  -6.2799999999987577       -1.0439620686820797E-002
  -6.2599999999987510       -1.0985991267752312E-002
  -6.2399999999987443       -1.1561231160912533E-002
  -6.2199999999987376       -1.2166723684967070E-002
  -6.1999999999987310       -1.2803875384840048E-002
  -6.1799999999987243       -1.3474113016796742E-002
  -6.1599999999987176       -1.4178880347204256E-002
  -6.1399999999987109       -1.4919634804324860E-002
  -6.1199999999987043       -1.5697844031673697E-002
  -6.0999999999986976       -1.6514982399480547E-002
  -6.0799999999986909       -1.7372527537204824E-002
  -6.0599999999986842       -1.8271956954518182E-002
  -6.0399999999986775       -1.9214744820393065E-002
  -6.0199999999986709       -2.0202358969729956E-002
  -5.9999999999986642       -2.1236258204213161E-002
  -5.9799999999986575       -2.2317889948819575E-002
  -5.9599999999986508       -2.3448688317718534E-002
  -5.9399999999986441       -2.4630072633417138E-002
  -5.9199999999986375       -2.5863446431227195E-002
  -5.8999999999986308       -2.7150196967859547E-002
  -5.8799999999986241       -2.8491695238632209E-002
  -5.8599999999986174       -2.9889296492946044E-002
  -5.8399999999986107       -3.1344341222837170E-002
  -5.8199999999986041       -3.2858156585127460E-002
  -5.7999999999985974       -3.4432058204460513E-002
  -5.7799999999985907       -3.6067352292819731E-002
  -5.7599999999985840       -3.7765338011378435E-002
  -5.7399999999985774       -3.9527309993077381E-002
  -5.7199999999985707       -4.1354560939379247E-002
  -5.6999999999985640       -4.3248384202362052E-002
  -5.6799999999985573       -4.5210076263684305E-002
  -5.6599999999985506       -4.7240939024906593E-002
  -5.6399999999985440       -4.9342281828976403E-002
  -5.6199999999985373       -5.1515423140079585E-002
  -5.5999999999985306       -5.3761691818156439E-002
  -5.5799999999985239       -5.6082427934715261E-002
  -5.5599999999985172       -5.8478983087677551E-002
  -5.5399999999985106       -6.0952720184324738E-002
  -5.5199999999985039       -6.3505012672499792E-002
  -5.4999999999984972       -6.6137243210550173E-002
  -5.4799999999984905       -6.8850801775665840E-002
  -5.4599999999984838       -7.1647083217904500E-002
  -5.4399999999984772       -7.4527484273035918E-002
  -5.4199999999984705       -7.7493400051217229E-002
  -5.3999999999984638       -8.0546220020367834E-002
  -5.3799999999984571       -8.3687323503016456E-002
  -5.3599999999984504       -8.6918074703491929E-002
  -5.3399999999984438       -9.0239817278905135E-002
  -5.3199999999984371       -9.3653868462799106E-002
  -5.2999999999984304       -9.7161512745000997E-002
  -5.2799999999984237      -0.10076399510565419     
  -5.2599999999984171      -0.10446251379607388     
  -5.2399999999984104      -0.10825821265450804     
  -5.2199999999984037      -0.11215217294155236     
  -5.1999999999983970      -0.11614540467830696     
  -5.1799999999983903      -0.12023883747070913     
  -5.1599999999983837      -0.12443331080609794     
  -5.1399999999983770      -0.12872956381311243     
  -5.1199999999983703      -0.13312822448349654     
  -5.0999999999983636      -0.13762979836421130     
  -5.0799999999983569      -0.14223465674017477     
  -5.0599999999983503      -0.14694302434163409     
  -5.0399999999983436      -0.15175496662516752     
  -5.0199999999983369      -0.15667037669306147     
  -4.9999999999983302      -0.16168896193172197     
  -4.9799999999983235      -0.16681023046519339     
  -4.9599999999983169      -0.17203347753414122     
  -4.9399999999983102      -0.17735777192314964     
  -4.9199999999983035      -0.18278194256932701     
  -4.8999999999982968      -0.18830456549248398     
  -4.8799999999982901      -0.19392395119113301     
  -4.8599999999982835      -0.19963813264901578     
  -4.8399999999982768      -0.20544485409357491     
  -4.8199999999982701      -0.21134156064084847     
  -4.7999999999982634      -0.21732538895072007     
  -4.7799999999982568      -0.22339315900269510     
  -4.7599999999982501      -0.22954136708577022     
  -4.7399999999982434      -0.23576618007704758     
  -4.7199999999982367      -0.24206343106322945     
  -4.6999999999982300      -0.24842861633762736     
  -4.6799999999982234      -0.25485689378363729     
  -4.6599999999982167      -0.26134308263448286     
  -4.6399999999982100      -0.26788166457917345     
  -4.6199999999982033      -0.27446678616662284     
  -4.5999999999981966      -0.28109226244444135     
  -4.5799999999981900      -0.28775158175637888     
  -4.5599999999981833      -0.29443791161314087     
  -4.5399999999981766      -0.30114410554552673     
  -4.5199999999981699      -0.30786271084650463     
  -4.4999999999981632      -0.31458597710989905     
  -4.4799999999981566      -0.32130586547749490     
  -4.4599999999981499      -0.32801405851319793     
  -4.4399999999981432      -0.33470197063189722     
  -4.4199999999981365      -0.34136075902132856     
  -4.3999999999981299      -0.34798133500679179     
  -4.3799999999981232      -0.35455437582050120     
  -4.3599999999981165      -0.36107033674888250     
  -4.3399999999981098      -0.36751946364175225     
  -4.3199999999981031      -0.37389180577647252     
  -4.2999999999980965      -0.38017722907741258     
  -4.2799999999980898      -0.38636542969614501     
  -4.2599999999980831      -0.39244594796050825     
  -4.2399999999980764      -0.39840818270102257     
  -4.2199999999980697      -0.40424140596125124     
  -4.1999999999980631      -0.40993477809485007     
  -4.1799999999980564      -0.41547736324657913     
  -4.1599999999980497      -0.42085814520802534     
  -4.1399999999980430      -0.42606604363171913     
  -4.1199999999980363      -0.43108993058032857     
  -4.0999999999980297      -0.43591864738138181     
  -4.0799999999980230      -0.44054102175295357     
  -4.0599999999980163      -0.44494588516266403     
  -4.0399999999980096      -0.44912209038145534     
  -4.0199999999980029      -0.45305852919539874     
  -3.9999999999979963      -0.45674415024330262     
  -3.9799999999979896      -0.46016797695526324     
  -3.9599999999979829      -0.46331912557731725     
  -3.9399999999979762      -0.46618682327971106     
  -3.9199999999979696      -0.46876042636059034     
  -3.8999999999979629      -0.47102943857244434     
  -3.8799999999979562      -0.47298352961475021     
  -3.8599999999979495      -0.47461255385212764     
  -3.8399999999979428      -0.47590656933207792     
  -3.8199999999979362      -0.47685585718918139     
  -3.7999999999979295      -0.47745094153264289     
  -3.7799999999979228      -0.47768260992051487     
  -3.7599999999979161      -0.47754193452620752     
  -3.7399999999979094      -0.47702029410043112     
  -3.7199999999979028      -0.47610939682426467     
  -3.6999999999978961      -0.47480130413639404     
  -3.6799999999978894      -0.47308845559985291     
  -3.6599999999978827      -0.47096369485105377     
  -3.6399999999978760      -0.46842029664705326     
  -3.6199999999978694      -0.46545199499646689     
  -3.5999999999978627      -0.46205301232614221     
  -3.5799999999978560      -0.45821808960049742     
  -3.5599999999978493      -0.45394251727446078     
  -3.5399999999978427      -0.44922216692528305     
  -3.5199999999978360      -0.44405352337424314     
  -3.4999999999978293      -0.43843371707752082     
  -3.4799999999978226      -0.43236055653723765     
  -3.4599999999978159      -0.42583256045974133     
  -3.4399999999978093      -0.41884898936933118     
  -3.4199999999978026      -0.41140987637231330     
  -3.3999999999977959      -0.40351605675884078     
  -3.3799999999977892      -0.39516919612857276     
  -3.3599999999977825      -0.38637181673063298     
  -3.3399999999977759      -0.37712732171839641     
  -3.3199999999977692      -0.36744001703478402     
  -3.2999999999977625      -0.35731513066338416     
  -3.2799999999977558      -0.34675882900409216     
  -3.2599999999977491      -0.33577823015826991     
  -3.2399999999977425      -0.32438141393679515     
  -3.2199999999977358      -0.31257742843403918     
  -3.1999999999977291      -0.30037629304087810     
  -3.1799999999977224      -0.28778899779977429     
  -3.1599999999977157      -0.27482749903408099     
  -3.1399999999977091      -0.26150471121165125     
  -3.1199999999977024      -0.24783449502938290     
  -3.0999999999976957      -0.23383164173031942     
  -3.0799999999976890      -0.21951185368853263     
  -3.0599999999976824      -0.20489172131944230     
  -3.0399999999976757      -0.18998869639483226     
  -3.0199999999976690      -0.17482106186309104     
  -2.9999999999976623      -0.15940789829662294     
  -2.9799999999976556      -0.14376904711049249     
  -2.9599999999976490      -0.12792507071965659     
  -2.9399999999976423      -0.11189720982702424     
  -2.9199999999976356       -9.5707338061352010E-002
  -2.8999999999976289       -7.9377914212756487E-002
  -2.8799999999976222       -6.2931932344357247E-002
  -2.8599999999976156       -4.6392870090970838E-002
  -2.8399999999976089       -2.9784635489354595E-002
  -2.8199999999976022       -1.3131512718565995E-002
  -2.7999999999975955        3.5418928374136836E-003
  -2.7799999999975888        2.0210709760608722E-002
  -2.7599999999975822        3.6849855530150008E-002
  -2.7399999999975755        5.3434090715157610E-002
  -2.7199999999975688        6.9938071911603519E-002
  -2.6999999999975621        8.6336402892956368E-002
  -2.6799999999975554       0.10260368344037027     
  -2.6599999999975488       0.11871455532370186     
  -2.6399999999975421       0.13464374492078299     
  -2.6199999999975354       0.15036610198989092     
  -2.5999999999975287       0.16585663414983529     
  -2.5799999999975221       0.18109053667363886     
  -2.5599999999975154       0.19604321726539187     
  -2.5399999999975087       0.21069031556496515     
  -2.5199999999975020       0.22500771721112206     
  -2.4999999999974953       0.23897156238901773     
  -2.4799999999974887       0.25255824889172868     
  -2.4599999999974820       0.26574442983564917     
  -2.4399999999974753       0.27850700628446590     
  -2.4199999999974686       0.29082311515400794     
  -2.3999999999974619       0.30267011288848966     
  -2.3799999999974553       0.31402555551541833     
  -2.3599999999974486       0.32486717579975188     
  -2.3399999999974419       0.33517285832573818     
  -2.3199999999974352       0.34492061343554759     
  -2.2999999999974285       0.35408855104566012     
  -2.2799999999974219       0.36265485544360293     
  -2.2599999999974152       0.37059776223791269     
  -2.2399999999974085       0.37789553869211018     
  -2.2199999999974018       0.38452646871836116     
  -2.1999999999973952       0.39046884383771913     
  -2.1799999999973885       0.39570096143111572     
  -2.1599999999973818       0.40020113160816739     
  -2.1399999999973751       0.40394769400934688     
  -2.1199999999973684       0.40691904583080807     
  -2.0999999999973618       0.40909368232002280     
  -2.0799999999973551       0.41045025093409104     
  -2.0599999999973484       0.41096762028079775     
  -2.0399999999973417       0.41062496487467004     
  -2.0199999999973350       0.40940186663595490     
  -1.9999999999973281       0.40727843393880275     
  -1.9799999999973212       0.40423543887524394     
  -1.9599999999973143       0.40025447324300339     
  -1.9399999999973074       0.39531812358687096     
  -1.9199999999973005       0.38941016542457590     
  -1.8999999999972936       0.38251577656821489     
  -1.8799999999972867       0.37462176921087098     
  -1.8599999999972798       0.36571684018509881     
  -1.8399999999972729       0.35579183851571650     
  -1.8199999999972660       0.34484004908467653     
  -1.7999999999972591       0.33285749090209360     
  -1.7799999999972522       0.31984322813672250     
  -1.7599999999972453       0.30579969170406496     
  -1.7399999999972384       0.29073300884416386     
  -1.7199999999972315       0.27465333774814671     
  -1.6999999999972246       0.25757520391748406     
  -1.6799999999972177       0.23951783456821549     
  -1.6599999999972108       0.22050548703011383     
  -1.6399999999972039       0.20056776674452273     
  -1.6199999999971970       0.17973993014142112     
  -1.5999999999971901       0.15806316738354745     
  -1.5799999999971832       0.13558485971063280     
  -1.5599999999971763       0.11235880590763710     
  -1.5399999999971694        8.8445412264866408E-002
  -1.5199999999971625        6.3911840302291301E-002
  -1.4999999999971556        3.8832106502337684E-002
  -1.4799999999971487        1.3287128341311093E-002
  -1.4599999999971418       -1.2635288964561581E-002
  -1.4399999999971349       -3.8840530371621246E-002
  -1.4199999999971280       -6.5227318652572946E-002
  -1.3999999999971211       -9.1687936451095312E-002
  -1.3799999999971142      -0.11810852693809129     
  -1.3599999999971073      -0.14436947667493066     
  -1.3399999999971004      -0.17034588360652828     
  -1.3199999999970935      -0.19590811232848168     
  -1.2999999999970866      -0.22092243789999350     
  -1.2799999999970797      -0.24525177851148261     
  -1.2599999999970728      -0.26875651626758046     
  -1.2399999999970659      -0.29129540421900174     
  -1.2199999999970590      -0.31272655657853698     
  -1.1999999999970521      -0.33290851779664205     
  -1.1799999999970452      -0.35170140486197315     
  -1.1599999999970383      -0.36896811584466882     
  -1.1399999999970314      -0.38457559632987209     
  -1.1199999999970245      -0.39839615401236295     
  -1.0999999999970176      -0.41030881035853434     
  -1.0799999999970107      -0.42020067690930063     
  -1.0599999999970038      -0.42796834251855814     
  -1.0399999999969969      -0.43351925661986518     
  -1.0199999999969900      -0.43677309251361196     
 -0.99999999999698319      -0.43766307369392793     
 -0.97999999999697640      -0.43613724541536231     
 -0.95999999999696961      -0.43215967306090958     
 -0.93999999999696282      -0.42571154844188952     
 -0.91999999999695603      -0.41679218496267706     
 -0.89999999999694924      -0.40541988264391965     
 -0.87999999999694245      -0.39163264433947909     
 -0.85999999999693566      -0.37548872512475329     
 -0.83999999999692887      -0.35706699779372547     
 -0.81999999999692208      -0.33646711869113327     
 -0.79999999999691529      -0.31380947973157619     
 -0.77999999999690850      -0.28923493442044140     
 -0.75999999999690171      -0.26290428798697363     
 -0.73999999999689492      -0.23499754435542555     
 -0.71999999999688813      -0.20571290559634828     
 -0.69999999999688134      -0.17526552268924570     
 -0.67999999999687455      -0.14388599985481515     
 -0.65999999999686776      -0.11181865833680209     
 -0.63999999999686097       -7.9319569279605914E-002
 -0.61999999999685418       -4.6654369200817773E-002
 -0.59999999999684739       -1.4095875434207768E-002
 -0.57999999999684060        1.8078477250489857E-002
 -0.55999999999683381        4.9589353932170094E-002
 -0.53999999999682702        8.0158362289882115E-002
 -0.51999999999682023       0.10951098913561934     
 -0.49999999999681344       0.13737959614084647     
 -0.47999999999680665       0.16350643768727452     
 -0.45999999999679986       0.18764666177954253     
 -0.43999999999679307       0.20957125351686914     
 -0.41999999999678628       0.22906987978750901     
 -0.39999999999677949       0.24595359366941033     
 -0.37999999999677270       0.26005735752705256     
 -0.35999999999676591       0.27124234500951433     
 -0.33999999999675912       0.27939798408624034     
 -0.31999999999675233       0.28444370589789075     
 -0.29999999999674554       0.28633036752828472     
 -0.27999999999673875       0.28504132078266498     
 -0.25999999999673196       0.28059310363541295     
 -0.23999999999672514       0.27303573612054011     
 -0.21999999999671832       0.26245260800120612     
 -0.19999999999671150       0.24895995147865496     
 -0.17999999999670468       0.23270589838457667     
 -0.15999999999669787       0.21386912763413821     
 -0.13999999999669105       0.19265711508407635     
 -0.11999999999668425       0.16930400422219102     
  -9.9999999996677441E-002  0.14406812219151280     
  -7.9999999996670637E-002  0.11722917140651129     
  -5.9999999996663833E-002   8.9085132336850809E-002
  -3.9999999996657029E-002   5.9948917810581592E-002
  -1.9999999996650222E-002   3.0144823327398221E-002
   3.3565858426065631E-012   4.8212899001544227E-006
   2.0000000003363393E-002  -3.0135250312933397E-002
   4.0000000003370201E-002  -5.9939552454340170E-002
   6.0000000003377005E-002  -8.9076109634584066E-002
   8.0000000003383809E-002 -0.11722062124584835     
  0.10000000000339061      -0.14406016742069472     
  0.12000000000339742      -0.16929675882854997     
  0.14000000000340423      -0.19265068251046286     
  0.16000000000341105      -0.21386359925922130     
  0.18000000000341787      -0.23270135219022453     
  0.20000000000342469      -0.24895645092453256     
  0.22000000000343151      -0.26245020112332201     
  0.24000000000343832      -0.27303445486681666     
  0.26000000000344514      -0.28059296344750367     
  0.28000000000345193      -0.28504232042926758     
  0.30000000000345872      -0.28633248919115678     
  0.32000000000346551      -0.28444691550775453     
  0.34000000000347230      -0.27940223190182334     
  0.36000000000347909      -0.27124756642917358     
  0.38000000000348588      -0.26006347411883679     
  0.40000000000349267      -0.24596051440211028     
  0.42000000000349946      -0.22907750244222766     
  0.44000000000350625      -0.20957946625602392     
  0.46000000000351304      -0.18765534484797231     
  0.48000000000351983      -0.16351546521833854     
  0.50000000000352662      -0.13738883803905755     
  0.52000000000353341      -0.10952031300650669     
  0.54000000000354020       -8.0167635387385805E-002
  0.56000000000354699       -4.9598445093967734E-002
  0.58000000000355378       -1.8087258792231047E-002
  0.60000000000356057        1.4087525893785828E-002
  0.62000000000356736        4.6646567010469341E-002
  0.64000000000357415        7.9312421146598713E-002
  0.66000000000358094       0.11181226086094781     
  0.68000000000358773       0.14388043822556526     
  0.70000000000359452       0.17526086956315251     
  0.72000000000360131       0.20570922016920121     
  0.74000000000360810       0.23499487164022459     
  0.76000000000361490       0.26290265830564730     
  0.78000000000362169       0.28923436311389089     
  0.80000000000362848       0.31380996708930647     
  0.82000000000363527       0.33646865009845617     
  0.84000000000364206       0.35706954409133018     
  0.86000000000364885       0.37549224317240887     
  0.88000000000365564       0.39163707777276935     
  0.90000000000366243       0.40542516281027496     
  0.92000000000366922       0.41679823202060384     
  0.94000000000367601       0.42571827260519873     
  0.96000000000368280       0.43216697596796433     
  0.98000000000368959       0.43614502160192259     
   1.0000000000036964       0.43767121214705290     
   1.0200000000037033       0.43678147828333475     
   1.0400000000037102       0.43352777246492091     
   1.0600000000037171       0.42797687056242251     
   1.0800000000037240       0.42020910028304659     
   1.1000000000037309       0.41031701480764382     
   1.1200000000037378       0.39840402944554448     
   1.1400000000037447       0.38458303828915114     
   1.1600000000037516       0.36897502687748629     
   1.1800000000037585       0.35170769577776334     
   1.2000000000037654       0.33291410879226802     
   1.2200000000037723       0.31273137821907304     
   1.2400000000037792       0.29129939826260748     
   1.2600000000037861       0.26875963632555144     
   1.2800000000037930       0.24525399053700730     
   1.3000000000037999       0.22092372050161346     
   1.3200000000038068       0.19590845690671679     
   1.3400000000038137       0.17034529431458797     
   1.3600000000038206       0.14436797020680914     
   1.3800000000038275       0.11810613214963606     
   1.4000000000038344        9.1684693821805080E-002
   1.4200000000038413        6.5223279597909398E-002
   1.4400000000038482        3.8835756417464527E-002
   1.4600000000038551        1.2629850797092659E-002
   1.4800000000038620       -1.3293151935565926E-002
   1.5000000000038689       -3.8838629790349098E-002
   1.5200000000038758       -6.3918771835324989E-002
   1.5400000000038827       -8.8452656168558685E-002
   1.5600000000038896      -0.11236626321319915     
   1.5800000000038965      -0.13559242970878116     
   1.6000000000039034      -0.15807074898278772     
   1.6200000000039103      -0.17974742321255172     
   1.6400000000039172      -0.20057507343373773     
   1.6600000000039241      -0.22051251302378486     
   1.6800000000039310      -0.23952449029336456     
   1.7000000000039379      -0.25758140566308724     
   1.7200000000039448      -0.27465900869368698     
   1.7400000000039517      -0.29073807998332296     
   1.7600000000039586      -0.30580410265300945     
   1.7800000000039655      -0.31984692781813939     
   1.8000000000039724      -0.33286043809790411     
   1.8200000000039793      -0.34484221285219252     
   1.8400000000039862      -0.35579319846388374     
   1.8600000000039931      -0.36571738660933462     
   1.8800000000040000      -0.37462150308688463     
   1.9000000000040069      -0.38251470940702409     
   1.9200000000040138      -0.38940831899268952     
   1.9400000000040207      -0.39531552949729865     
   1.9600000000040276      -0.40025117242433267     
   1.9800000000040345      -0.40423148092746997     
   2.0000000000040412      -0.40727387638593254     
   2.0200000000040479      -0.40939677408656056     
   2.0400000000040546      -0.41061940810257674     
   2.0600000000040612      -0.41096167523891719     
   2.0800000000040679      -0.41044399771505602     
   2.1000000000040746      -0.40908720407774996     
   2.1200000000040813      -0.40691242767737823     
   2.1400000000040880      -0.40394102190168280     
   2.1600000000040946      -0.40019449123889284     
   2.1800000000041013      -0.39569443713768693     
   2.2000000000041080      -0.39046251754347228     
   2.2200000000041147      -0.38452041891850292     
   2.2400000000041214      -0.37788983949688937     
   2.2600000000041280      -0.37059248248430077     
   2.2800000000041347      -0.36265005788578009     
   2.3000000000041414      -0.35408429163341726     
   2.3200000000041481      -0.34491694068848983     
   2.3400000000041548      -0.33516981280982144     
   2.3600000000041614      -0.32486478971131150     
   2.3800000000041681      -0.31402385237639741     
   2.4000000000041748      -0.30266910735512731     
   2.4200000000041815      -0.29082281293978002     
   2.4400000000041882      -0.27850740419662057     
   2.4600000000041948      -0.26574551592327161     
   2.4800000000042015      -0.25256000270188284     
   2.5000000000042082      -0.23897395532622667     
   2.5200000000042149      -0.22501071299421041     
   2.5400000000042215      -0.21069387077416329     
   2.5600000000042282      -0.19604728197157811     
   2.5800000000042349      -0.18109505514068741     
   2.6000000000042416      -0.16586154560025881     
   2.6200000000042483      -0.15037134142332692     
   2.6400000000042549      -0.13464924397436565     
   2.6600000000042616      -0.11872024316300438     
   2.6800000000042683      -0.10260948766938729     
   2.7000000000042750       -8.6342250471542148E-002
   2.7200000000042817       -6.9943890068848269E-002
   2.7400000000042883       -5.3439807847419619E-002
   2.7600000000042950       -3.6855402072815097E-002
   2.7800000000043017       -2.0216019023143149E-002
   2.8000000000043084       -3.5469017918844416E-003
   2.8200000000043151        1.3126862704596093E-002
   2.8400000000043217        2.9780397983830975E-002
   2.8600000000043284        4.6389092999603289E-002
   2.8800000000043351        6.2928657390490431E-002
   2.9000000000043418        7.9375176500157518E-002
   2.9200000000043485        9.5705165724120037E-002
   2.9400000000043551       0.11189562376968062     
   2.9600000000043618       0.12792408444932488     
   2.9800000000043685       0.14376866666190671     
   3.0000000000043752       0.15940812224955633     
   3.0200000000043818       0.17482188145066541     
   3.0400000000043885       0.18999009570007933     
   3.0600000000043952       0.20489367755644636     
   3.0800000000044019       0.21951433756350461     
   3.1000000000044086       0.23383461787705082     
   3.1200000000044152       0.24783792251270240     
   3.1400000000044219       0.26150854409177832     
   3.1600000000044286       0.27483168698413896     
   3.1800000000044353       0.28779348676819738     
   3.2000000000044420       0.30038102595003469     
   3.2200000000044486       0.31258234590608303     
   3.2400000000044553       0.32438645503756847     
   3.2600000000044620       0.33578333315000763     
   3.2800000000044687       0.34676393209771711     
   3.3000000000044754       0.35732017276131828     
   3.3200000000044820       0.36744493845547832     
   3.3400000000044887       0.37713206489411255     
   3.3600000000044954       0.38637632687049184     
   3.3800000000045021       0.39517342183940479     
   3.4000000000045087       0.40351995061700613     
   3.4200000000045154       0.41141339544035543     
   3.4400000000045221       0.41885209565207998     
   3.4600000000045288       0.42583522129529217     
   3.4800000000045355       0.43236274491908921     
   3.5000000000045421       0.43843541190502394     
   3.5200000000045488       0.44405470962942495     
   3.5400000000045555       0.44922283577501299     
   3.5600000000045622       0.45394266609783263     
   3.5800000000045689       0.45821772194219557     
   3.6000000000045755       0.46205213777743143     
   3.6200000000045822       0.46545062900627282     
   3.6400000000045889       0.46841846026640410     
   3.6600000000045956       0.47096141441488415     
   3.6800000000046023       0.47308576235085387     
   3.7000000000046089       0.47479823379621877     
   3.7200000000046156       0.47610598911791646     
   3.7400000000046223       0.47701659224014309     
   3.7600000000046290       0.47753798466149572     
   3.7800000000046357       0.47767846056137875     
   3.8000000000046423       0.47744664295309408     
   3.8200000000046490       0.47685146081840935     
   3.8400000000046557       0.47590212714056512     
   3.8600000000046624       0.47460811774000577     
   3.8800000000046690       0.47297915080950748     
   3.9000000000046757       0.47102516704290148     
   3.9200000000046824       0.46875631025373604     
   3.9400000000046891       0.46618290838662541     
   3.9600000000046958       0.46331545483396713     
   3.9800000000047024       0.46016458998344500     
   4.0000000000047091       0.45674108293646387     
   4.0200000000047158       0.45305581335345035     
   4.0400000000047225       0.44911975339805948     
   4.0600000000047292       0.44494394976781482     
   4.0800000000047358       0.44053950581296580     
   4.1000000000047425       0.43591756375770818     
   4.1200000000047492       0.43108928704792293     
   4.1400000000047559       0.42606584285694754     
   4.1600000000047626       0.42085838478545479     
   4.1800000000047692       0.41547803579328801     
   4.2000000000047759       0.40993587140027904     
   4.2200000000047826       0.40424290318999001     
   4.2400000000047893       0.39841006264538231     
   4.2600000000047960       0.39244818533919978     
   4.2800000000048026       0.38636799549490997     
   4.3000000000048093       0.38018009092707361     
   4.3200000000048160       0.37389492836348198     
   4.3400000000048227       0.36752280914606156     
   4.3600000000048293       0.36107386530372271     
   4.3800000000048360       0.35455804598850665     
   4.4000000000048427       0.34798510426680901     
   4.4200000000048494       0.34136458426024435     
   4.4400000000048561       0.33470580863583732     
   4.4600000000048627       0.32801786645257641     
   4.4800000000048694       0.32130960138054410     
   4.5000000000048761       0.31458960031954331     
   4.5200000000048828       0.30786618245571751     
   4.5400000000048895       0.30114738880662711     
   4.5600000000048961       0.29444097231687411     
   4.5800000000049028       0.28775438857702806     
   4.6000000000049095       0.28109478724766862     
   4.6200000000049162       0.27446900427720139     
   4.6400000000049229       0.26788355500629779     
   4.6600000000049295       0.26134462825282206     
   4.6800000000049362       0.25485808146885891     
   4.7000000000049429       0.24842943705562531     
   4.7200000000049496       0.24206387991282138     
   4.7400000000049562       0.23576625628645165     
   4.7600000000049629       0.22954107396364318     
   4.7800000000049696       0.22339250384503409     
   4.8000000000049763       0.21732438290538544     
   4.8200000000049830       0.21134021853190688     
   4.8400000000049896       0.20544319420805715     
   4.8600000000049963       0.19963617648907514     
   4.8800000000050030       0.19392172319489731     
   4.9000000000050097       0.18830209272718851     
   4.9200000000050164       0.18277925440056933     
   4.9400000000050230       0.17735489966427329     
   4.9600000000050297       0.17203045407993245     
   4.9800000000050364       0.16680708991414714     
   5.0000000000050431       0.16168573920119717     
   5.0200000000050498       0.15666710713163309     
   5.0400000000050564       0.15175168562644129     
   5.0600000000050631       0.14693976696369407     
   5.0800000000050698       0.14223145733468920     
   5.1000000000050765       0.13762669021905155     
   5.1200000000050832       0.13312523948249236     
   5.1400000000050898       0.12872673211632299     
   5.1600000000050965       0.12443066055368369     
   5.1800000000051032       0.12023639451317782     
   5.2000000000051099       0.11614319233556873     
   5.2200000000051165       0.11215021179285775     
   5.2400000000051232       0.10825652036097244     
   5.2600000000051299       0.10446110495710485     
   5.2800000000051366       0.10076288115021025     
   5.3000000000051433        9.7160701858215515E-002
   5.3200000000051499        9.3653365548114181E-002
   5.3400000000051566        9.0239623955477341E-002
   5.3600000000051633        8.6918189338260662E-002
   5.3800000000051700        8.3687741276466263E-002
   5.4000000000051767        8.0546933024673972E-002
   5.4200000000051833        7.7494397419155578E-002
   5.4400000000051900        7.4528752335730045E-002
   5.4600000000051967        7.1648605689227915E-002
   5.4800000000052034        6.8852559960874346E-002
   5.5000000000052101        6.6139216236510701E-002
   5.5200000000052167        6.3507177736711828E-002
   5.5400000000052234        6.0955052819786838E-002
   5.5600000000052301        5.8481457440544934E-002
   5.5800000000052368        5.6085017051622173E-002
   5.6000000000052435        5.3764367940039103E-002
   5.6200000000052501        5.1518157999332098E-002
   5.6400000000052568        4.9345046946799691E-002
   5.6600000000052635        4.7243706005774967E-002
   5.6800000000052702        4.5212817083940350E-002
   5.7000000000052768        4.3251071490080603E-002
   5.7200000000052835        4.1357168242780365E-002
   5.7400000000052902        3.9529812034947522E-002
   5.7600000000052969        3.7767710927152552E-002
   5.7800000000053036        3.6069573850192986E-002
   5.8000000000053102        3.4434108002630838E-002
   5.8200000000053169        3.2860016232020353E-002
   5.8400000000053236        3.1345994488919261E-002
   5.8600000000053303        2.9890729440506195E-002
   5.8800000000053370        2.8492896325680105E-002
   5.9000000000053436        2.7151157126069164E-002
   5.9200000000053503        2.5864159117629376E-002
   5.9400000000053570        2.4630533855817482E-002
   5.9600000000053637        2.3448896634087942E-002
   5.9800000000053704        2.2317846441159594E-002
   6.0000000000053770        2.1235966427652388E-002
   6.0200000000053837        2.0201824877838084E-002
   6.0400000000053904        1.9213976667923544E-002
   6.0600000000053971        1.8270965178991107E-002
   6.0800000000054037        1.7371324620927109E-002
   6.1000000000054104        1.6513582713762978E-002
   6.1200000000054171        1.5696263665148286E-002
   6.1400000000054238        1.4917891377383691E-002
   6.1600000000054305        1.4176992814678741E-002
   6.1800000000054371        1.3472101461068161E-002
   6.2000000000054438        1.2801760801620548E-002
   6.2200000000054505        1.2164527764015715E-002
   6.2400000000054572        1.1558976063952467E-002
   6.2600000000054639        1.0983699405832563E-002
   6.2800000000054705        1.0437314499322640E-002
   6.3000000000054772        9.9184638622802149E-003
   6.3200000000054839        9.4258183906640054E-003
   6.3400000000054906        8.9580796859810383E-003
   6.3600000000054973        8.5139821401040688E-003
   6.3800000000055039        8.0922947855378950E-003
   6.4000000000055106        7.6918229260848183E-003
   6.4200000000055173        7.3114095681057079E-003
   6.4400000000055240        6.9499366760166405E-003
   6.4600000000055307        6.6063262772285631E-003
   6.4800000000055373        6.2795414414350071E-003
   6.5000000000055440        5.9685871570870639E-003
   6.5200000000055507        5.6725111242524615E-003
   6.5400000000055574        5.3904044780955463E-003
   6.5600000000055640        5.1214024512588633E-003
   6.5800000000055707        4.8646849768399529E-003
   6.6000000000055774        4.6194772268282665E-003
   6.6200000000055841        4.3850500741969495E-003
   6.6400000000055908        4.1607204607162999E-003
   6.6600000000055974        3.9458516473327267E-003
   6.6800000000056041        3.7398533199422090E-003
   6.7000000000056108        3.5421815208399559E-003
   6.7200000000056175        3.3523383752213304E-003
   6.7400000000056242        3.1698715829441438E-003
   6.7600000000056308        2.9943736483586747E-003
   6.7800000000056375        2.8254808252953308E-003
   6.8000000000056442        2.6628717601265934E-003
   6.8200000000056509        2.5062658229658323E-003
   6.8400000000056576        2.3554211252450122E-003
   6.8600000000056642        2.2101322307915244E-003
   6.8800000000056709        2.0702275767304204E-003
   6.9000000000056776        1.9355666296845743E-003
   6.9200000000056843        1.8060368114417918E-003
   6.9400000000056909        1.6815502361326527E-003
   6.9600000000056976        1.5620403076767647E-003
   6.9800000000057043        1.4474582315136804E-003
   7.0000000000057110        1.3377694982118849E-003
   7.0200000000057177        1.2329503982764060E-003
   7.0400000000057243        1.1329846272758448E-003
   7.0600000000057310        1.0378600382730217E-003
   7.0800000000057377        9.4756559454862901E-004
   7.1000000000057444        8.6208856990438476E-004
   7.1200000000057511        7.8141203664600491E-004
   7.1400000000057577        7.0551267294836884E-004
   7.1600000000057644        6.3435891203450728E-004
   7.1800000000057711        5.6790944580458814E-004
   7.2000000000057778        5.0611208561497428E-004
   7.2200000000057845        4.4890297320551248E-004
   7.2400000000057911        3.9620612566649530E-004
   7.2600000000057978        3.4793329016172503E-004
   7.2800000000058045        3.0398407716584564E-004
   7.3000000000058112        2.6424633546708460E-004
   7.3200000000058179        2.2859672830367214E-004
   7.3400000000058245        1.9690146783627789E-004
   7.3600000000058312        1.6901716474186515E-004
   7.3800000000058379        1.4479175099426457E-004
   7.4000000000058446        1.2406543675868366E-004
   7.4200000000058512        1.0667166658827458E-004
   7.4400000000058579        9.2438045535602373E-005
   7.4600000000058646        8.1187212099449515E-005
   7.4800000000058713        7.2737641808066171E-005
   7.5000000000058780        6.6904372364150915E-005
   7.5200000000058846        6.3499648314233024E-005
   7.5400000000058913        6.2333489838288435E-005
   7.5600000000058980        6.3214196187144433E-005
   7.5800000000059047        6.5948799273437758E-005
   7.6000000000059114        7.0343486735301614E-005
   7.6200000000059180        7.6204016289761373E-005
   7.6400000000059247        8.3336144287662686E-005
   7.6600000000059314        9.1546091044035762E-005
   7.6800000000059381        1.0064106379281996E-004
   7.7000000000059448        1.1042985510160091E-004
   7.7200000000059514        1.2072353044140212E-004
   7.7400000000059581        1.3133621354732716E-004
   7.7600000000059648        1.4208597247515625E-004
   7.7800000000059715        1.5279580313320046E-004
   7.8000000000059782        1.6329470083990588E-004
   7.8200000000059848        1.7341880441966906E-004
   7.8400000000059915        1.8301259178594366E-004
   7.8600000000059982        1.9193010113547121E-004
   7.8800000000060049        2.0003614801705538E-004
   7.9000000000060115        2.0720750582879508E-004
   7.9200000000060182        2.1333401587427726E-004
   7.9400000000060249        2.1831959304923149E-004
   7.9600000000060316        2.2208309455454476E-004
   7.9800000000060383        2.2455902170208928E-004
   8.0000000000060449        2.2569802879720475E-004
   8.0200000000060516        2.2546721809917690E-004
   8.0400000000060583        2.2385020578293832E-004
   8.0600000000060650        2.2084695041803935E-004
   8.0800000000060717        2.1647334248814463E-004
   8.1000000000060783        2.1076056061769264E-004
   8.1200000000060850        2.0375420717402371E-004
   8.1400000000060917        1.9551324249830445E-004
   8.1600000000060984        1.8610874293554865E-004
   8.1800000000061051        1.7562251285426986E-004
   8.2000000000061117        1.6414558478325866E-004
   8.2200000000061184        1.5177664450493388E-004
   8.2400000000061251        1.3862041933649543E-004
   8.2600000000061318        1.2478606786591527E-004
   8.2800000000061384        1.1038560810313148E-004
   8.3000000000061451        9.5532418428721081E-005
   8.3200000000061518        8.0339841990389037E-005
   8.3400000000061585        6.4919920475454843E-005
   8.3600000000061652        4.9382277677310022E-005
   8.3800000000061718        3.3833167200370085E-005
   8.4000000000061785        1.8374692264371716E-005
   8.4200000000061852        3.1041991258832203E-006
   8.4400000000061919       -1.1886160609770176E-005
   8.4600000000061986       -2.6509709319907142E-005
   8.4800000000062052       -4.0685380021492445E-005
   8.5000000000062119       -5.4337730337498477E-005
   8.5200000000062186       -6.7396857060073956E-005
   8.5400000000062253       -7.9798236794247971E-005
   8.5600000000062320       -9.1482519196458534E-005
   8.5800000000062386       -1.0239529917160948E-004
   8.6000000000062453       -1.1248689309977910E-004
   8.6200000000062520       -1.2171214180872881E-004
   8.6400000000062587       -1.3003025971731940E-004
   8.6600000000062654       -1.3740474550724986E-004
   8.6800000000062720       -1.4380336502581458E-004
   8.7000000000062787       -1.4919821209207602E-004
   8.7200000000062854       -1.5356584769463016E-004
   8.7400000000062921       -1.5688751295647534E-004
   8.7600000000062987       -1.5914940642122255E-004
   8.7800000000063054       -1.6034301188546857E-004
   8.8000000000063121       -1.6046545934947235E-004
   8.8200000000063188       -1.5951989882573861E-004
   8.8400000000063255       -1.5751586485173978E-004
   8.8600000000063321       -1.5446960866909439E-004
   8.8800000000063388       -1.5040437518748837E-004
   8.9000000000063455       -1.4535060303786377E-004
   8.9200000000063522       -1.3934602817758932E-004
   8.9400000000063589       -1.3243567454969976E-004
   8.9600000000063655       -1.2467171908772182E-004
   8.9800000000063722       -1.1611322273998911E-004
   9.0000000000063789       -1.0682572398142930E-004
   9.0200000000063856       -9.6880696290388283E-005
   9.0400000000063923       -8.6354876091275162E-005
   9.0600000000063989       -7.5329472497443620E-005
   9.0800000000064056       -6.3889274642721310E-005
   9.1000000000064123       -5.2121676286844618E-005
   9.1200000000064190       -4.0115640569246095E-005
   9.1400000000064257       -2.7960630144841651E-005
   9.1600000000064323       -1.5745529375459663E-005
   9.1800000000064390       -3.5575857199860929E-006
   9.2000000000064457        8.5186030469222439E-006
   9.2200000000064524        2.0402030630331054E-005
   9.2400000000064590        3.2016130234362133E-005
   9.2600000000064657        4.3289509182379018E-005
   9.2800000000064724        5.4156554353643299E-005
   9.3000000000064791        6.4557897014214289E-005
   9.3200000000064858        7.4440730332982620E-005
   9.3400000000064924        8.3758977759726991E-005
   9.3600000000064991        9.2473315314632186E-005
   9.3800000000065058        1.0055105551635049E-004
   9.4000000000065125        1.0796590498513531E-004
   9.4200000000065192        1.1469761154533719E-004
   9.4400000000065258        1.2073151978139695E-004
   9.4600000000065325        1.2605805636967818E-004
   9.4800000000065392        1.3067216803676275E-004
   9.5000000000065459        1.3457273564302979E-004
   9.5200000000065526        1.3776198764821237E-004
   9.5400000000065592        1.4024493510991393E-004
   9.5600000000065659        1.4202884845530714E-004
   9.5800000000065726        1.4312279363735552E-004
   9.6000000000065793        1.4353724205512733E-004
   9.6200000000065859        1.4328376491763085E-004
   9.6400000000065926        1.4237481871207637E-004
   9.6600000000065993        1.4082362426295732E-004
   9.6800000000066060        1.3864413769845580E-004
   9.7000000000066127        1.3585110763888287E-004
   9.7200000000066193        1.3246020923758767E-004
   9.7400000000066260        1.2848824247599323E-004
   9.7600000000066327        1.2395337945748344E-004
   9.7800000000066394        1.1887544345389202E-004
   9.8000000000066461        1.1327620119839841E-004
   9.8200000000066527        1.0717964942883766E-004
   9.8400000000066594        1.0061227697077985E-004
   9.8600000000066661        9.3603284690179544E-005
   9.8800000000066728        8.6184747387855082E-005
   9.9000000000066795        7.8391704077728142E-005
   9.9200000000066861        7.0262165986018291E-005
   9.9400000000066928        6.1837034913276586E-005
   9.9600000000066995        5.3159928181992214E-005
   9.9800000000067062        4.4276910109739661E-005
