  -10.000000000000000       -1.8101418348250875E-011
  -9.9799999999999933       -1.9870626892848589E-011
  -9.9599999999999866       -2.1806348295430957E-011
  -9.9399999999999800       -2.3923597161027801E-011
  -9.9199999999999733       -2.6238676362103702E-011
  -9.8999999999999666       -2.8769281198949755E-011
  -9.8799999999999599       -3.1534611379093669E-011
  -9.8599999999999532       -3.4555491347083359E-011
  -9.8399999999999466       -3.7854499527069356E-011
  -9.8199999999999399       -4.1456107073040449E-011
  -9.7999999999999332       -4.5386826755364172E-011
  -9.7799999999999265       -4.9675372647465124E-011
  -9.7599999999999199       -5.4352831313055600E-011
  -9.7399999999999132       -5.9452845232276096E-011
  -9.7199999999999065       -6.5011809244451782E-011
  -9.6999999999998998       -7.1069080825852398E-011
  -9.6799999999998931       -7.7667205062869666E-011
  -9.6599999999998865       -8.4852155224349935E-011
  -9.6399999999998798       -9.2673589881362234E-011
  -9.6199999999998731       -1.0118512756845153E-010
  -9.5999999999998664       -1.1044464002725318E-010
  -9.5799999999998597       -1.2051456512122642E-010
  -9.5599999999998531       -1.3146224055903045E-010
  -9.5399999999998464       -1.4336025961363733E-010
  -9.5199999999998397       -1.5628685007444048E-010
  -9.4999999999998330       -1.7032627772031352E-010
  -9.4799999999998263       -1.8556927565248238E-010
  -9.4599999999998197       -2.0211350087707629E-010
  -9.4399999999998130       -2.2006401957804685E-010
  -9.4199999999998063       -2.3953382257146424E-010
  -9.3999999999997996       -2.6064437248182393E-010
  -9.3799999999997929       -2.8352618422941820E-010
  -9.3599999999997863       -3.0831944046486275E-010
  -9.3399999999997796       -3.3517464363192377E-010
  -9.3199999999997729       -3.6425330638252093E-010
  -9.2999999999997662       -3.9572868210760688E-010
  -9.2799999999997596       -4.2978653738408088E-010
  -9.2599999999997529       -4.6662596817027401E-010
  -9.2399999999997462       -5.0646026161024442E-010
  -9.2199999999997395       -5.4951780532940392E-010
  -9.1999999999997328       -5.9604304612018407E-010
  -9.1799999999997262       -6.4629749992547688E-010
  -9.1599999999997195       -7.0056081502876740E-010
  -9.1399999999997128       -7.5913189035212209E-010
  -9.1199999999997061       -8.2233005074548020E-010
  -9.0999999999996994       -8.9049628112183470E-010
  -9.0799999999996928       -9.6399452125177405E-010
  -9.0599999999996861       -1.0432130229759373E-009
  -9.0399999999996794       -1.1285657715243561E-009
  -9.0199999999996727       -1.2204939725450721E-009
  -8.9999999999996660       -1.3194676063402032E-009
  -8.9799999999996594       -1.4259870506832957E-009
  -8.9599999999996527       -1.5405847734462183E-009
  -8.9399999999996460       -1.6638270960943074E-009
  -8.9199999999996393       -1.7963160289143353E-009
  -8.8999999999996326       -1.9386911786168874E-009
  -8.8799999999996260       -2.0916317287032718E-009
  -8.8599999999996193       -2.2558584927025023E-009
  -8.8399999999996126       -2.4321360400648762E-009
  -8.8199999999996059       -2.6212748941428626E-009
  -8.7999999999995993       -2.8241338012934386E-009
  -8.7799999999995926       -3.0416220696973859E-009
  -8.7599999999995859       -3.2747019760062028E-009
  -8.7399999999995792       -3.5243912373934222E-009
  -8.7199999999995725       -3.7917655460021698E-009
  -8.6999999999995659       -4.0779611621383877E-009
  -8.6799999999995592       -4.3841775618604044E-009
  -8.6599999999995525       -4.7116801338521077E-009
  -8.6399999999995458       -5.0618029196386129E-009
  -8.6199999999995391       -5.4359513903045111E-009
  -8.5999999999995325       -5.8356052519025220E-009
  -8.5799999999995258       -6.2623212706894389E-009
  -8.5599999999995191       -6.7177361081943204E-009
  -8.5399999999995124       -7.2035691549057223E-009
  -8.5199999999995057       -7.7216253500547545E-009
  -8.4999999999994991       -8.2737979735691247E-009
  -8.4799999999994924       -8.8620713947698013E-009
  -8.4599999999994857       -9.4885237607765530E-009
  -8.4399999999994790       -1.0155329605876723E-008
  -8.4199999999994724       -1.0864762361284841E-008
  -8.3999999999994657       -1.1619196742781589E-008
  -8.3799999999994590       -1.2421110991657076E-008
  -8.3599999999994523       -1.3273088942200061E-008
  -8.3399999999994456       -1.4177821886657291E-008
  -8.3199999999994390       -1.5138110206142810E-008
  -8.2999999999994323       -1.6156864733393048E-008
  -8.2799999999994256       -1.7237107810541049E-008
  -8.2599999999994189       -1.8381974002217734E-008
  -8.2399999999994122       -1.9594710421279388E-008
  -8.2199999999994056       -2.0878676621297284E-008
  -8.1999999999993989       -2.2237344006640258E-008
  -8.1799999999993922       -2.3674294707516041E-008
  -8.1599999999993855       -2.5193219863723255E-008
  -8.1399999999993788       -2.6797917257095672E-008
  -8.1199999999993722       -2.8492288228696885E-008
  -8.0999999999993655       -3.0280333812743757E-008
  -8.0799999999993588       -3.2166150015009781E-008
  -8.0599999999993521       -3.4153922159071654E-008
  -8.0399999999993454       -3.6247918219240703E-008
  -8.0199999999993388       -3.8452481054340449E-008
  -7.9999999999993321       -4.0772019451679934E-008
  -7.9799999999993254       -4.3210997885630364E-008
  -7.9599999999993187       -4.5773924890131505E-008
  -7.9399999999993121       -4.8465339939266540E-008
  -7.9199999999993054       -5.1289798724747409E-008
  -7.8999999999992987       -5.4251856713740185E-008
  -7.8799999999992920       -5.7356050864991254E-008
  -7.8599999999992853       -6.0606879375646677E-008
  -7.8399999999992787       -6.4008779325546770E-008
  -7.8199999999992720       -6.7566102080125648E-008
  -7.7999999999992653       -7.1283086307372280E-008
  -7.7799999999992586       -7.5163828458636811E-008
  -7.7599999999992519       -7.9212250557412148E-008
  -7.7399999999992453       -8.3432065134628899E-008
  -7.7199999999992386       -8.7826737143463739E-008
  -7.6999999999992319       -9.2399442681252063E-008
  -7.6799999999992252       -9.7153024340794340E-008
  -7.6599999999992185       -1.0208994300824596E-007
  -7.6399999999992119       -1.0721222591984995E-007
  -7.6199999999992052       -1.1252141078511994E-007
  -7.5999999999991985       -1.1801848577968229E-007
  -7.5799999999991918       -1.2370382520694644E-007
  -7.5599999999991851       -1.2957712062406411E-007
  -7.5399999999991785       -1.3563730722441544E-007
  -7.5199999999991718       -1.4188248526602574E-007
  -7.4999999999991651       -1.4830983633309279E-007
  -7.4799999999991584       -1.5491553421610366E-007
  -7.4599999999991518       -1.6169465019497504E-007
  -7.4399999999991451       -1.6864105250933098E-007
  -7.4199999999991384       -1.7574729980042484E-007
  -7.3999999999991317       -1.8300452831048056E-007
  -7.3799999999991250       -1.9040233262737107E-007
  -7.3599999999991184       -1.9792863976563614E-007
  -7.3399999999991117       -2.0556957637902110E-007
  -7.3199999999991050       -2.1330932890491642E-007
  -7.2999999999990983       -2.2112999644754996E-007
  -7.2799999999990916       -2.2901143621441237E-007
  -7.2599999999990850       -2.3693110132946470E-007
  -7.2399999999990783       -2.4486387085700776E-007
  -7.2199999999990716       -2.5278187188207351E-007
  -7.1999999999990649       -2.6065429350656425E-007
  -7.1799999999990582       -2.6844719263550137E-007
  -7.1599999999990516       -2.7612329144449037E-007
  -7.1399999999990449       -2.8364176643808413E-007
  -7.1199999999990382       -2.9095802902912576E-007
  -7.0999999999990315       -2.9802349759147871E-007
  -7.0799999999990249       -3.0478536096283174E-007
  -7.0599999999990182       -3.1118633340063405E-007
  -7.0399999999990115       -3.1716440102261535E-007
  -7.0199999999990048       -3.2265255979396433E-007
  -6.9999999999989981       -3.2757854515597999E-007
  -6.9799999999989915       -3.3186455342603159E-007
  -6.9599999999989848       -3.3542695513593153E-007
  -6.9399999999989781       -3.3817600051537510E-007
  -6.9199999999989714       -3.4001551736892169E-007
  -6.8999999999989647       -3.4084260163921081E-007
  -6.8799999999989581       -3.4054730099545860E-007
  -6.8599999999989514       -3.3901229183510573E-007
  -6.8399999999989447       -3.3611255013732913E-007
  -6.8199999999989380       -3.3171501666043586E-007
  -6.7999999999989313       -3.2567825703024497E-007
  -6.7799999999989247       -3.1785211732419843E-007
  -6.7599999999989180       -3.0807737581488857E-007
  -6.7399999999989113       -2.9618539159822868E-007
  -6.7199999999989046       -2.8199775089402946E-007
  -6.6999999999988979       -2.6532591187146069E-007
  -6.6799999999988913       -2.4597084891745789E-007
  -6.6599999999988846       -2.2372269733341537E-007
  -6.6399999999988779       -1.9836039951320329E-007
  -6.6199999999988712       -1.6965135372459380E-007
  -6.5999999999988646       -1.3735106668505166E-007
  -6.5799999999988579       -1.0120281119245912E-007
  -6.5599999999988512       -6.0937290140333247E-008
  -6.5399999999988445       -1.6272308315916235E-008
  -6.5199999999988378        3.3087546552861401E-008
  -6.4999999999988312        8.7451211968779935E-008
  -6.4799999999988245        1.4714144645796333E-007
  -6.4599999999988178        2.1249511132366389E-007
  -6.4399999999988111        2.8386343664163616E-007
  -6.4199999999988044        3.6161226972063387E-007
  -6.3999999999987978        4.4612230419901046E-007
  -6.3799999999987911        5.3778928789971835E-007
  -6.3599999999987844        6.3702420752295617E-007
  -6.3399999999987777        7.4425344821743836E-007
  -6.3199999999987710        8.5991892604046071E-007
  -6.2999999999987644        9.8447819129195176E-007
  -6.2799999999987577        1.1184045006916869E-006
  -6.2599999999987510        1.2621868563603280E-006
  -6.2399999999987443        1.4163300095665659E-006
  -6.2199999999987376        1.5813544272139692E-006
  -6.1999999999987310        1.7577962190635320E-006
  -6.1799999999987243        1.9462070237221992E-006
  -6.1599999999987176        2.1471538514745082E-006
  -6.1399999999987109        2.3612188820950634E-006
  -6.1199999999987043        2.5889992158543686E-006
  -6.0999999999986976        2.8311065760208599E-006
  -6.0799999999986909        3.0881669612685588E-006
  -6.0599999999986842        3.3608202465233072E-006
  -6.0399999999986775        3.6497197309222081E-006
  -6.0199999999986709        3.9555316317215532E-006
  -5.9999999999986642        4.2789345231686940E-006
  -5.9799999999986575        4.6206187195543942E-006
  -5.9599999999986508        4.9812856018842539E-006
  -5.9399999999986441        5.3616468878527648E-006
  -5.9199999999986375        5.7624238450703165E-006
  -5.8999999999986308        6.1843464477855331E-006
  -5.8799999999986241        6.6281524776594378E-006
  -5.8599999999986174        7.0945865694893476E-006
  -5.8399999999986107        7.5843992031450742E-006
  -5.8199999999986041        8.0983456433717184E-006
  -5.7999999999985974        8.6371848295311057E-006
  -5.7799999999985907        9.2016782177971211E-006
  -5.7599999999985840        9.7925885787914743E-006
  -5.7399999999985774        1.0410678754143189E-005
  -5.7199999999985707        1.1056710375978611E-005
  -5.6999999999985640        1.1731442553899295E-005
  -5.6799999999985573        1.2435630534580991E-005
  -5.6599999999985506        1.3170024339728327E-005
  -5.6399999999985440        1.3935367388746989E-005
  -5.6199999999985373        1.4732395113145602E-005
  -5.5999999999985306        1.5561833570354163E-005
  -5.5799999999985239        1.6424398065340287E-005
  -5.5599999999985172        1.7320791789123904E-005
  -5.5399999999985106        1.8251704484024744E-005
  -5.5199999999985039        1.9217811146232284E-005
  -5.4999999999984972        2.0219770777055416E-005
  -5.4799999999984905        2.1258225194993358E-005
  -5.4599999999984838        2.2333797921561704E-005
  -5.4399999999984772        2.3447093154610244E-005
  -5.4199999999984705        2.4598694843677374E-005
  -5.3999999999984638        2.5789165882734567E-005
  -5.3799999999984571        2.7019047436487515E-005
  -5.3599999999984504        2.8288858417201868E-005
  -5.3399999999984438        2.9599095129821052E-005
  -5.3199999999984371        3.0950231103930758E-005
  -5.2999999999984304        3.2342717131888686E-005
  -5.2799999999984237        3.3776981533190862E-005
  -5.2599999999984171        3.5253430665866524E-005
  -5.2399999999984104        3.6772449706384361E-005
  -5.2199999999984037        3.8334403720211473E-005
  -5.1999999999983970        3.9939639045777536E-005
  -5.1799999999983903        4.1588485015169725E-005
  -5.1599999999983837        4.3281256035393063E-005
  -5.1399999999983770        4.5018254054491991E-005
  -5.1199999999983703        4.6799771437219677E-005
  -5.0999999999983636        4.8626094275259472E-005
  -5.0799999999983569        5.0497506157248494E-005
  -5.0599999999983503        5.2414292424010038E-005
  -5.0399999999983436        5.4376744934469486E-005
  -5.0199999999983369        5.6385167367697334E-005
  -4.9999999999983302        5.8439881086388217E-005
  -4.9799999999983235        6.0541231586838833E-005
  -4.9599999999983169        6.2689595560123132E-005
  -4.9399999999983102        6.4885388588672510E-005
  -4.9199999999983035        6.7129073501848665E-005
  -4.8999999999982968        6.9421169413339082E-005
  -4.8799999999982901        7.1762261462295155E-005
  -4.8599999999982835        7.4153011279088835E-005
  -4.8399999999982768        7.6594168195339254E-005
  -4.8199999999982701        7.9086581216497777E-005
  -4.7999999999982634        8.1631211773729946E-005
  -4.7799999999982568        8.4229147270121549E-005
  -4.7599999999982501        8.6881615434342523E-005
  -4.7399999999982434        8.9589999492822802E-005
  -4.7199999999982367        9.2355854169241678E-005
  -4.6999999999982300        9.5180922517671608E-005
  -4.6799999999982234        9.8067153593088424E-005
  -4.6599999999982167        1.0101672096010829E-004
  -4.6399999999982100        1.0403204203780344E-004
  -4.6199999999982033        1.0711579827520220E-004
  -4.5999999999981966        1.1027095614867084E-004
  -4.5799999999981900        1.1350078896876320E-004
  -4.5599999999981833        1.1680889948030083E-004
  -4.5399999999981766        1.2019924323547616E-004
  -4.5199999999981699        1.2367615271556310E-004
  -4.4999999999981632        1.2724436217248256E-004
  -4.4799999999981566        1.3090903315691725E-004
  -4.4599999999981499        1.3467578069497086E-004
  -4.4399999999981432        1.3855070007051507E-004
  -4.4199999999981365        1.4254039416533077E-004
  -4.3999999999981299        1.4665200130402448E-004
  -4.3799999999981232        1.5089322354539715E-004
  -4.3599999999981165        1.5527235535655638E-004
  -4.3399999999981098        1.5979831260056596E-004
  -4.3199999999981031        1.6448066176283783E-004
  -4.2999999999980965        1.6932964933582230E-004
  -4.2799999999980898        1.7435623127584423E-004
  -4.2599999999980831        1.7957210244020288E-004
  -4.2399999999980764        1.8498972590689364E-004
  -4.2199999999980697        1.9062236207358194E-004
  -4.1999999999980631        1.9648409742674625E-004
  -4.1799999999980564        2.0258987286625452E-004
  -4.1599999999980497        2.0895551146507831E-004
  -4.1399999999980430        2.1559774553837411E-004
  -4.1199999999980363        2.2253424289084877E-004
  -4.0999999999980297        2.2978363210614825E-004
  -4.0799999999980230        2.3736552673704088E-004
  -4.0599999999980163        2.4530054825042699E-004
  -4.0399999999980096        2.5361034757668172E-004
  -4.0199999999980029        2.6231762510865367E-004
  -3.9999999999979963        2.7144614899171892E-004
  -3.9799999999979896        2.8102077154274499E-004
  -3.9599999999979829        2.9106744363266071E-004
  -3.9399999999979762        3.0161322686453958E-004
  -3.9199999999979696        3.1268630337682898E-004
  -3.8999999999979629        3.2431598309948760E-004
  -3.8799999999979562        3.3653270828949602E-004
  -3.8599999999979495        3.4936805517142295E-004
  -3.8399999999979428        3.6285473250850634E-004
  -3.8199999999979362        3.7702657693014713E-004
  -3.7999999999979295        3.9191854484272047E-004
  -3.7799999999979228        4.0756670075234070E-004
  -3.7599999999979161        4.2400820183060076E-004
  -3.7399999999979094        4.4128127855744839E-004
  -3.7199999999979028        4.5942521127921365E-004
  -3.6999999999978961        4.7848030252444770E-004
  -3.6799999999978894        4.9848784492568057E-004
  -3.6599999999978827        5.1949008460142607E-004
  -3.6399999999978760        5.4153017985984590E-004
  -3.6199999999978694        5.6465215509341328E-004
  -3.5999999999978627        5.8890084974265683E-004
  -3.5799999999978560        6.1432186221675560E-004
  -3.5599999999978493        6.4096148866920461E-004
  -3.5399999999978427        6.6886665653821003E-004
  -3.5199999999978360        6.9808485277371370E-004
  -3.4999999999978293        7.2866404668606318E-004
  -3.4799999999978226        7.6065260736538044E-004
  -3.4599999999978159        7.9409921563550591E-004
  -3.4399999999978093        8.2905277052209756E-004
  -3.4199999999978026        8.6556229023098622E-004
  -3.3999999999977959        9.0367680765018172E-004
  -3.3799999999977892        9.4344526040704467E-004
  -3.3599999999977825        9.8491637553090603E-004
  -3.3399999999977759        1.0281385487910198E-003
  -3.3199999999977692        1.0731597187998562E-003
  -3.2999999999977625        1.1200272359926156E-003
  -3.2799999999977558        1.1687877266151928E-003
  -3.2599999999977491        1.2194869518747529E-003
  -3.2399999999977425        1.2721696624294321E-003
  -3.2199999999977358        1.3268794484164544E-003
  -3.1999999999977291        1.3836585852410681E-003
  -3.1799999999977224        1.4425478753720368E-003
  -3.1599999999977157        1.5035864864130443E-003
  -3.1399999999977091        1.5668117857429598E-003
  -3.1199999999977024        1.6322591720416811E-003
  -3.0999999999976957        1.6999619040419048E-003
  -3.0799999999976890        1.7699509268706167E-003
  -3.0599999999976824        1.8422546963674758E-003
  -3.0399999999976757        1.9168990017901025E-003
  -3.0199999999976690        1.9939067873388496E-003
  -2.9999999999976623        2.0732979729556214E-003
  -2.9799999999976556        2.1550892748726435E-003
  -2.9599999999976490        2.2392940264077516E-003
  -2.9399999999976423        2.3259219995225566E-003
  -2.9199999999976356        2.4149792276786743E-003
  -2.8999999999976289        2.5064678305450885E-003
  -2.8799999999976222        2.6003858411263380E-003
  -2.8599999999976156        2.6967270358966276E-003
  -2.8399999999976089        2.7954807685390925E-003
  -2.8199999999976022        2.8966318079018962E-003
  -2.7999999999975955        3.0001601807940711E-003
  -2.7799999999975888        3.1060410202532018E-003
  -2.7599999999975822        3.2142444199247510E-003
  -2.7399999999975755        3.3247352951985966E-003
  -2.7199999999975688        3.4374732517521312E-003
  -2.6999999999975621        3.5524124621511065E-003
  -2.6799999999975554        3.6695015511590515E-003
  -2.6599999999975488        3.7886834904036571E-003
  -2.6399999999975421        3.9098955030437482E-003
  -2.6199999999975354        4.0330689790733978E-003
  -2.5999999999975287        4.1581294018903465E-003
  -2.5799999999975221        4.2849962867440366E-003
  -2.5599999999975154        4.4135831316642199E-003
  -2.5399999999975087        4.5437973814544241E-003
  -2.5199999999975020        4.6755404053150295E-003
  -2.4999999999974953        4.8087074886390994E-003
  -2.4799999999974887        4.9431878394995176E-003
  -2.4599999999974820        5.0788646103190884E-003
  -2.4399999999974753        5.2156149351858675E-003
  -2.4199999999974686        5.3533099832438532E-003
  -2.3999999999974619        5.4918150285548483E-003
  -2.3799999999974553        5.6309895367902931E-003
  -2.3599999999974486        5.7706872690726843E-003
  -2.3399999999974419        5.9107564032445468E-003
  -2.3199999999974352        6.0510396727990910E-003
  -2.2999999999974285        6.1913745236606994E-003
  -2.2799999999974219        6.3315932889553735E-003
  -2.2599999999974152        6.4715233818611936E-003
  -2.2399999999974085        6.6109875065770742E-003
  -2.2199999999974018        6.7498038873944882E-003
  -2.1999999999973952        6.8877865158018048E-003
  -2.1799999999973885        7.0247454154942638E-003
  -2.1599999999973818        7.1604869251048805E-003
  -2.1399999999973751        7.2948139984126839E-003
  -2.1199999999973684        7.4275265217249005E-003
  -2.0999999999973618        7.5584216480691470E-003
  -2.0799999999973551        7.6872941477706454E-003
  -2.0599999999973484        7.8139367749281551E-003
  -2.0399999999973417        7.9381406492406627E-003
  -2.0199999999973350        8.0596956525755617E-003
  -1.9999999999973281        8.1783908396078214E-003
  -1.9799999999973212        8.2940148617992124E-003
  -1.9599999999973143        8.4063564039266112E-003
  -1.9399999999973074        8.5152046323096892E-003
  -1.9199999999973005        8.6203496538306817E-003
  -1.8999999999972936        8.7215829847826602E-003
  -1.8799999999972867        8.8186980285284208E-003
  -1.8599999999972798        8.9114905608992847E-003
  -1.8399999999972729        8.9997592222130808E-003
  -1.8199999999972660        9.0833060147422397E-003
  -1.7999999999972591        9.1619368044177849E-003
  -1.7799999999972522        9.2354618255123880E-003
  -1.7599999999972453        9.3036961870060705E-003
  -1.7399999999972384        9.3664603793022268E-003
  -1.7199999999972315        9.4235807799285237E-003
  -1.6999999999972246        9.4748901568285498E-003
  -1.6799999999972177        9.5202281678245446E-003
  -1.6599999999972108        9.5594418548106356E-003
  -1.6399999999972039        9.5923861312189225E-003
  -1.6199999999971970        9.6189242612880442E-003
  -1.5999999999971901        9.6389283296559325E-003
  -1.5799999999971832        9.6522796997947514E-003
  -1.5599999999971763        9.6588694598072847E-003
  -1.5399999999971694        9.6585988541101463E-003
  -1.5199999999971625        9.6513796995399605E-003
  -1.4999999999971556        9.6371347844347293E-003
  -1.4799999999971487        9.6157982492632924E-003
  -1.4599999999971418        9.5873159474020118E-003
  -1.4399999999971349        9.5516457846884662E-003
  -1.4199999999971280        9.5087580364182564E-003
  -1.3999999999971211        9.4586356404918314E-003
  -1.3799999999971142        9.4012744654644147E-003
  -1.3599999999971073        9.3366835523028269E-003
  -1.3399999999971004        9.2648853287088159E-003
  -1.3199999999970935        9.1859157949288010E-003
  -1.2999999999970866        9.0998246800349670E-003
  -1.2799999999970797        9.0066755677319574E-003
  -1.2599999999970728        8.9065459908171819E-003
  -1.2399999999970659        8.7995274935003080E-003
  -1.2199999999970590        8.6857256608692465E-003
  -1.1999999999970521        8.5652601148752221E-003
  -1.1799999999970452        8.4382644762980973E-003
  -1.1599999999970383        8.3048862922450208E-003
  -1.1399999999970314        8.1652869288303641E-003
  -1.1199999999970245        8.0196414287820178E-003
  -1.0999999999970176        7.8681383338190612E-003
  -1.0799999999970107        7.7109794717473996E-003
  -1.0599999999970038        7.5483797083233479E-003
  -1.0399999999969969        7.3805666640399132E-003
  -1.0199999999969900        7.2077803960962422E-003
 -0.99999999999698319        7.0302730459170636E-003
 -0.97999999999697640        6.8483084526957238E-003
 -0.95999999999696961        6.6621617335408737E-003
 -0.93999999999696282        6.4721188309132026E-003
 -0.91999999999695603        6.2784760281438092E-003
 -0.89999999999694924        6.0815394339300173E-003
 -0.87999999999694245        5.8816244368070335E-003
 -0.85999999999693566        5.6790551306944445E-003
 -0.83999999999692887        5.4741637127148513E-003
 -0.81999999999692208        5.2672898545776626E-003
 -0.79999999999691529        5.0587800489135457E-003
 -0.77999999999690850        4.8489869320342549E-003
 -0.75999999999690171        4.6382685846780691E-003
 -0.73999999999689492        4.4269878123822963E-003
 -0.71999999999688813        4.2155114072013620E-003
 -0.69999999999688134        4.0042093925611822E-003
 -0.67999999999687455        3.7934542531077417E-003
 -0.65999999999686776        3.5836201514697240E-003
 -0.63999999999686097        3.3750821339114229E-003
 -0.61999999999685418        3.1682153269026831E-003
 -0.59999999999684739        2.9633941266771989E-003
 -0.57999999999684060        2.7609913838887376E-003
 -0.55999999999683381        2.5613775855067478E-003
 -0.53999999999682702        2.3649200361181245E-003
 -0.51999999999682023        2.1719820408204016E-003
 -0.49999999999681344        1.9829220919034187E-003
 -0.47999999999680665        1.7980930615212841E-003
 -0.45999999999679986        1.6178414025542446E-003
 -0.43999999999679307        1.4425063598508521E-003
 -0.41999999999678628        1.2724191940244928E-003
 -0.39999999999677949        1.1079024199550866E-003
 -0.37999999999677270        9.4926906211632530E-004
 -0.35999999999676591        7.9682192881166286E-004
 -0.33999999999675912        6.5085290735807674E-004
 -0.31999999999675233        5.1164228220578953E-004
 -0.29999999999674554        3.7945807792470401E-004
 -0.27999999999673875        2.5455542892442419E-004
 -0.25999999999673196        1.3717597770464713E-004
 -0.23999999999672514        2.7547303356538429E-005
 -0.21999999999671832       -7.4117618046144802E-005
 -0.19999999999671150       -1.6762091961491173E-004
 -0.17999999999670468       -2.5278031491475272E-004
 -0.15999999999669787       -3.2942953297170497E-004
 -0.13999999999669105       -3.9741871576103125E-004
 -0.11999999999668425       -4.5661477702377165E-004
  -9.9999999996677441E-002  -5.0690172136985776E-004
  -7.9999999996670637E-002  -5.4818092274006307E-004
  -5.9999999996663833E-002  -5.8037136141612542E-004
  -3.9999999996657029E-002  -6.0340981888842729E-004
  -1.9999999996650222E-002  -6.1725103001285871E-004
   3.3565858426065631E-012  -6.2186779201282058E-004
   2.0000000003363393E-002  -6.1725103000803791E-004
   4.0000000003370201E-002  -6.0340981887879329E-004
   6.0000000003377005E-002  -5.8037136140169318E-004
   8.0000000003383809E-002  -5.4818092272085285E-004
  0.10000000000339061       -5.0690172134589852E-004
  0.12000000000339742       -4.5661477699509976E-004
  0.14000000000340423       -3.9741871572769187E-004
  0.16000000000341105       -3.2942953293374440E-004
  0.18000000000341787       -2.5278031487222777E-004
  0.20000000000342469       -1.6762091956788828E-004
  0.22000000000343151       -7.4117617994690654E-005
  0.24000000000343832        2.7547303412344785E-005
  0.26000000000344514        1.3717597776472516E-004
  0.28000000000345193        2.5455542898868415E-004
  0.30000000000345872        3.7945807799305277E-004
  0.32000000000346551        5.1164228227812663E-004
  0.34000000000347230        6.5085290743429800E-004
  0.36000000000347909        7.9682192889165573E-004
  0.38000000000348588        9.4926906219997421E-004
  0.40000000000349267        1.1079024200422738E-003
  0.42000000000349946        1.2724191941150919E-003
  0.44000000000350625        1.4425063599447325E-003
  0.46000000000351304        1.6178414026512768E-003
  0.48000000000351983        1.7980930616213295E-003
  0.50000000000352662        1.9829220920063373E-003
  0.52000000000353341        2.1719820409260514E-003
  0.54000000000354020        2.3649200362263582E-003
  0.56000000000354699        2.5613775856174192E-003
  0.58000000000355378        2.7609913840016954E-003
  0.60000000000356057        2.9633941267922913E-003
  0.62000000000356736        3.1682153270197562E-003
  0.64000000000357415        3.3750821340303209E-003
  0.66000000000358094        3.5836201515902955E-003
  0.68000000000358773        3.7934542532298259E-003
  0.70000000000359452        4.0042093926846208E-003
  0.72000000000360131        4.2155114073259992E-003
  0.74000000000360810        4.4269878125079787E-003
  0.76000000000361490        4.6382685848046362E-003
  0.78000000000362169        4.8489869321615541E-003
  0.80000000000362848        5.0587800490414217E-003
  0.82000000000363527        5.2672898547059662E-003
  0.84000000000364206        5.4741637128434256E-003
  0.86000000000364885        5.6790551308231428E-003
  0.88000000000365564        5.8816244369357144E-003
  0.90000000000366243        6.0815394340585274E-003
  0.92000000000366922        6.2784760282720139E-003
  0.94000000000367601        6.4721188310409572E-003
  0.96000000000368280        6.6621617336680454E-003
  0.98000000000368959        6.8483084528221817E-003
   1.0000000000036964        7.0302730460426793E-003
   1.0200000000037033        7.2077803962208899E-003
   1.0400000000037102        7.3805666641634680E-003
   1.0600000000037171        7.5483797084456962E-003
   1.0800000000037240        7.7109794718684278E-003
   1.1000000000037309        7.8681383339386634E-003
   1.1200000000037378        8.0196414289000831E-003
   1.1400000000037447        8.1652869289468005E-003
   1.1600000000037516        8.3048862923597293E-003
   1.1800000000037585        8.4382644764109914E-003
   1.2000000000037654        8.5652601149862166E-003
   1.2200000000037723        8.6857256609782583E-003
   1.2400000000037792        8.7995274936072676E-003
   1.2600000000037861        8.9065459909220164E-003
   1.2800000000037930        9.0066755678345975E-003
   1.3000000000037999        9.0998246801353589E-003
   1.3200000000038068        9.1859157950268926E-003
   1.3400000000038137        9.2648853288045518E-003
   1.3600000000038206        9.3366835523961654E-003
   1.3800000000038275        9.4012744655553159E-003
   1.4000000000038344        9.4586356405802607E-003
   1.4200000000038413        9.5087580365041842E-003
   1.4400000000038482        9.5516457847718735E-003
   1.4600000000038551        9.5873159474828742E-003
   1.4800000000038620        9.6157982493415943E-003
   1.5000000000038689        9.6371347845104552E-003
   1.5200000000038758        9.6513796996131190E-003
   1.5400000000038827        9.6585988541807270E-003
   1.5600000000038896        9.6588694598752911E-003
   1.5800000000038965        9.6522796998601921E-003
   1.6000000000039034        9.6389283297188232E-003
   1.6200000000039103        9.6189242613483935E-003
   1.6400000000039172        9.5923861312767564E-003
   1.6600000000039241        9.5594418548659750E-003
   1.6800000000039310        9.5202281678774103E-003
   1.7000000000039379        9.4748901568789783E-003
   1.7200000000039448        9.4235807799765460E-003
   1.7400000000039517        9.3664603793478778E-003
   1.7600000000039586        9.3036961870493866E-003
   1.7800000000039655        9.2354618255534194E-003
   1.8000000000039724        9.1619368044565767E-003
   1.8200000000039793        9.0833060147788268E-003
   1.8400000000039862        8.9997592222475168E-003
   1.8600000000039931        8.9114905609316269E-003
   1.8800000000040000        8.8186980285587160E-003
   1.9000000000040069        8.7215829848109640E-003
   1.9200000000040138        8.6203496538570512E-003
   1.9400000000040207        8.5152046323341800E-003
   1.9600000000040276        8.4063564039492823E-003
   1.9800000000040345        8.2940148618201228E-003
   2.0000000000040412        8.1783908396270318E-003
   2.0200000000040479        8.0596956525931362E-003
   2.0400000000040546        7.9381406492566656E-003
   2.0600000000040612        7.8139367749426383E-003
   2.0800000000040679        7.6872941477836758E-003
   2.1000000000040746        7.5584216480807888E-003
   2.1200000000040813        7.4275265217352178E-003
   2.1400000000040880        7.2948139984217331E-003
   2.1600000000040946        7.1604869251127275E-003
   2.1800000000041013        7.0247454155009728E-003
   2.2000000000041080        6.8877865158074340E-003
   2.2200000000041147        6.7498038873990956E-003
   2.2400000000041214        6.6109875065807179E-003
   2.2600000000041280        6.4715233818639370E-003
   2.2800000000041347        6.3315932889572660E-003
   2.3000000000041414        6.1913745236618035E-003
   2.3200000000041481        6.0510396727994640E-003
   2.3400000000041548        5.9107564032442406E-003
   2.3600000000041614        5.7706872690717502E-003
   2.3800000000041681        5.6309895367887873E-003
   2.4000000000041748        5.4918150285528178E-003
   2.4200000000041815        5.3533099832413474E-003
   2.4400000000041882        5.2156149351829323E-003
   2.4600000000041948        5.0788646103157708E-003
   2.4800000000042015        4.9431878394958599E-003
   2.5000000000042082        4.8087074886351460E-003
   2.5200000000042149        4.6755404053108194E-003
   2.5400000000042215        4.5437973814499979E-003
   2.5600000000042282        4.4135831316596125E-003
   2.5800000000042349        4.2849962867392835E-003
   2.6000000000042416        4.1581294018854867E-003
   2.6200000000042483        4.0330689790684581E-003
   2.6400000000042549        3.9098955030387617E-003
   2.6600000000042616        3.7886834903986502E-003
   2.6800000000042683        3.6695015511540529E-003
   2.7000000000042750        3.5524124621461413E-003
   2.7200000000042817        3.4374732517472228E-003
   2.7400000000042883        3.3247352951937632E-003
   2.7600000000042950        3.2142444199200178E-003
   2.7800000000043017        3.1060410202485875E-003
   2.8000000000043084        3.0001601807895907E-003
   2.8200000000043151        2.8966318078975624E-003
   2.8400000000043217        2.7954807685349227E-003
   2.8600000000043284        2.6967270358926373E-003
   2.8800000000043351        2.6003858411225321E-003
   2.9000000000043418        2.5064678305414820E-003
   2.9200000000043485        2.4149792276752734E-003
   2.9400000000043551        2.3259219995193691E-003
   2.9600000000043618        2.2392940264047852E-003
   2.9800000000043685        2.1550892748698992E-003
   3.0000000000043752        2.0732979729531074E-003
   3.0200000000043818        1.9939067873365668E-003
   3.0400000000043885        1.9168990017880514E-003
   3.0600000000043952        1.8422546963656583E-003
   3.0800000000044019        1.7699509268690333E-003
   3.1000000000044086        1.6999619040405556E-003
   3.1200000000044152        1.6322591720405635E-003
   3.1400000000044219        1.5668117857420671E-003
   3.1600000000044286        1.5035864864123771E-003
   3.1800000000044353        1.4425478753715914E-003
   3.2000000000044420        1.3836585852408374E-003
   3.2200000000044486        1.3268794484164346E-003
   3.2400000000044553        1.2721696624296177E-003
   3.2600000000044620        1.2194869518751376E-003
   3.2800000000044687        1.1687877266157698E-003
   3.3000000000044754        1.1200272359933783E-003
   3.3200000000044820        1.0731597188007973E-003
   3.3400000000044887        1.0281385487921331E-003
   3.3600000000044954        9.8491637553218300E-004
   3.3800000000045021        9.4344526040847615E-004
   3.4000000000045087        9.0367680765176108E-004
   3.4200000000045154        8.6556229023270360E-004
   3.4400000000045221        8.2905277052394623E-004
   3.4600000000045288        7.9409921563747612E-004
   3.4800000000045355        7.6065260736746536E-004
   3.5000000000045421        7.2866404668825240E-004
   3.5200000000045488        6.9808485277600050E-004
   3.5400000000045555        6.6886665654058519E-004
   3.5600000000045622        6.4096148867165935E-004
   3.5800000000045689        6.1432186221928309E-004
   3.6000000000045755        5.8890084974524872E-004
   3.6200000000045822        5.6465215509606101E-004
   3.6400000000045889        5.4153017986254253E-004
   3.6600000000045956        5.1949008460416379E-004
   3.6800000000046023        4.9848784492845092E-004
   3.7000000000046089        4.7848030252724499E-004
   3.7200000000046156        4.5942521128203089E-004
   3.7400000000046223        4.4128127856027919E-004
   3.7600000000046290        4.2400820183343812E-004
   3.7800000000046357        4.0756670075517811E-004
   3.8000000000046423        3.9191854484555327E-004
   3.8200000000046490        3.7702657693296882E-004
   3.8400000000046557        3.6285473251131177E-004
   3.8600000000046624        3.4936805517420659E-004
   3.8800000000046690        3.3653270829225418E-004
   3.9000000000046757        3.2431598310221442E-004
   3.9200000000046824        3.1268630337952198E-004
   3.9400000000046891        3.0161322686719392E-004
   3.9600000000046958        2.9106744363527218E-004
   3.9800000000047024        2.8102077154531070E-004
   4.0000000000047091        2.7144614899423536E-004
   4.0200000000047158        2.6231762511111877E-004
   4.0400000000047225        2.5361034757909222E-004
   4.0600000000047292        2.4530054825278036E-004
   4.0800000000047358        2.3736552673933600E-004
   4.1000000000047425        2.2978363210838219E-004
   4.1200000000047492        2.2253424289302113E-004
   4.1400000000047559        2.1559774554048245E-004
   4.1600000000047626        2.0895551146712157E-004
   4.1800000000047692        2.0258987286823237E-004
   4.2000000000047759        1.9648409742865770E-004
   4.2200000000047826        1.9062236207542625E-004
   4.2400000000047893        1.8498972590867064E-004
   4.2600000000047960        1.7957210244191253E-004
   4.2800000000048026        1.7435623127748633E-004
   4.3000000000048093        1.6932964933739675E-004
   4.3200000000048160        1.6448066176434539E-004
   4.3400000000048227        1.5979831260200681E-004
   4.3600000000048293        1.5527235535793145E-004
   4.3800000000048360        1.5089322354670717E-004
   4.4000000000048427        1.4665200130527031E-004
   4.4200000000048494        1.4254039416651318E-004
   4.4400000000048561        1.3855070007163503E-004
   4.4600000000048627        1.3467578069603016E-004
   4.4800000000048694        1.3090903315791634E-004
   4.5000000000048761        1.2724436217342327E-004
   4.5200000000048828        1.2367615271644645E-004
   4.5400000000048895        1.2019924323630365E-004
   4.5600000000048961        1.1680889948107439E-004
   4.5800000000049028        1.1350078896948375E-004
   4.6000000000049095        1.1027095614934069E-004
   4.6200000000049162        1.0711579827582230E-004
   4.6400000000049229        1.0403204203837618E-004
   4.6600000000049295        1.0101672096063483E-004
   4.6800000000049362        9.8067153593570433E-005
   4.7000000000049429        9.5180922518111211E-005
   4.7200000000049496        9.2355854169640041E-005
   4.7400000000049562        8.9589999493181781E-005
   4.7600000000049629        8.6881615434663948E-005
   4.7800000000049696        8.4229147270407223E-005
   4.8000000000049763        8.1631211773981264E-005
   4.8200000000049830        7.9086581216716568E-005
   4.8400000000049896        7.6594168195527146E-005
   4.8600000000049963        7.4153011279247386E-005
   4.8800000000050030        7.1762261462426073E-005
   4.9000000000050097        6.9421169413443613E-005
   4.9200000000050164        6.7129073501928774E-005
   4.9400000000050230        6.4885388588729390E-005
   4.9600000000050297        6.2689595560158301E-005
   4.9800000000050364        6.0541231586853652E-005
   5.0000000000050431        5.8439881086384090E-005
   5.0200000000050498        5.6385167367675752E-005
   5.0400000000050564        5.4376744934431620E-005
   5.0600000000050631        5.2414292423957021E-005
   5.0800000000050698        5.0497506157181619E-005
   5.1000000000050765        4.8626094275179987E-005
   5.1200000000050832        4.6799771437128625E-005
   5.1400000000050898        4.5018254054390320E-005
   5.1600000000050965        4.3281256035282000E-005
   5.1800000000051032        4.1588485015050165E-005
   5.2000000000051099        3.9939639045650413E-005
   5.2200000000051165        3.8334403720077730E-005
   5.2400000000051232        3.6772449706244892E-005
   5.2600000000051299        3.5253430665721973E-005
   5.2800000000051366        3.3776981533042116E-005
   5.3000000000051433        3.2342717131736308E-005
   5.3200000000051499        3.0950231103775541E-005
   5.3400000000051566        2.9599095129663643E-005
   5.3600000000051633        2.8288858417042765E-005
   5.3800000000051700        2.7019047436327439E-005
   5.4000000000051767        2.5789165882573970E-005
   5.4200000000051833        2.4598694843516774E-005
   5.4400000000051900        2.3447093154450094E-005
   5.4600000000051967        2.2333797921402272E-005
   5.4800000000052034        2.1258225194835153E-005
   5.5000000000052101        2.0219770776898779E-005
   5.5200000000052167        1.9217811146077568E-005
   5.5400000000052234        1.8251704483872211E-005
   5.5600000000052301        1.7320791788973766E-005
   5.5800000000052368        1.6424398065192839E-005
   5.6000000000052435        1.5561833570209642E-005
   5.6200000000052501        1.4732395113004181E-005
   5.6400000000052568        1.3935367388608764E-005
   5.6600000000052635        1.3170024339593508E-005
   5.6800000000052702        1.2435630534449714E-005
   5.7000000000052768        1.1731442553771588E-005
   5.7200000000052835        1.1056710375854588E-005
   5.7400000000052902        1.0410678754022963E-005
   5.7600000000052969        9.7925885786750344E-006
   5.7800000000053036        9.2016782176845521E-006
   5.8000000000053102        8.6371848294224094E-006
   5.8200000000053169        8.0983456432668761E-006
   5.8400000000053236        7.5843992030441003E-006
   5.8600000000053303        7.0945865693922589E-006
   5.8800000000053370        6.6281524775661710E-006
   5.9000000000053436        6.1843464476960509E-006
   5.9200000000053503        5.7624238449846019E-006
   5.9400000000053570        5.3616468877707373E-006
   5.9600000000053637        4.9812856018059136E-006
   5.9800000000053704        4.6206187194796147E-006
   6.0000000000053770        4.2789345230974230E-006
   6.0200000000053837        3.9555316316537152E-006
   6.0400000000053904        3.6497197308577193E-006
   6.0600000000053971        3.3608202464620891E-006
   6.0800000000054037        3.0881669612105269E-006
   6.1000000000054104        2.8311065759659082E-006
   6.1200000000054171        2.5889992158024230E-006
   6.1400000000054238        2.3612188820460274E-006
   6.1600000000054305        2.1471538514282861E-006
   6.1800000000054371        1.9462070236786981E-006
   6.2000000000054438        1.7577962190226487E-006
   6.2200000000054505        1.5813544271756121E-006
   6.2400000000054572        1.4163300095306350E-006
   6.2600000000054639        1.2621868563267243E-006
   6.2800000000054705        1.1184045006603219E-006
   6.3000000000054772        9.8447819126272933E-007
   6.3200000000054839        8.5991892601327974E-007
   6.3400000000054906        7.4425344819222272E-007
   6.3600000000054973        6.3702420749960474E-007
   6.3800000000055039        5.3778928787814855E-007
   6.4000000000055106        4.4612230417913282E-007
   6.4200000000055173        3.6161226970236305E-007
   6.4400000000055240        2.8386343662488858E-007
   6.4600000000055307        2.1249511130836071E-007
   6.4800000000055373        1.4714144644402387E-007
   6.5000000000055440        8.7451211956135242E-008
   6.5200000000055507        3.3087546541434828E-008
   6.5400000000055574       -1.6272308326189474E-008
   6.5600000000055640       -6.0937290149539198E-008
   6.5800000000055707       -1.0120281120064538E-007
   6.6000000000055774       -1.3735106669229101E-007
   6.6200000000055841       -1.6965135373094446E-007
   6.6400000000055908       -1.9836039951872552E-007
   6.6600000000055974       -2.2372269733816304E-007
   6.6800000000056041       -2.4597084892148887E-007
   6.7000000000056108       -2.6532591187482182E-007
   6.7200000000056175       -2.8199775089677559E-007
   6.7400000000056242       -2.9618539160039836E-007
   6.7600000000056308       -3.0807737581653325E-007
   6.7800000000056375       -3.1785211732535336E-007
   6.8000000000056442       -3.2567825703095764E-007
   6.8200000000056509       -3.3171501666073618E-007
   6.8400000000056576       -3.3611255013726232E-007
   6.8600000000056642       -3.3901229183469831E-007
   6.8800000000056709       -3.4054730099474598E-007
   6.9000000000056776       -3.4084260163822152E-007
   6.9200000000056843       -3.4001551736768608E-007
   6.9400000000056909       -3.3817600051391609E-007
   6.9600000000056976       -3.3542695513427722E-007
   6.9800000000057043       -3.3186455342420221E-007
   7.0000000000057110       -3.2757854515400138E-007
   7.0200000000057177       -3.2265255979185485E-007
   7.0400000000057243       -3.1716440102039448E-007
   7.0600000000057310       -3.1118633339831736E-007
   7.0800000000057377       -3.0478536096043655E-007
   7.1000000000057444       -2.9802349758901924E-007
   7.1200000000057511       -2.9095802902661722E-007
   7.1400000000057577       -2.8364176643553774E-007
   7.1600000000057644       -2.7612329144191883E-007
   7.1800000000057711       -2.6844719263291512E-007
   7.2000000000057778       -2.6065429350397312E-007
   7.2200000000057845       -2.5278187187948572E-007
   7.2400000000057911       -2.4486387085443204E-007
   7.2600000000057978       -2.3693110132690801E-007
   7.2800000000058045       -2.2901143621188196E-007
   7.3000000000058112       -2.2112999644504930E-007
   7.3200000000058179       -2.1330932890245343E-007
   7.3400000000058245       -2.0556957637659826E-007
   7.3600000000058312       -1.9792863976325865E-007
   7.3800000000058379       -1.9040233262504184E-007
   7.4000000000058446       -1.8300452830820313E-007
   7.4200000000058512       -1.7574729979820030E-007
   7.4400000000058579       -1.6864105250716321E-007
   7.4600000000058646       -1.6169465019286434E-007
   7.4800000000058713       -1.5491553421405241E-007
   7.5000000000058780       -1.4830983633110152E-007
   7.5200000000058846       -1.4188248526409451E-007
   7.5400000000058913       -1.3563730722254474E-007
   7.5600000000058980       -1.2957712062225519E-007
   7.5800000000059047       -1.2370382520519819E-007
   7.6000000000059114       -1.1801848577799603E-007
   7.6200000000059180       -1.1252141078349367E-007
   7.6400000000059247       -1.0721222591828379E-007
   7.6600000000059314       -1.0208994300673888E-007
   7.6800000000059381       -9.7153024339345729E-008
   7.7000000000059448       -9.2399442679860415E-008
   7.7200000000059514       -8.7826737142128736E-008
   7.7400000000059581       -8.3432065133348675E-008
   7.7600000000059648       -7.9212250556186240E-008
   7.7800000000059715       -7.5163828457463154E-008
   7.8000000000059782       -7.1283086306249723E-008
   7.8200000000059848       -6.7566102079052867E-008
   7.8400000000059915       -6.4008779324522337E-008
   7.8600000000059982       -6.0606879374669320E-008
   7.8800000000060049       -5.7356050864059193E-008
   7.9000000000060115       -5.4251856712852078E-008
   7.9200000000060182       -5.1289798723901905E-008
   7.9400000000060249       -4.8465339938462070E-008
   7.9600000000060316       -4.5773924889366270E-008
   7.9800000000060383       -4.3210997884903325E-008
   8.0000000000060449       -4.0772019450989582E-008
   8.0200000000060516       -3.8452481053685183E-008
   8.0400000000060583       -3.6247918218619358E-008
   8.0600000000060650       -3.4153922158482516E-008
   8.0800000000060717       -3.2166150014451772E-008
   8.1000000000060783       -3.0280333812215533E-008
   8.1200000000060850       -2.8492288228197076E-008
   8.1400000000060917       -2.6797917256623100E-008
   8.1600000000060984       -2.5193219863276504E-008
   8.1800000000061051       -2.3674294707094106E-008
   8.2000000000061117       -2.2237344006241905E-008
   8.2200000000061184       -2.0878676620921476E-008
   8.2400000000061251       -1.9594710420925050E-008
   8.2600000000061318       -1.8381974001883759E-008
   8.2800000000061384       -1.7237107810226350E-008
   8.3000000000061451       -1.6156864733096868E-008
   8.3200000000061518       -1.5138110205864093E-008
   8.3400000000061585       -1.4177821886395131E-008
   8.3600000000061652       -1.3273088941953621E-008
   8.3800000000061718       -1.2421110991425532E-008
   8.4000000000061785       -1.1619196742564153E-008
   8.4200000000061852       -1.0864762361080752E-008
   8.4400000000061919       -1.0155329605685225E-008
   8.4600000000061986       -9.4885237605969738E-009
   8.4800000000062052       -8.8620713946015031E-009
   8.5000000000062119       -8.2737979734114740E-009
   8.5200000000062186       -7.7216253499071259E-009
   8.5400000000062253       -7.2035691547675294E-009
   8.5600000000062320       -6.7177361080650544E-009
   8.5800000000062386       -6.2623212705685547E-009
   8.6000000000062453       -5.8356052517895788E-009
   8.6200000000062520       -5.4359513901989612E-009
   8.6400000000062587       -5.0618029195400452E-009
   8.6600000000062654       -4.7116801337601227E-009
   8.6800000000062720       -4.3841775617745844E-009
   8.7000000000062787       -4.0779611620583513E-009
   8.7200000000062854       -3.7917655459275664E-009
   8.7400000000062921       -3.5243912373239113E-009
   8.7600000000062987       -3.2747019759414408E-009
   8.7800000000063054       -3.0416220696371105E-009
   8.8000000000063121       -2.8241338012373392E-009
   8.8200000000063188       -2.6212748940906907E-009
   8.8400000000063255       -2.4321360400163604E-009
   8.8600000000063321       -2.2558584926574159E-009
   8.8800000000063388       -2.0916317286613953E-009
   8.9000000000063455       -1.9386911785779921E-009
   8.9200000000063522       -1.7963160288782411E-009
   8.9400000000063589       -1.6638270960608178E-009
   8.9600000000063655       -1.5405847734151486E-009
   8.9800000000063722       -1.4259870506545065E-009
   9.0000000000063789       -1.3194676063135117E-009
   9.0200000000063856       -1.2204939725203499E-009
   9.0400000000063923       -1.1285657715014616E-009
   9.0600000000063989       -1.0432130229547472E-009
   9.0800000000064056       -9.6399452123216904E-010
   9.1000000000064123       -8.9049628110370590E-010
   9.1200000000064190       -8.2233005072871470E-010
   9.1400000000064257       -7.5913189033663168E-010
   9.1600000000064323       -7.0056081501445821E-010
   9.1800000000064390       -6.4629749991226298E-010
   9.2000000000064457       -5.9604304610798523E-010
   9.2200000000064524       -5.4951780531814734E-010
   9.2400000000064590       -5.0646026159986393E-010
   9.2600000000064657       -4.6662596816070302E-010
   9.2800000000064724       -4.2978653737525708E-010
   9.3000000000064791       -3.9572868209947756E-010
   9.3200000000064858       -3.6425330637503562E-010
   9.3400000000064924       -3.3517464362503232E-010
   9.3600000000064991       -3.0831944045851998E-010
   9.3800000000065058       -2.8352618422358410E-010
   9.4000000000065125       -2.6064437247645806E-010
   9.4200000000065192       -2.3953382256653207E-010
   9.4400000000065258       -2.2006401957351372E-010
   9.4600000000065325       -2.0211350087291291E-010
   9.4800000000065392       -1.8556927564865944E-010
   9.5000000000065459       -1.7032627771680415E-010
   9.5200000000065526       -1.5628685007121952E-010
   9.5400000000065592       -1.4336025961068277E-010
   9.5600000000065659       -1.3146224055632128E-010
   9.5800000000065726       -1.2051456511874276E-010
   9.6000000000065793       -1.1044464002497726E-010
   9.6200000000065859       -1.0118512756636664E-010
   9.6400000000065926       -9.2673589879452778E-011
   9.6600000000065993       -8.4852155222601922E-011
   9.6800000000066060       -7.7667205061270338E-011
   9.7000000000066127       -7.1069080824388961E-011
   9.7200000000066193       -6.5011809243113443E-011
   9.7400000000066260       -5.9452845231052709E-011
   9.7600000000066327       -5.4352831311937348E-011
   9.7800000000066394       -4.9675372646443433E-011
   9.8000000000066461       -4.5386826754430848E-011
   9.8200000000066527       -4.1456107072188556E-011
   9.8400000000066594       -3.7854499526291361E-011
   9.8600000000066661       -3.4555491346373632E-011
   9.8800000000066728       -3.1534611378446251E-011
   9.9000000000066795       -2.8769281198359229E-011
   9.9200000000066861       -2.6238676361565324E-011
   9.9400000000066928       -2.3923597160537186E-011
   9.9600000000066995       -2.1806348294983859E-011
   9.9800000000067062       -1.9870626892441299E-011
