  -10.000000000000000        3.9840290462065810E-012
  -9.9799999999999933        4.3388848796151490E-012
  -9.9599999999999866        4.7238355651912084E-012
  -9.9399999999999800        5.1412867224193701E-012
  -9.9199999999999733        5.5938222792609679E-012
  -9.8999999999999666        6.0842163679735159E-012
  -9.8799999999999599        6.6154458888717786E-012
  -9.8599999999999532        7.1907037670438956E-012
  -9.8399999999999466        7.8134129265669822E-012
  -9.8199999999999399        8.4872410060736963E-012
  -9.7999999999999332        9.2161158385752497E-012
  -9.7799999999999265        1.0004241717214810E-011
  -9.7599999999999199        1.0856116467076416E-011
  -9.7399999999999132        1.1776549341261222E-011
  -9.7199999999999065        1.2770679757135037E-011
  -9.6999999999998998        1.3843996885889880E-011
  -9.6799999999998931        1.5002360105307264E-011
  -9.6599999999998865        1.6252020321803484E-011
  -9.6399999999998798        1.7599642163413523E-011
  -9.6199999999998731        1.9052327040278084E-011
  -9.5999999999998664        2.0617637063350514E-011
  -9.5799999999998597        2.2303619805376353E-011
  -9.5599999999998531        2.4118833880625432E-011
  -9.5399999999998464        2.6072375311292109E-011
  -9.5199999999998397        2.8173904638818019E-011
  -9.4999999999998330        3.0433674727543832E-011
  -9.4799999999998263        3.2862559195932754E-011
  -9.4599999999998197        3.5472081397018603E-011
  -9.4399999999998130        3.8274443854585171E-011
  -9.4199999999998063        4.1282558044726375E-011
  -9.3999999999997996        4.4510074393743265E-011
  -9.3799999999997929        4.7971412342604223E-011
  -9.3599999999997863        5.1681790305298382E-011
  -9.3399999999997796        5.5657255323118283E-011
  -9.3199999999997729        5.9914712189049424E-011
  -9.2999999999997662        6.4471951785777373E-011
  -9.2799999999997596        6.9347678347149507E-011
  -9.2599999999997529        7.4561535315962392E-011
  -9.2399999999997462        8.0134129430457512E-011
  -9.2199999999997395        8.6087052627586973E-011
  -9.1999999999997328        9.2442901302693918E-011
  -9.1799999999997262        9.9225292412359448E-011
  -9.1599999999997195        1.0645887584952046E-010
  -9.1399999999997128        1.1416934245714815E-010
  -9.1199999999997061        1.2238342697843389E-010
  -9.0999999999996994        1.3112890516712737E-010
  -9.0799999999996928        1.4043458420098696E-010
  -9.0599999999996861        1.5033028545373779E-010
  -9.0399999999996794        1.6084681858606458E-010
  -9.0199999999996727        1.7201594581334410E-010
  -8.9999999999996660        1.8387033509663980E-010
  -8.9799999999996594        1.9644350088320757E-010
  -8.9599999999996527        2.0976973089289962E-010
  -8.9399999999996460        2.2388399730658545E-010
  -8.9199999999996393        2.3882185056157967E-010
  -8.8999999999996326        2.5461929379598326E-010
  -8.8799999999996260        2.7131263580844665E-010
  -8.8599999999996193        2.8893832021095877E-010
  -8.8399999999996126        3.0753272824921049E-010
  -8.8199999999996059        3.2713195254691381E-010
  -8.7999999999995993        3.4777153879615521E-010
  -8.7799999999995926        3.6948619216450550E-010
  -8.7599999999995859        3.9230944492008952E-010
  -8.7399999999995792        4.1627328148698566E-010
  -8.7199999999995725        4.4140771683419379E-010
  -8.6999999999995659        4.6774032377037036E-010
  -8.6799999999995592        4.9529570436287016E-010
  -8.6599999999995525        5.2409490032140517E-010
  -8.6399999999995458        5.5415473678289547E-010
  -8.6199999999995391        5.8548709350312145E-010
  -8.5999999999995325        6.1809809700121063E-010
  -8.5799999999995258        6.5198722671301586E-010
  -8.5599999999995191        6.8714632768770060E-010
  -8.5399999999995124        7.2355852180632408E-010
  -8.5199999999995057        7.6119700891020178E-010
  -8.4999999999994991        8.0002374859861578E-010
  -8.4799999999994924        8.3998801278783011E-010
  -8.4599999999994857        8.8102479841445410E-010
  -8.4399999999994790        9.2305308891411901E-010
  -8.4199999999994724        9.6597395230846416E-010
  -8.3999999999994657        1.0096684628881332E-009
  -8.3799999999994590        1.0539954325836637E-009
  -8.3599999999994523        1.0987889371684296E-009
  -8.3399999999994456        1.1438556214345853E-009
  -8.3199999999994390        1.1889717664229876E-009
  -8.2999999999994323        1.2338801006676050E-009
  -8.2799999999994256        1.2782863362322270E-009
  -8.2599999999994189        1.3218554090688614E-009
  -8.2399999999994122        1.3642074019113178E-009
  -8.2199999999994056        1.4049131265296675E-009
  -8.1999999999993989        1.4434893407108218E-009
  -8.1799999999993922        1.4793935737921452E-009
  -8.1599999999993855        1.5120185329578556E-009
  -8.1399999999993788        1.5406860608073545E-009
  -8.1199999999993722        1.5646406129187365E-009
  -8.0999999999993655        1.5830422222554265E-009
  -8.0799999999993588        1.5949589152972377E-009
  -8.0599999999993521        1.5993585427143874E-009
  -8.0399999999993454        1.5950999852433289E-009
  -8.0199999999993388        1.5809236931608354E-009
  -7.9999999999993321        1.5554415153868786E-009
  -7.9799999999993254        1.5171257717732024E-009
  -7.9599999999993187        1.4642975195499272E-009
  -7.9399999999993121        1.3951139622049320E-009
  -7.9199999999993054        1.3075549462567156E-009
  -7.8999999999992987        1.1994084884475367E-009
  -7.8799999999992920        1.0682552728289931E-009
  -7.8599999999992853        9.1145205403163645E-010
  -7.8399999999992787        7.2611389970396518E-010
  -7.8199999999992720        5.0909520166948007E-010
  -7.7999999999992653        2.5696938178356309E-010
  -7.7799999999992586       -3.3992785229505431E-011
  -7.7599999999992519       -3.6784631351428493E-010
  -7.7399999999992453       -7.4899669792397972E-010
  -7.7199999999992386       -1.1822262455997058E-009
  -7.6999999999992319       -1.6727221411738963E-009
  -7.6799999999992252       -2.2261063438706417E-009
  -7.6599999999992185       -2.8484674193008238E-009
  -7.6399999999992119       -3.5463944134157557E-009
  -7.6199999999992052       -4.3270128808847523E-009
  -7.5999999999991985       -5.1980231851033784E-009
  -7.5799999999991918       -6.1677411921126521E-009
  -7.5599999999991851       -7.2451414859187664E-009
  -7.5399999999991785       -8.4399032380403609E-009
  -7.5199999999991718       -9.7624588695761555E-009
  -7.4999999999991651       -1.1224045649672267E-008
  -7.4799999999991584       -1.2836760379976603E-008
  -7.4599999999991518       -1.4613617320481928E-008
  -7.4399999999991451       -1.6568609518087962E-008
  -7.4199999999991384       -1.8716773705231259E-008
  -7.3999999999991317       -2.1074258942048577E-008
  -7.3799999999991250       -2.3658399181732475E-008
  -7.3599999999991184       -2.6487789945007191E-008
  -7.3399999999991117       -2.9582369295978125E-008
  -7.3199999999991050       -3.2963503317988173E-008
  -7.2999999999990983       -3.6654076294521816E-008
  -7.2799999999990916       -4.0678585806635047E-008
  -7.2599999999990850       -4.5063242964825037E-008
  -7.2399999999990783       -4.9836077999680128E-008
  -7.2199999999990716       -5.5027051442049217E-008
  -7.1999999999990649       -6.0668171129814836E-008
  -7.1799999999990582       -6.6793615284634691E-008
  -7.1599999999990516       -7.3439861908197620E-008
  -7.1399999999990449       -8.0645824753607228E-008
  -7.1199999999990382       -8.8452996133435473E-008
  -7.0999999999990315       -9.6905596831738521E-008
  -7.0799999999990249       -1.0605073339288916E-007
  -7.0599999999990182       -1.1593856306540479E-007
  -7.0399999999990115       -1.2662246668402212E-007
  -7.0199999999990048       -1.3815922977803912E-007
  -6.9999999999989981       -1.5060923219839559E-007
  -6.9799999999989915       -1.6403664656002749E-007
  -6.9599999999989848       -1.7850964579972320E-007
  -6.9399999999989781       -1.9410062015290437E-007
  -6.9199999999989714       -2.1088640385552284E-007
  -6.8999999999989647       -2.2894851187943542E-007
  -6.8799999999989581       -2.4837338701126591E-007
  -6.8599999999989514       -2.6925265758574209E-007
  -6.8399999999989447       -2.9168340618482534E-007
  -6.8199999999989380       -3.1576844961353790E-007
  -6.7999999999989313       -3.4161663046220562E-007
  -6.7799999999989247       -3.6934312056281849E-007
  -6.7599999999989180       -3.9906973664428220E-007
  -6.7399999999989113       -4.3092526848750716E-007
  -6.7199999999989046       -4.6504581987637546E-007
  -6.6999999999988979       -5.0157516263475230E-007
  -6.6799999999988913       -5.4066510403260781E-007
  -6.6599999999988846       -5.8247586783609167E-007
  -6.6399999999988779       -6.2717648926694895E-007
  -6.6199999999988712       -6.7494522412578877E-007
  -6.5999999999988646       -7.2596997232162904E-007
  -6.5799999999988579       -7.8044871603645299E-007
  -6.5599999999988512       -8.3858997273843395E-007
  -6.5399999999988445       -9.0061326324075667E-007
  -6.5199999999988378       -9.6674959498468629E-007
  -6.4999999999988312       -1.0372419607054871E-006
  -6.4799999999988245       -1.1123458526179887E-006
  -6.4599999999988178       -1.1923297922350623E-006
  -6.4399999999988111       -1.2774758759067300E-006
  -6.4199999999988044       -1.3680803361402387E-006
  -6.3999999999987978       -1.4644541187319999E-006
  -6.3799999999987911       -1.5669234757107901E-006
  -6.3599999999987844       -1.6758305740581298E-006
  -6.3399999999987777       -1.7915341201358986E-006
  -6.3199999999987710       -1.9144099997134091E-006
  -6.2999999999987644       -2.0448519334459257E-006
  -6.2799999999987577       -2.1832721476141923E-006
  -6.2599999999987510       -2.3301020598897949E-006
  -6.2399999999987443       -2.4857929798439015E-006
  -6.2199999999987376       -2.6508168238677042E-006
  -6.1999999999987310       -2.8256668441207555E-006
  -6.1799999999987243       -3.0108583710692989E-006
  -6.1599999999987176       -3.2069295691198587E-006
  -6.1399999999987109       -3.4144422047944928E-006
  -6.1199999999987043       -3.6339824268323541E-006
  -6.0999999999986976       -3.8661615575386042E-006
  -6.0799999999986909       -4.1116168946354189E-006
  -6.0599999999986842       -4.3710125228012335E-006
  -6.0399999999986775       -4.6450401340137208E-006
  -6.0199999999986709       -4.9344198557389671E-006
  -5.9999999999986642       -5.2399010859339233E-006
  -5.9799999999986575       -5.5622633337523744E-006
  -5.9599999999986508       -5.9023170647650193E-006
  -5.9399999999986441       -6.2609045494233843E-006
  -5.9199999999986375       -6.6389007134141758E-006
  -5.8999999999986308       -7.0372139884664751E-006
  -5.8799999999986241       -7.4567871620873199E-006
  -5.8599999999986174       -7.8985982246146609E-006
  -5.8399999999986107       -8.3636612118871392E-006
  -5.8199999999986041       -8.8530270417408895E-006
  -5.7999999999985974       -9.3677843424525524E-006
  -5.7799999999985907       -9.9090602711569748E-006
  -5.7599999999985840       -1.0478021320175467E-005
  -5.7399999999985774       -1.1075874109099504E-005
  -5.7199999999985707       -1.1703866160382084E-005
  -5.6999999999985640       -1.2363286656097937E-005
  -5.6799999999985573       -1.3055467173442439E-005
  -5.6599999999985506       -1.3781782396448765E-005
  -5.6399999999985440       -1.4543650801314272E-005
  -5.6199999999985373       -1.5342535312639065E-005
  -5.5999999999985306       -1.6179943927794603E-005
  -5.5799999999985239       -1.7057430306555602E-005
  -5.5599999999985172       -1.7976594323048524E-005
  -5.5399999999985106       -1.8939082576991034E-005
  -5.5199999999985039       -1.9946588861122331E-005
  -5.4999999999984972       -2.1000854581652045E-005
  -5.4799999999984905       -2.2103669128489530E-005
  -5.4599999999984838       -2.3256870191951427E-005
  -5.4399999999984772       -2.4462344022587629E-005
  -5.4199999999984705       -2.5722025630713889E-005
  -5.3999999999984638       -2.7037898922191206E-005
  -5.3799999999984571       -2.8411996766952552E-005
  -5.3599999999984504       -2.9846400996742991E-005
  -5.3399999999984438       -3.1343242328510870E-005
  -5.3199999999984371       -3.2904700209871674E-005
  -5.2999999999984304       -3.4533002583050259E-005
  -5.2799999999984237       -3.6230425563706748E-005
  -5.2599999999984171       -3.7999293031057223E-005
  -5.2399999999984104       -3.9841976125713035E-005
  -5.2199999999984037       -4.1760892651689721E-005
  -5.1999999999983970       -4.3758506379069505E-005
  -5.1799999999983903       -4.5837326243848175E-005
  -5.1599999999983837       -4.7999905441551880E-005
  -5.1399999999983770       -5.0248840411278401E-005
  -5.1199999999983703       -5.2586769706895965E-005
  -5.0999999999983636       -5.5016372752224056E-005
  -5.0799999999983569       -5.7540368477125326E-005
  -5.0599999999983503       -6.0161513831552524E-005
  -5.0399999999983436       -6.2882602174725379E-005
  -5.0199999999983369       -6.5706461536753339E-005
  -4.9999999999983302       -6.8635952750178606E-005
  -4.9799999999983235       -7.1673967449079415E-005
  -4.9599999999983169       -7.4823425933561856E-005
  -4.9399999999983102       -7.8087274897661681E-005
  -4.9199999999983035       -8.1468485018890258E-005
  -4.8999999999982968       -8.4970048407886635E-005
  -4.8799999999982901       -8.8594975916869519E-005
  -4.8599999999982835       -9.2346294305847596E-005
  -4.8399999999982768       -9.6227043265800609E-005
  -4.8199999999982701       -1.0024027229833513E-004
  -4.7999999999982634       -1.0438903745160655E-004
  -4.7799999999982568       -1.0867639791260892E-004
  -4.7599999999982501       -1.1310541245625418E-004
  -4.7399999999982434       -1.1767913575199314E-004
  -4.7199999999982367       -1.2240061452908031E-004
  -4.6999999999982300       -1.2727288360193532E-004
  -4.6799999999982234       -1.3229896175742599E-004
  -4.6599999999982167       -1.3748184750627334E-004
  -4.6399999999982100       -1.4282451470116952E-004
  -4.6199999999982033       -1.4832990802459518E-004
  -4.5999999999981966       -1.5400093834972719E-004
  -4.5799999999981900       -1.5984047797824470E-004
  -4.5599999999981833       -1.6585135575925654E-004
  -4.5399999999981766       -1.7203635209400099E-004
  -4.5199999999981699       -1.7839819383139960E-004
  -4.4999999999981632       -1.8493954905997653E-004
  -4.4799999999981566       -1.9166302180209535E-004
  -4.4599999999981499       -1.9857114661689878E-004
  -4.4399999999981432       -2.0566638311877658E-004
  -4.4199999999981365       -2.1295111041862066E-004
  -4.3999999999981299       -2.2042762149555902E-004
  -4.3799999999981232       -2.2809811750729560E-004
  -4.3599999999981165       -2.3596470204759559E-004
  -4.3399999999981098       -2.4402937535988282E-004
  -4.3199999999981031       -2.5229402851632100E-004
  -4.2999999999980965       -2.6076043757214390E-004
  -4.2799999999980898       -2.6943025770539790E-004
  -4.2599999999980831       -2.7830501735262028E-004
  -4.2399999999980764       -2.8738611235135119E-004
  -4.2199999999980697       -2.9667480010070268E-004
  -4.1999999999980631       -3.0617219375155550E-004
  -4.1799999999980564       -3.1587925643823586E-004
  -4.1599999999980497       -3.2579679556382976E-004
  -4.1399999999980430       -3.3592545715154545E-004
  -4.1199999999980363       -3.4626572027476892E-004
  -4.0999999999980297       -3.5681789157868176E-004
  -4.0799999999980230       -3.6758209990648237E-004
  -4.0599999999980163       -3.7855829104342008E-004
  -4.0399999999980096       -3.8974622259196792E-004
  -4.0199999999980029       -4.0114545899156638E-004
  -3.9999999999979963       -4.1275536669641623E-004
  -3.9799999999979896       -4.2457510952484618E-004
  -3.9599999999979829       -4.3660364419376060E-004
  -3.9399999999979762       -4.4883971605163246E-004
  -3.9199999999979696       -4.6128185502342843E-004
  -3.8999999999979629       -4.7392837178073449E-004
  -3.8799999999979562       -4.8677735415018837E-004
  -3.8599999999979495       -4.9982666377313550E-004
  -3.8399999999979428       -5.1307393302917742E-004
  -3.8199999999979362       -5.2651656223601153E-004
  -3.7999999999979295       -5.4015171713764430E-004
  -3.7799999999979228       -5.5397632669268199E-004
  -3.7599999999979161       -5.6798708117402350E-004
  -3.7399999999979094       -5.8218043059082110E-004
  -3.7199999999979028       -5.9655258344309351E-004
  -3.6999999999978961       -6.1109950581885581E-004
  -3.6799999999978894       -6.2581692084305476E-004
  -3.6599999999978827       -6.4070030848700429E-004
  -3.6399999999978760       -6.5574490574636234E-004
  -3.6199999999978694       -6.7094570719501180E-004
  -3.5999999999978627       -6.8629746592148910E-004
  -3.5799999999978560       -7.0179469485385658E-004
  -3.5599999999978493       -7.1743166847810548E-004
  -3.5399999999978427       -7.3320242495438198E-004
  -3.5199999999978360       -7.4910076863446342E-004
  -3.4999999999978293       -7.6512027298302474E-004
  -3.4799999999978226       -7.8125428390434491E-004
  -3.4599999999978159       -7.9749592347516586E-004
  -3.4399999999978093       -8.1383809408343928E-004
  -3.4199999999978026       -8.3027348297178049E-004
  -3.3999999999977959       -8.4679456718338066E-004
  -3.3799999999977892       -8.6339361890720094E-004
  -3.3599999999977825       -8.8006271121819461E-004
  -3.3399999999977759       -8.9679372420731695E-004
  -3.3199999999977692       -9.1357835149503898E-004
  -3.2999999999977625       -9.3040810712104855E-004
  -3.2799999999977558       -9.4727433280178712E-004
  -3.2599999999977491       -9.6416820554646283E-004
  -3.2399999999977425       -9.8108074562113434E-004
  -3.2199999999977358       -9.9800282484947453E-004
  -3.1999999999977291       -1.0149251752378163E-003
  -3.1799999999977224       -1.0318383979111207E-003
  -3.1599999999977157       -1.0487329723455399E-003
  -3.1399999999977091       -1.0655992658823265E-003
  -3.1199999999977024       -1.0824275435069475E-003
  -3.0999999999976957       -1.0992079778763891E-003
  -3.0799999999976890       -1.1159306595767988E-003
  -3.0599999999976824       -1.1325856075928337E-003
  -3.0399999999976757       -1.1491627799693261E-003
  -3.0199999999976690       -1.1656520846451753E-003
  -2.9999999999976623       -1.1820433904387174E-003
  -2.9799999999976556       -1.1983265381632158E-003
  -2.9599999999976490       -1.2144913518505815E-003
  -2.9399999999976423       -1.2305276500609219E-003
  -2.9199999999976356       -1.2464252572550931E-003
  -2.8999999999976289       -1.2621740152070540E-003
  -2.8799999999976222       -1.2777637944325407E-003
  -2.8599999999976156       -1.2931845056102791E-003
  -2.8399999999976089       -1.3084261109718690E-003
  -2.8199999999976022       -1.3234786356362822E-003
  -2.7999999999975955       -1.3383321788649572E-003
  -2.7799999999975888       -1.3529769252134756E-003
  -2.7599999999975822       -1.3674031555559248E-003
  -2.7399999999975755       -1.3816012579582629E-003
  -2.7199999999975688       -1.3955617383772240E-003
  -2.6999999999975621       -1.4092752311616987E-003
  -2.6799999999975554       -1.4227325093338430E-003
  -2.6599999999975488       -1.4359244946277768E-003
  -2.6399999999975421       -1.4488422672641610E-003
  -2.6199999999975354       -1.4614770754396743E-003
  -2.5999999999975287       -1.4738203445110317E-003
  -2.5799999999975221       -1.4858636858540236E-003
  -2.5599999999975154       -1.4975989053788124E-003
  -2.5399999999975087       -1.5090180116836994E-003
  -2.5199999999975020       -1.5201132238304689E-003
  -2.4999999999974953       -1.5308769787254722E-003
  -2.4799999999974887       -1.5413019380916845E-003
  -2.4599999999974820       -1.5513809950180877E-003
  -2.4399999999974753       -1.5611072800739119E-003
  -2.4199999999974686       -1.5704741669764961E-003
  -2.3999999999974619       -1.5794752778027971E-003
  -2.3799999999974553       -1.5881044877358523E-003
  -2.3599999999974486       -1.5963559293388939E-003
  -2.3399999999974419       -1.6042239963510992E-003
  -2.3199999999974352       -1.6117033470004227E-003
  -2.2999999999974285       -1.6187889068303167E-003
  -2.2799999999974219       -1.6254758710385860E-003
  -2.2599999999974152       -1.6317597063280557E-003
  -2.2399999999974085       -1.6376361522701577E-003
  -2.2199999999974018       -1.6431012221839649E-003
  -2.1999999999973952       -1.6481512035346614E-003
  -2.1799999999973885       -1.6527826578568135E-003
  -2.1599999999973818       -1.6569924202092282E-003
  -2.1399999999973751       -1.6607775981695365E-003
  -2.1199999999973684       -1.6641355703780258E-003
  -2.0999999999973618       -1.6670639846415049E-003
  -2.0799999999973551       -1.6695607556092978E-003
  -2.0599999999973484       -1.6716240620346960E-003
  -2.0399999999973417       -1.6732523436363521E-003
  -2.0199999999973350       -1.6744442975752585E-003
  -1.9999999999973281       -1.6751988745640134E-003
  -1.9799999999973212       -1.6755152746260992E-003
  -1.9599999999973143       -1.6753929425238352E-003
  -1.9399999999973074       -1.6748315628745483E-003
  -1.9199999999973005       -1.6738310549753120E-003
  -1.8999999999972936       -1.6723915673573400E-003
  -1.8799999999972867       -1.6705134720917390E-003
  -1.8599999999972798       -1.6681973588689395E-003
  -1.8399999999972729       -1.6654440288745688E-003
  -1.8199999999972660       -1.6622544884849306E-003
  -1.7999999999972591       -1.6586299428056029E-003
  -1.7799999999972522       -1.6545717890768235E-003
  -1.7599999999972453       -1.6500816099695105E-003
  -1.7399999999972384       -1.6451611667957810E-003
  -1.7199999999972315       -1.6398123926577926E-003
  -1.6999999999972246       -1.6340373855585674E-003
  -1.6799999999972177       -1.6278384014982439E-003
  -1.6599999999972108       -1.6212178475788646E-003
  -1.6399999999972039       -1.6141782751404245E-003
  -1.6199999999971970       -1.6067223729503532E-003
  -1.5999999999971901       -1.5988529604680835E-003
  -1.5799999999971832       -1.5905729812056609E-003
  -1.5599999999971763       -1.5818854962046066E-003
  -1.5399999999971694       -1.5727936776484565E-003
  -1.5199999999971625       -1.5633008026294654E-003
  -1.4999999999971556       -1.5534102470870651E-003
  -1.4799999999971487       -1.5431254799345832E-003
  -1.4599999999971418       -1.5324500573897074E-003
  -1.4399999999971349       -1.5213876175229927E-003
  -1.4199999999971280       -1.5099418750375686E-003
  -1.3999999999971211       -1.4981166162919431E-003
  -1.3799999999971142       -1.4859156945765466E-003
  -1.3599999999971073       -1.4733430256533523E-003
  -1.3399999999971004       -1.4604025835665937E-003
  -1.3199999999970935       -1.4470983967312145E-003
  -1.2999999999970866       -1.4334345443043650E-003
  -1.2799999999970797       -1.4194151528438507E-003
  -1.2599999999970728       -1.4050443932560610E-003
  -1.2399999999970659       -1.3903264780345526E-003
  -1.2199999999970590       -1.3752656587890546E-003
  -1.1999999999970521       -1.3598662240633529E-003
  -1.1799999999970452       -1.3441324974391344E-003
  -1.1599999999970383       -1.3280688359216101E-003
  -1.1399999999970314       -1.3116796286014103E-003
  -1.1199999999970245       -1.2949692955860701E-003
  -1.0999999999970176       -1.2779422871931783E-003
  -1.0799999999970107       -1.2606030833961562E-003
  -1.0599999999970038       -1.2429561935125245E-003
  -1.0399999999969969       -1.2250061561235024E-003
  -1.0199999999969900       -1.2067575392128035E-003
 -0.99999999999698319       -1.1882149405116026E-003
 -0.97999999999697640       -1.1693829880358307E-003
 -0.95999999999696961       -1.1502663408011762E-003
 -0.93999999999696282       -1.1308696897005342E-003
 -0.91999999999695603       -1.1111977585280203E-003
 -0.89999999999694924       -1.0912553051331880E-003
 -0.87999999999694245       -1.0710471226886373E-003
 -0.85999999999693566       -1.0505780410538920E-003
 -0.83999999999692887       -1.0298529282181520E-003
 -0.81999999999692208       -1.0088766918044121E-003
 -0.79999999999691529       -9.8765428061730275E-004
 -0.77999999999690850       -9.6619068621710204E-004
 -0.75999999999690171       -9.4449094450243230E-004
 -0.73999999999689492       -9.2256013728436335E-004
 -0.71999999999688813       -9.0040339383494559E-004
 -0.69999999999688134       -8.7802589239354258E-004
 -0.67999999999687455       -8.5543286161479562E-004
 -0.65999999999686776       -8.3262958194259111E-004
 -0.63999999999686097       -8.0962138689499863E-004
 -0.61999999999685418       -7.8641366424583034E-004
 -0.59999999999684739       -7.6301185708924145E-004
 -0.57999999999684060       -7.3942146477457764E-004
 -0.55999999999683381       -7.1564804369957926E-004
 -0.53999999999682702       -6.9169720795098425E-004
 -0.51999999999682023       -6.6757462978253709E-004
 -0.49999999999681344       -6.4328603992146432E-004
 -0.47999999999680665       -6.1883722769554743E-004
 -0.45999999999679986       -5.9423404097400730E-004
 -0.43999999999679307       -5.6948238591659497E-004
 -0.41999999999678628       -5.4458822652638851E-004
 -0.39999999999677949       -5.1955758400302468E-004
 -0.37999999999677270       -4.9439653589423689E-004
 -0.35999999999676591       -4.6911121504479694E-004
 -0.33999999999675912       -4.4370780834312388E-004
 -0.31999999999675233       -4.1819255526702042E-004
 -0.29999999999674554       -3.9257174623115356E-004
 -0.27999999999673875       -3.6685172074005955E-004
 -0.25999999999673196       -3.4103886535155479E-004
 -0.23999999999672514       -3.1513961145654466E-004
 -0.21999999999671832       -2.8916043288225999E-004
 -0.19999999999671150       -2.6310784332696311E-004
 -0.17999999999670468       -2.3698839363513386E-004
 -0.15999999999669787       -2.1080866892304428E-004
 -0.13999999999669105       -1.8457528556547998E-004
 -0.11999999999668425       -1.5829488805516265E-004
  -9.9999999996677441E-002  -1.3197414574713789E-004
  -7.9999999996670637E-002  -1.0561974950104691E-004
  -5.9999999996663833E-002  -7.9238408234779412E-005
  -3.9999999996657029E-002  -5.2836845403499369E-005
  -1.9999999996650222E-002  -2.6421795418459732E-005
   3.3565858426065631E-012  -2.0360442602255249E-014
   2.0000000003363393E-002   2.6421795377741829E-005
   4.0000000003370201E-002   5.2836845362790376E-005
   6.0000000003377005E-002   7.9238408194085361E-005
   8.0000000003383809E-002   1.0561974946037361E-004
  0.10000000000339061        1.3197414570649137E-004
  0.12000000000339742        1.5829488801454890E-004
  0.14000000000340423        1.8457528552490472E-004
  0.16000000000341105        2.1080866888251355E-004
  0.18000000000341787        2.3698839359465385E-004
  0.20000000000342469        2.6310784328653934E-004
  0.22000000000343151        2.8916043284189856E-004
  0.24000000000343832        3.1513961141625170E-004
  0.26000000000344514        3.4103886531133555E-004
  0.28000000000345193        3.6685172069992022E-004
  0.30000000000345872        3.9257174619110005E-004
  0.32000000000346551        4.1819255522705851E-004
  0.34000000000347230        4.4370780830325918E-004
  0.36000000000347909        4.6911121500503545E-004
  0.38000000000348588        4.9439653585458469E-004
  0.40000000000349267        5.1955758396348718E-004
  0.42000000000349946        5.4458822648697147E-004
  0.44000000000350625        5.6948238587730402E-004
  0.46000000000351304        5.9423404093484798E-004
  0.48000000000351983        6.1883722765652548E-004
  0.50000000000352662        6.4328603988258570E-004
  0.52000000000353341        6.6757462974380668E-004
  0.54000000000354020        6.9169720791240779E-004
  0.56000000000354699        7.1564804366116229E-004
  0.58000000000355378        7.3942146473632557E-004
  0.60000000000356057        7.6301185705116026E-004
  0.62000000000356736        7.8641366420792393E-004
  0.64000000000357415        8.0962138685727284E-004
  0.66000000000358094        8.3262958190505158E-004
  0.68000000000358773        8.5543286157744659E-004
  0.70000000000359452        8.7802589235638914E-004
  0.72000000000360131        9.0040339379799360E-004
  0.74000000000360810        9.2256013724761649E-004
  0.76000000000361490        9.4449094446589566E-004
  0.78000000000362169        9.6619068618078170E-004
  0.80000000000362848        9.8765428058120099E-004
  0.82000000000363527        1.0088766917685347E-003
  0.84000000000364206        1.0298529281825028E-003
  0.86000000000364885        1.0505780410184750E-003
  0.88000000000365564        1.0710471226534587E-003
  0.90000000000366243        1.0912553050982507E-003
  0.92000000000366922        1.1111977584933265E-003
  0.94000000000367601        1.1308696896660904E-003
  0.96000000000368280        1.1502663407669850E-003
  0.98000000000368959        1.1693829880018954E-003
   1.0000000000036964        1.1882149404779275E-003
   1.0200000000037033        1.2067575391793903E-003
   1.0400000000037102        1.2250061560903560E-003
   1.0600000000037171        1.2429561934796456E-003
   1.0800000000037240        1.2606030833635495E-003
   1.1000000000037309        1.2779422871608455E-003
   1.1200000000037378        1.2949692955540146E-003
   1.1400000000037447        1.3116796285696345E-003
   1.1600000000037516        1.3280688358901164E-003
   1.1800000000037585        1.3441324974079248E-003
   1.2000000000037654        1.3598662240324275E-003
   1.2200000000037723        1.3752656587584168E-003
   1.2400000000037792        1.3903264780042038E-003
   1.2600000000037861        1.4050443932260034E-003
   1.2800000000037930        1.4194151528140839E-003
   1.3000000000037999        1.4334345442748918E-003
   1.3200000000038068        1.4470983967020349E-003
   1.3400000000038137        1.4604025835377084E-003
   1.3600000000038206        1.4733430256247625E-003
   1.3800000000038275        1.4859156945482527E-003
   1.4000000000038344        1.4981166162639453E-003
   1.4200000000038413        1.5099418750098670E-003
   1.4400000000038482        1.5213876174955876E-003
   1.4600000000038551        1.5324500573625983E-003
   1.4800000000038620        1.5431254799077696E-003
   1.5000000000038689        1.5534102470605464E-003
   1.5200000000038758        1.5633008026032416E-003
   1.5400000000038827        1.5727936776225267E-003
   1.5600000000038896        1.5818854961789706E-003
   1.5800000000038965        1.5905729811803155E-003
   1.6000000000039034        1.5988529604430300E-003
   1.6200000000039103        1.6067223729255887E-003
   1.6400000000039172        1.6141782751159482E-003
   1.6600000000039241        1.6212178475546752E-003
   1.6800000000039310        1.6278384014743374E-003
   1.7000000000039379        1.6340373855349450E-003
   1.7200000000039448        1.6398123926344513E-003
   1.7400000000039517        1.6451611667727185E-003
   1.7600000000039586        1.6500816099467238E-003
   1.7800000000039655        1.6545717890543124E-003
   1.8000000000039724        1.6586299427833642E-003
   1.8200000000039793        1.6622544884629614E-003
   1.8400000000039862        1.6654440288528666E-003
   1.8600000000039931        1.6681973588475035E-003
   1.8800000000040000        1.6705134720705643E-003
   1.9000000000040069        1.6723915673364247E-003
   1.9200000000040138        1.6738310549546536E-003
   1.9400000000040207        1.6748315628541427E-003
   1.9600000000040276        1.6753929425036809E-003
   1.9800000000040345        1.6755152746061937E-003
   2.0000000000040412        1.6751988745443524E-003
   2.0200000000040479        1.6744442975558398E-003
   2.0400000000040546        1.6732523436171730E-003
   2.0600000000040612        1.6716240620157524E-003
   2.0800000000040679        1.6695607555905871E-003
   2.1000000000040746        1.6670639846230251E-003
   2.1200000000040813        1.6641355703597733E-003
   2.1400000000040880        1.6607775981515079E-003
   2.1600000000040946        1.6569924201914204E-003
   2.1800000000041013        1.6527826578392241E-003
   2.2000000000041080        1.6481512035172866E-003
   2.2200000000041147        1.6431012221668024E-003
   2.2400000000041214        1.6376361522532044E-003
   2.2600000000041280        1.6317597063113089E-003
   2.2800000000041347        1.6254758710220404E-003
   2.3000000000041414        1.6187889068139721E-003
   2.3200000000041481        1.6117033469842759E-003
   2.3400000000041548        1.6042239963351471E-003
   2.3600000000041614        1.5963559293231339E-003
   2.3800000000041681        1.5881044877202816E-003
   2.4000000000041748        1.5794752777874121E-003
   2.4200000000041815        1.5704741669612967E-003
   2.4400000000041882        1.5611072800588938E-003
   2.4600000000041948        1.5513809950032482E-003
   2.4800000000042015        1.5413019380770220E-003
   2.5000000000042082        1.5308769787109829E-003
   2.5200000000042149        1.5201132238161518E-003
   2.5400000000042215        1.5090180116695529E-003
   2.5600000000042282        1.4975989053648323E-003
   2.5800000000042349        1.4858636858402091E-003
   2.6000000000042416        1.4738203444973814E-003
   2.6200000000042483        1.4614770754261845E-003
   2.6400000000042549        1.4488422672508305E-003
   2.6600000000042616        1.4359244946146031E-003
   2.6800000000042683        1.4227325093208259E-003
   2.7000000000042750        1.4092752311488355E-003
   2.7200000000042817        1.3955617383645154E-003
   2.7400000000042883        1.3816012579457029E-003
   2.7600000000042950        1.3674031555435159E-003
   2.7800000000043017        1.3529769252012148E-003
   2.8000000000043084        1.3383321788528436E-003
   2.8200000000043151        1.3234786356243133E-003
   2.8400000000043217        1.3084261109600444E-003
   2.8600000000043284        1.2931845055985981E-003
   2.8800000000043351        1.2777637944210007E-003
   2.9000000000043418        1.2621740151956551E-003
   2.9200000000043485        1.2464252572438334E-003
   2.9400000000043551        1.2305276500498017E-003
   2.9600000000043618        1.2144913518395996E-003
   2.9800000000043685        1.1983265381523705E-003
   3.0000000000043752        1.1820433904280081E-003
   3.0200000000043818        1.1656520846346019E-003
   3.0400000000043885        1.1491627799588866E-003
   3.0600000000043952        1.1325856075825285E-003
   3.0800000000044019        1.1159306595666274E-003
   3.1000000000044086        1.0992079778663504E-003
   3.1200000000044152        1.0824275434970409E-003
   3.1400000000044219        1.0655992658725505E-003
   3.1600000000044286        1.0487329723358951E-003
   3.1800000000044353        1.0318383979016064E-003
   3.2000000000044420        1.0149251752284310E-003
   3.2200000000044486        9.9800282484021935E-004
   3.2400000000044553        9.8108074561200774E-004
   3.2600000000044620        9.6416820553746406E-004
   3.2800000000044687        9.4727433279291574E-004
   3.3000000000044754        9.3040810711230457E-004
   3.3200000000044820        9.1357835148642250E-004
   3.3400000000044887        8.9679372419882656E-004
   3.3600000000044954        8.8006271120983043E-004
   3.3800000000045021        8.6339361889896220E-004
   3.4000000000045087        8.4679456717526693E-004
   3.4200000000045154        8.3027348296379068E-004
   3.4400000000045221        8.1383809407557458E-004
   3.4600000000045288        7.9749592346742390E-004
   3.4800000000045355        7.8125428389672752E-004
   3.5000000000045421        7.6512027297552900E-004
   3.5200000000045488        7.4910076862708997E-004
   3.5400000000045555        7.3320242494713040E-004
   3.5600000000045622        7.1743166847097457E-004
   3.5800000000045689        7.0179469484684645E-004
   3.6000000000045755        6.8629746591459899E-004
   3.6200000000045822        6.7094570718824031E-004
   3.6400000000045889        6.5574490573971054E-004
   3.6600000000045956        6.4070030848047089E-004
   3.6800000000046023        6.2581692083663845E-004
   3.7000000000046089        6.1109950581255627E-004
   3.7200000000046156        5.9655258343691009E-004
   3.7400000000046223        5.8218043058475292E-004
   3.7600000000046290        5.6798708116806993E-004
   3.7800000000046357        5.5397632668684226E-004
   3.8000000000046423        5.4015171713191733E-004
   3.8200000000046490        5.2651656223039721E-004
   3.8400000000046557        5.1307393302367445E-004
   3.8600000000046624        4.9982666376774322E-004
   3.8800000000046690        4.8677735414490603E-004
   3.9000000000046757        4.7392837177556057E-004
   3.9200000000046824        4.6128185501836266E-004
   3.9400000000046891        4.4883971604667354E-004
   3.9600000000046958        4.3660364418890766E-004
   3.9800000000047024        4.2457510952009764E-004
   4.0000000000047091        4.1275536669177151E-004
   4.0200000000047158        4.0114545898702503E-004
   4.0400000000047225        3.8974622258752795E-004
   4.0600000000047292        3.7855829103908034E-004
   4.0800000000047358        3.6758209990224249E-004
   4.1000000000047425        3.5681789157453978E-004
   4.1200000000047492        3.4626572027072431E-004
   4.1400000000047559        3.3592545714759663E-004
   4.1600000000047626        3.2579679555997548E-004
   4.1800000000047692        3.1587925643447514E-004
   4.2000000000047759        3.0617219374788721E-004
   4.2200000000047826        2.9667480009712551E-004
   4.2400000000047893        2.8738611234786353E-004
   4.2600000000047960        2.7830501734922146E-004
   4.2800000000048026        2.6943025770208594E-004
   4.3000000000048093        2.6076043756891791E-004
   4.3200000000048160        2.5229402851317947E-004
   4.3400000000048227        2.4402937535682471E-004
   4.3600000000048293        2.3596470204461929E-004
   4.3800000000048360        2.2809811750439999E-004
   4.4000000000048427        2.2042762149274253E-004
   4.4200000000048494        2.1295111041588205E-004
   4.4400000000048561        2.0566638311611470E-004
   4.4600000000048627        1.9857114661431225E-004
   4.4800000000048694        1.9166302179958260E-004
   4.5000000000048761        1.8493954905753616E-004
   4.5200000000048828        1.7839819382903021E-004
   4.5400000000048895        1.7203635209170128E-004
   4.5600000000048961        1.6585135575702541E-004
   4.5800000000049028        1.5984047797608050E-004
   4.6000000000049095        1.5400093834762871E-004
   4.6200000000049162        1.4832990802256084E-004
   4.6400000000049229        1.4282451469919830E-004
   4.6600000000049295        1.3748184750436365E-004
   4.6800000000049362        1.3229896175557650E-004
   4.7000000000049429        1.2727288360014495E-004
   4.7200000000049496        1.2240061452734751E-004
   4.7400000000049562        1.1767913575031666E-004
   4.7600000000049629        1.1310541245463273E-004
   4.7800000000049696        1.0867639791104144E-004
   4.8000000000049763        1.0438903745009137E-004
   4.8200000000049830        1.0024027229687120E-004
   4.8400000000049896        9.6227043264386674E-005
   4.8600000000049963        9.2346294304482314E-005
   4.8800000000050030        8.8594975915551739E-005
   4.9000000000050097        8.4970048406614920E-005
   4.9200000000050164        8.1468485017663849E-005
   4.9400000000050230        7.8087274896478966E-005
   4.9600000000050297        7.4823425932421967E-005
   4.9800000000050364        7.1673967447980982E-005
   5.0000000000050431        6.8635952749120641E-005
   5.0200000000050498        6.5706461535734717E-005
   5.0400000000050564        6.2882602173744881E-005
   5.0600000000050631        6.0161513830609228E-005
   5.0800000000050698        5.7540368476217937E-005
   5.1000000000050765        5.5016372751351693E-005
   5.1200000000050832        5.2586769706057471E-005
   5.1400000000050898        5.0248840410472866E-005
   5.1600000000050965        4.7999905440778295E-005
   5.1800000000051032        4.5837326243105544E-005
   5.2000000000051099        4.3758506378356839E-005
   5.2200000000051165        4.1760892651006179E-005
   5.2400000000051232        3.9841976125057622E-005
   5.2600000000051299        3.7999293030429037E-005
   5.2800000000051366        3.6230425563104874E-005
   5.3000000000051433        3.4533002582473822E-005
   5.3200000000051499        3.2904700209319897E-005
   5.3400000000051566        3.1343242327982843E-005
   5.3600000000051633        2.9846400996237949E-005
   5.3800000000051700        2.8411996766469764E-005
   5.4000000000051767        2.7037898921729807E-005
   5.4200000000051833        2.5722025630273188E-005
   5.4400000000051900        2.4462344022166844E-005
   5.4600000000051967        2.3256870191549846E-005
   5.4800000000052034        2.2103669128106478E-005
   5.5000000000052101        2.1000854581286794E-005
   5.5200000000052167        1.9946588860774299E-005
   5.5400000000052234        1.8939082576659557E-005
   5.5600000000052301        1.7976594322732889E-005
   5.5800000000052368        1.7057430306255285E-005
   5.6000000000052435        1.6179943927509027E-005
   5.6200000000052501        1.5342535312367587E-005
   5.6400000000052568        1.4543650801056332E-005
   5.6600000000052635        1.3781782396203899E-005
   5.6800000000052702        1.3055467173210052E-005
   5.7000000000052768        1.2363286655877515E-005
   5.7200000000052835        1.1703866160173156E-005
   5.7400000000052902        1.1075874108901595E-005
   5.7600000000052969        1.0478021319988096E-005
   5.7800000000053036        9.9090602709797145E-006
   5.8000000000053102        9.3677843422849364E-006
   5.8200000000053169        8.8530270415825248E-006
   5.8400000000053236        8.3636612117376040E-006
   5.8600000000053303        7.8985982244735774E-006
   5.8800000000053370        7.4567871619543053E-006
   5.9000000000053436        7.0372139883411456E-006
   5.9200000000053503        6.6389007132962028E-006
   5.9400000000053570        6.2609045493124026E-006
   5.9600000000053637        5.9023170646607377E-006
   5.9800000000053704        5.5622633336544405E-006
   6.0000000000053770        5.2399010858420465E-006
   6.0200000000053837        4.9344198556528535E-006
   6.0400000000053904        4.6450401339330892E-006
   6.0600000000053971        4.3710125227258001E-006
   6.0800000000054037        4.1116168945649331E-006
   6.1000000000054104        3.8661615574728118E-006
   6.1200000000054171        3.6339824267710179E-006
   6.1400000000054238        3.4144422047373897E-006
   6.1600000000054305        3.2069295690667548E-006
   6.1800000000054371        3.0108583710199871E-006
   6.2000000000054438        2.8256668440750335E-006
   6.2200000000054505        2.6508168238253729E-006
   6.2400000000054572        2.4857929798047745E-006
   6.2600000000054639        2.3301020598536990E-006
   6.2800000000054705        2.1832721475809488E-006
   6.3000000000054772        2.0448519334153724E-006
   6.3200000000054839        1.9144099996853934E-006
   6.3400000000054906        1.7915341201102729E-006
   6.3600000000054973        1.6758305740347473E-006
   6.3800000000055039        1.5669234756895231E-006
   6.4000000000055106        1.4644541187127148E-006
   6.4200000000055173        1.3680803361228116E-006
   6.4400000000055240        1.2774758758910419E-006
   6.4600000000055307        1.1923297922210045E-006
   6.4800000000055373        1.1123458526054583E-006
   6.5000000000055440        1.0372419606943821E-006
   6.5200000000055507        9.6674959497490920E-007
   6.5400000000055574        9.0061326323221349E-007
   6.5600000000055640        8.3858997273104264E-007
   6.5800000000055707        7.8044871603013190E-007
   6.6000000000055774        7.2596997231630025E-007
   6.6200000000055841        6.7494522412137932E-007
   6.6400000000055908        6.2717648926339205E-007
   6.6600000000055974        5.8247586783331975E-007
   6.6800000000056041        5.4066510403055948E-007
   6.7000000000056108        5.0157516263337026E-007
   6.7200000000056175        4.6504581987560387E-007
   6.7400000000056242        4.3092526848729461E-007
   6.7600000000056308        3.9906973664458078E-007
   6.7800000000056375        3.6934312056358140E-007
   6.8000000000056442        3.4161663046339009E-007
   6.8200000000056509        3.1576844961510412E-007
   6.8400000000056576        2.9168340618673640E-007
   6.8600000000056642        2.6925265758796205E-007
   6.8800000000056709        2.4837338701376153E-007
   6.9000000000056776        2.2894851188217591E-007
   6.9200000000056843        2.1088640385847912E-007
   6.9400000000056909        1.9410062015605004E-007
   6.9600000000056976        1.7850964580303306E-007
   6.9800000000057043        1.6403664656347865E-007
   7.0000000000057110        1.5060923220196578E-007
   7.0200000000057177        1.3815922978170950E-007
   7.0400000000057243        1.2662246668777329E-007
   7.0600000000057310        1.1593856306922009E-007
   7.0800000000057377        1.0605073339675243E-007
   7.1000000000057444        9.6905596835635587E-008
   7.1200000000057511        8.8452996137353185E-008
   7.1400000000057577        8.0645824757533133E-008
   7.1600000000057644        7.3439861912120719E-008
   7.1800000000057711        6.6793615288544886E-008
   7.2000000000057778        6.0668171133702903E-008
   7.2200000000057845        5.5027051445906903E-008
   7.2400000000057911        4.9836078003499936E-008
   7.2600000000057978        4.5063242968600170E-008
   7.2800000000058045        4.0678585810359511E-008
   7.3000000000058112        3.6654076298190335E-008
   7.3200000000058179        3.2963503321596090E-008
   7.3400000000058245        2.9582369299521274E-008
   7.3600000000058312        2.6487789948481829E-008
   7.3800000000058379        2.3658399185135774E-008
   7.4000000000058446        2.1074258945377698E-008
   7.4200000000058512        1.8716773708484203E-008
   7.4400000000058579        1.6568609521262867E-008
   7.4600000000058646        1.4613617323577405E-008
   7.4800000000058713        1.2836760382991573E-008
   7.5000000000058780        1.1224045652606018E-008
   7.5200000000058846        9.7624588724280757E-009
   7.5400000000058913        8.4399032408103902E-009
   7.5600000000058980        7.2451414886069181E-009
   7.5800000000059047        6.1677411947192240E-009
   7.6000000000059114        5.1980231876287906E-009
   7.6200000000059180        4.3270128833296360E-009
   7.6400000000059247        3.5463944157809149E-009
   7.6600000000059314        2.8484674215872011E-009
   7.6800000000059381        2.2261063460792834E-009
   7.7000000000059448        1.6727221433060296E-009
   7.7200000000059514        1.1822262476565860E-009
   7.7400000000059581        7.4899669990701630E-010
   7.7600000000059648        3.6784631542489068E-010
   7.7800000000059715        3.3992787069241703E-011
   7.8000000000059782       -2.5696938001315555E-010
   7.8200000000059848       -5.0909519996676393E-010
   7.8400000000059915       -7.2611389806728546E-010
   7.8600000000059982       -9.1145205245931107E-010
   7.8800000000060049       -1.0682552713193126E-009
   7.9000000000060115       -1.1994084869987842E-009
   7.9200000000060182       -1.3075549448671580E-009
   7.9400000000060249       -1.3951139608728224E-009
   7.9600000000060316       -1.4642975182735329E-009
   7.9800000000060383       -1.5171257705507926E-009
   8.0000000000060449       -1.5554415142167462E-009
   8.0200000000060516       -1.5809236920412686E-009
   8.0400000000060583       -1.5950999841726550E-009
   8.0600000000060650       -1.5993585416909192E-009
   8.0800000000060717       -1.5949589143193564E-009
   8.1000000000060783       -1.5830422213215148E-009
   8.1200000000060850       -1.5646406120272045E-009
   8.1400000000060917       -1.5406860599566506E-009
   8.1600000000060984       -1.5120185321464460E-009
   8.1800000000061051       -1.4793935730185477E-009
   8.2000000000061117       -1.4434893399735773E-009
   8.2200000000061184       -1.4049131258273618E-009
   8.2400000000061251       -1.3642074012425609E-009
   8.2600000000061318       -1.3218554084323063E-009
   8.2800000000061384       -1.2782863356265519E-009
   8.3000000000061451       -1.2338801000915545E-009
   8.3200000000061518       -1.1889717658753136E-009
   8.3400000000061585       -1.1438556209140899E-009
   8.3600000000061652       -1.0987889366739495E-009
   8.3800000000061718       -1.0539954321140751E-009
   8.4000000000061785       -1.0096684624423486E-009
   8.4200000000061852       -9.6597395188542952E-010
   8.4400000000061919       -9.2305308851281916E-010
   8.4600000000061986       -8.8102479803390884E-010
   8.4800000000062052       -8.3998801242709819E-010
   8.5000000000062119       -8.0002374825678495E-010
   8.5200000000062186       -7.6119700858639262E-010
   8.5400000000062253       -7.2355852149969267E-010
   8.5600000000062320       -6.8714632739743816E-010
   8.5800000000062386       -6.5198722643834072E-010
   8.6000000000062453       -6.1809809674137789E-010
   8.6200000000062520       -5.8548709325740486E-010
   8.6400000000062587       -5.5415473655060847E-010
   8.6600000000062654       -5.2409490010188963E-010
   8.6800000000062720       -4.9529570415548968E-010
   8.7000000000062787       -4.6774032357451798E-010
   8.7200000000062854       -4.4140771664928889E-010
   8.7400000000062921       -4.1627328131247319E-010
   8.7600000000062987       -3.9230944475543487E-010
   8.7800000000063054       -3.6948619200920611E-010
   8.8000000000063121       -3.4777153864972289E-010
   8.8200000000063188       -3.2713195240888828E-010
   8.8400000000063255       -3.0753272811914730E-010
   8.8600000000063321       -2.8893832008843889E-010
   8.8800000000063388       -2.7131263569306850E-010
   8.9000000000063455       -2.5461929368736240E-010
   8.9200000000063522       -2.3882185045935364E-010
   8.9400000000063589       -2.2388399721040653E-010
   8.9600000000063655       -2.0976973080243595E-010
   8.9800000000063722       -1.9644350079814890E-010
   9.0000000000063789       -1.8387033501668317E-010
   9.0200000000063856       -1.7201594573820878E-010
   9.0400000000063923       -1.6084681851547983E-010
   9.0600000000063989       -1.5033028538744829E-010
   9.0800000000064056       -1.4043458413874968E-010
   9.1000000000064123       -1.3112890510871255E-010
   9.1200000000064190       -1.2238342692362144E-010
   9.1400000000064257       -1.1416934240573227E-010
   9.1600000000064323       -1.0645887580130447E-010
   9.1800000000064390       -9.9225292367157194E-011
   9.2000000000064457       -9.2442901260329320E-011
   9.2200000000064524       -8.6087052587893535E-011
   9.2400000000064590       -8.0134129393277747E-011
   9.2600000000064657       -7.4561535281147045E-011
   9.2800000000064724       -6.9347678314557001E-011
   9.3000000000064791       -6.4471951755275062E-011
   9.3200000000064858       -5.9914712160511486E-011
   9.3400000000064924       -5.5657255296425811E-011
   9.3600000000064991       -5.1681790280338827E-011
   9.3800000000065058       -4.7971412319272069E-011
   9.4000000000065125       -4.4510074371938248E-011
   9.4200000000065192       -4.1282558024354590E-011
   9.4400000000065258       -3.8274443835557483E-011
   9.4600000000065325       -3.5472081379251610E-011
   9.4800000000065392       -3.2862559179347453E-011
   9.5000000000065459       -3.0433674712065925E-011
   9.5200000000065526       -2.8173904624377552E-011
   9.5400000000065592       -2.6072375297823376E-011
   9.5600000000065659       -2.4118833868066539E-011
   9.5800000000065726       -2.2303619793669098E-011
   9.6000000000065793       -2.0617637052440134E-011
   9.6200000000065859       -1.9052327030113188E-011
   9.6400000000065926       -1.7599642153945743E-011
   9.6600000000065993       -1.6252020312987487E-011
   9.6800000000066060       -1.5002360097100501E-011
   9.7000000000066127       -1.3843996878252243E-011
   9.7200000000066193       -1.2770679750029066E-011
   9.7400000000066260       -1.1776549334651768E-011
   9.7600000000066327       -1.0856116460930396E-011
   9.7800000000066394       -1.0004241711501326E-011
   9.8000000000066461       -9.2161158332652866E-012
   9.8200000000066527       -8.4872410011401892E-012
   9.8400000000066594       -7.8134129219843612E-012
   9.8600000000066661       -7.1907037627884907E-012
   9.8800000000066728       -6.6154458849212561E-012
   9.9000000000066795       -6.0842163643070152E-012
   9.9200000000066861       -5.5938222758590042E-012
   9.9400000000066928       -5.1412867192637471E-012
   9.9600000000066995       -4.7238355622648413E-012
   9.9800000000067062       -4.3388848769021355E-012
