  -10.000000000000000       -1.8031409864801036E-012
  -9.9799999999999933       -2.0849913520168307E-012
  -9.9599999999999866       -2.4064668878995171E-012
  -9.9399999999999800       -2.7727322548033677E-012
  -9.9199999999999733       -3.1895849751233156E-012
  -9.8999999999999666       -3.6635288332904645E-012
  -9.8799999999999599       -4.2018553560567519E-012
  -9.8599999999999532       -4.8127342170434602E-012
  -9.8399999999999466       -5.5053134934191842E-012
  -9.8199999999999399       -6.2898307939452287E-012
  -9.7999999999999332       -7.1777363774807025E-012
  -9.7799999999999265       -8.1818294901158434E-012
  -9.7599999999999199       -9.3164092681945951E-012
  -9.7399999999999132       -1.0597441684455985E-011
  -9.7199999999999065       -1.2042744156297751E-011
  -9.6999999999998998       -1.3672189589743452E-011
  -9.6799999999998931       -1.5507931801156436E-011
  -9.6599999999998865       -1.7574654442253570E-011
  -9.6399999999998798       -1.9899845753774535E-011
  -9.6199999999998731       -2.2514101690619770E-011
  -9.5999999999998664       -2.5451460197809218E-011
  -9.5799999999998597       -2.8749769673818274E-011
  -9.5599999999998531       -3.2451094937368140E-011
  -9.5399999999998464       -3.6602164317403713E-011
  -9.5199999999998397       -4.1254861815689763E-011
  -9.4999999999998330       -4.6466768649294902E-011
  -9.4799999999998263       -5.2301758868403194E-011
  -9.4599999999998197       -5.8830654165795334E-011
  -9.4399999999998130       -6.6131943450512611E-011
  -9.4199999999998063       -7.4292573252383702E-011
  -9.3999999999997996       -8.3408815559179827E-011
  -9.3799999999997929       -9.3587220267273993E-011
  -9.3599999999997863       -1.0494566005316299E-010
  -9.3399999999997796       -1.1761447615060655E-010
  -9.3199999999997729       -1.3173773425025403E-010
  -9.2999999999997662       -1.4747460052950359E-010
  -9.2799999999997596       -1.6500084867430554E-010
  -9.2599999999997529       -1.8451050967625799E-010
  -9.2399999999997462       -2.0621767718254088E-010
  -9.2199999999997395       -2.3035848224820995E-010
  -9.1999999999997328       -2.5719325249568489E-010
  -9.1799999999997262       -2.8700887193071623E-010
  -9.1599999999997195       -3.2012135900403343E-010
  -9.1399999999997128       -3.5687868194984123E-010
  -9.1199999999997061       -3.9766383198337149E-010
  -9.0999999999996994       -4.4289817660727229E-010
  -9.0799999999996928       -4.9304511706857142E-010
  -9.0599999999996861       -5.4861407593263817E-010
  -9.0399999999996794       -6.1016484280690872E-010
  -9.0199999999996727       -6.7831230846417868E-010
  -8.9999999999996660       -7.5373161999320070E-010
  -8.9799999999996594       -8.3716379215319194E-010
  -8.9599999999996527       -9.2942181283990830E-010
  -8.9399999999996460       -1.0313972834952778E-009
  -8.9199999999996393       -1.1440676384230525E-009
  -8.8999999999996326       -1.2685039903211786E-009
  -8.8799999999996260       -1.4058796529223396E-009
  -8.8599999999996193       -1.5574793954603487E-009
  -8.8399999999996126       -1.7247094877668937E-009
  -8.8199999999996059       -1.9091085991666373E-009
  -8.7999999999995993       -2.1123596189935974E-009
  -8.7799999999995926       -2.3363024715168912E-009
  -8.7599999999995859       -2.5829480033551983E-009
  -8.7399999999995792       -2.8544930270964684E-009
  -8.7199999999995725       -3.1533366108414120E-009
  -8.6999999999995659       -3.4820977097752543E-009
  -8.6799999999995592       -3.8436342426651145E-009
  -8.6599999999995525       -4.2410637233995988E-009
  -8.6399999999995458       -4.6777855653566933E-009
  -8.6199999999995391       -5.1575051845292088E-009
  -8.5999999999995325       -5.6842600359770163E-009
  -8.5799999999995258       -6.2624477273386333E-009
  -8.5599999999995191       -6.8968563628455840E-009
  -8.5399999999995124       -7.5926972815705351E-009
  -8.5199999999995057       -8.3556403645273686E-009
  -8.4999999999994991       -9.1918520967635480E-009
  -8.4799999999994924       -1.0108036582762994E-008
  -8.4599999999994857       -1.1111479726347589E-008
  -8.4399999999994790       -1.2210096799854842E-008
  -8.4199999999994724       -1.3412483641708382E-008
  -8.3999999999994657       -1.4727971736621058E-008
  -8.3799999999994590       -1.6166687448606775E-008
  -8.3599999999994523       -1.7739615693761907E-008
  -8.3399999999994456       -1.9458668357440273E-008
  -8.3199999999994390       -2.1336757779022319E-008
  -8.2999999999994323       -2.3387875647004946E-008
  -8.2799999999994256       -2.5627177667637591E-008
  -8.2599999999994189       -2.8071074391848937E-008
  -8.2399999999994122       -3.0737328607771780E-008
  -8.2199999999994056       -3.3645159729810670E-008
  -8.1999999999993989       -3.6815355639952556E-008
  -8.1799999999993922       -4.0270392462914353E-008
  -8.1599999999993855       -4.4034562783786443E-008
  -8.1399999999993788       -4.8134112845104553E-008
  -8.1199999999993722       -5.2597389289779546E-008
  -8.0999999999993655       -5.7454996047072565E-008
  -8.0799999999993588       -6.2739961990844671E-008
  -8.0599999999993521       -6.8487920032643920E-008
  -8.0399999999993454       -7.4737298346871174E-008
  -8.0199999999993388       -8.1529524461262270E-008
  -7.9999999999993321       -8.8909242983285909E-008
  -7.9799999999993254       -9.6924547771793857E-008
  -7.9599999999993187       -1.0562722940333916E-007
  -7.9399999999993121       -1.1507303882406358E-007
  -7.9199999999993054       -1.2532196812089021E-007
  -7.8999999999992987       -1.3643854938995036E-007
  -7.8799999999992920       -1.4849217272573745E-007
  -7.8599999999992853       -1.6155742440134763E-007
  -7.8399999999992787       -1.7571444635833431E-007
  -7.8199999999992720       -1.9104931817415831E-007
  -7.7999999999992653       -2.0765446272585665E-007
  -7.7799999999992586       -2.2562907682039151E-007
  -7.7599999999992519       -2.4507958811506022E-007
  -7.7399999999992453       -2.6612013970532230E-007
  -7.7199999999992386       -2.8887310381230851E-007
  -7.6999999999992319       -3.1346962605805064E-007
  -7.6799999999992252       -3.4005020187297399E-007
  -7.6599999999992185       -3.6876528663736507E-007
  -7.6399999999992119       -3.9977594121612743E-007
  -7.6199999999992052       -4.3325451460412508E-007
  -7.5999999999991985       -4.6938536545756430E-007
  -7.5799999999991918       -5.0836562434498032E-007
  -7.5599999999991851       -5.5040599860929854E-007
  -7.5399999999991785       -5.9573162178998624E-007
  -7.5199999999991718       -6.4458294961100057E-007
  -7.4999999999991651       -6.9721670459619695E-007
  -7.4799999999991584       -7.5390687142846678E-007
  -7.4599999999991518       -8.1494574522191210E-007
  -7.4399999999991451       -8.8064503492772414E-007
  -7.4199999999991384       -9.5133702414328743E-007
  -7.3999999999991317       -1.0273757916405456E-006
  -7.3799999999991250       -1.1091384939729790E-006
  -7.3599999999991184       -1.1970267125604388E-006
  -7.3399999999991117       -1.2914678676871246E-006
  -7.3199999999991050       -1.3929167018794181E-006
  -7.2999999999990983       -1.5018568351569560E-006
  -7.2799999999990916       -1.6188023946712328E-006
  -7.2599999999990850       -1.7442997212610627E-006
  -7.2399999999990783       -1.8789291554621316E-006
  -7.2199999999990716       -2.0233069055087362E-006
  -7.1999999999990649       -2.1780869998581171E-006
  -7.1799999999990582       -2.3439633267516148E-006
  -7.1599999999990516       -2.5216717633005744E-006
  -7.1399999999990449       -2.7119923965484420E-006
  -7.1199999999990382       -2.9157518389126044E-006
  -7.0999999999990315       -3.1338256403491404E-006
  -7.0799999999990249       -3.3671407995103418E-006
  -7.0599999999990182       -3.6166783760771528E-006
  -7.0399999999990115       -3.8834762063458254E-006
  -7.0199999999990048       -4.1686317240290207E-006
  -6.9999999999989981       -4.4733048880950371E-006
  -6.9799999999989915       -4.7987212193136388E-006
  -6.9599999999989848       -5.1461749470026671E-006
  -6.9399999999989781       -5.5170322672732606E-006
  -6.9199999999989714       -5.9127347138544125E-006
  -6.8999999999989647       -6.3348026423355309E-006
  -6.8799999999989581       -6.7848388284001253E-006
  -6.8599999999989514       -7.2645321803309899E-006
  -6.8399999999989447       -7.7756615657476160E-006
  -6.8199999999989380       -8.3200997521876027E-006
  -6.7999999999989313       -8.8998174607645414E-006
  -6.7799999999989247       -9.5168875317237906E-006
  -6.7599999999989180       -1.0173489200272375E-005
  -6.7399999999989113       -1.0871912480580852E-005
  -6.7199999999989046       -1.1614562655337372E-005
  -6.6999999999988979       -1.2403964867682076E-005
  -6.6799999999988913       -1.3242768811755015E-005
  -6.6599999999988846       -1.4133753517456678E-005
  -6.6399999999988779       -1.5079832224344177E-005
  -6.6199999999988712       -1.6084057338862754E-005
  -6.5999999999988646       -1.7149625468347936E-005
  -6.5799999999988579       -1.8279882524417605E-005
  -6.5599999999988512       -1.9478328887512597E-005
  -6.5399999999988445       -2.0748624623430183E-005
  -6.5199999999988378       -2.2094594741732681E-005
  -6.4999999999988312       -2.3520234484896528E-005
  -6.4799999999988245       -2.5029714635995488E-005
  -6.4599999999988178       -2.6627386831589030E-005
  -6.4399999999988111       -2.8317788865302508E-005
  -6.4199999999988044       -3.0105649966349199E-005
  -6.3999999999987978       -3.1995896035946424E-005
  -6.3799999999987911       -3.3993654823221632E-005
  -6.3599999999987844       -3.6104261020791521E-005
  -6.3399999999987777       -3.8333261258719310E-005
  -6.3199999999987710       -4.0686418974021394E-005
  -6.2999999999987644       -4.3169719131296937E-005
  -6.2799999999987577       -4.5789372768398504E-005
  -6.2599999999987510       -4.8551821339343539E-005
  -6.2399999999987443       -5.1463740824886657E-005
  -6.2199999999987376       -5.4532045579340384E-005
  -6.1999999999987310       -5.7763891880330314E-005
  -6.1799999999987243       -6.1166681146220282E-005
  -6.1599999999987176       -6.4748062783930599E-005
  -6.1399999999987109       -6.8515936627809766E-005
  -6.1199999999987043       -7.2478454928097383E-005
  -6.0999999999986976       -7.6644023845351780E-005
  -6.0799999999986909       -8.1021304404995130E-005
  -6.0599999999986842       -8.5619212863865756E-005
  -6.0399999999986775       -9.0446920438363651E-005
  -6.0199999999986709       -9.5513852341431394E-005
  -5.9999999999986642       -1.0082968607322958E-004
  -5.9799999999986575       -1.0640434890796244E-004
  -5.9599999999986508       -1.1224801451686914E-004
  -5.9399999999986441       -1.1837109866494368E-004
  -5.9199999999986375       -1.2478425391647044E-004
  -5.8999999999986308       -1.3149836328199362E-004
  -5.8799999999986241       -1.3852453273683859E-004
  -5.8599999999986174       -1.4587408253884535E-004
  -5.8399999999986107       -1.5355853727049224E-004
  -5.8199999999986041       -1.6158961452815274E-004
  -5.7999999999985974       -1.6997921217880109E-004
  -5.7799999999985907       -1.7873939410211718E-004
  -5.7599999999985840       -1.8788237433358461E-004
  -5.7399999999985774       -1.9742049952192528E-004
  -5.7199999999985707       -2.0736622961198026E-004
  -5.6999999999985640       -2.1773211666203468E-004
  -5.6799999999985573       -2.2853078170252892E-004
  -5.6599999999985506       -2.3977488954116569E-004
  -5.6399999999985440       -2.5147712141759392E-004
  -5.6199999999985373       -2.6365014540915248E-004
  -5.5999999999985306       -2.7630658448760641E-004
  -5.5799999999985239       -2.8945898212538691E-004
  -5.5599999999985172       -3.0311976534863762E-004
  -5.5399999999985106       -3.1730120513330106E-004
  -5.5199999999985039       -3.3201537403964535E-004
  -5.4999999999984972       -3.4727410097997819E-004
  -5.4799999999984905       -3.6308892301391721E-004
  -5.4599999999984838       -3.7947103406541237E-004
  -5.4399999999984772       -3.9643123045583355E-004
  -5.4199999999984705       -4.1397985314783306E-004
  -5.3999999999984638       -4.3212672659537557E-004
  -5.3799999999984571       -4.5088109409635238E-004
  -5.3599999999984504       -4.7025154954552945E-004
  -5.3399999999984438       -4.9024596548726278E-004
  -5.3199999999984371       -5.1087141736953215E-004
  -5.2999999999984304       -5.3213410390323267E-004
  -5.2799999999984237       -5.5403926343357897E-004
  -5.2599999999984171       -5.7659108623374377E-004
  -5.2399999999984104       -5.9979262263458292E-004
  -5.2199999999984037       -6.2364568690849356E-004
  -5.1999999999983970       -6.4815075683011302E-004
  -5.1799999999983903       -6.7330686884173882E-004
  -5.1599999999983837       -6.9911150875699799E-004
  -5.1399999999983770       -7.2556049794252238E-004
  -5.1199999999983703       -7.5264787492409569E-004
  -5.0999999999983636       -7.8036577237104840E-004
  -5.0799999999983569       -8.0870428942054204E-004
  -5.0599999999983503       -8.3765135931181958E-004
  -5.0399999999983436       -8.6719261230955552E-004
  -5.0199999999983369       -8.9731123390506115E-004
  -4.9999999999983302       -9.2798781829440946E-004
  -4.9799999999983235       -9.5920021714337479E-004
  -4.9599999999983169       -9.9092338366063549E-004
  -4.9399999999983102       -1.0231292120128478E-003
  -4.9199999999983035       -1.0557863721279517E-003
  -4.8999999999982968       -1.0888601399465841E-003
  -4.8799999999982901       -1.1223122231954485E-003
  -4.8599999999982835       -1.1561005827713570E-003
  -4.8399999999982768       -1.1901792498398896E-003
  -4.8199999999982701       -1.2244981387687245E-003
  -4.7999999999982634       -1.2590028560322442E-003
  -4.7799999999982568       -1.2936345052413586E-003
  -4.7599999999982501       -1.3283294884702309E-003
  -4.7399999999982434       -1.3630193040701536E-003
  -4.7199999999982367       -1.3976303411797632E-003
  -4.6999999999982300       -1.4320836711604063E-003
  -4.6799999999982234       -1.4662948362055704E-003
  -4.6599999999982167       -1.5001736353938931E-003
  -4.6399999999982100       -1.5336239084764334E-003
  -4.6199999999982033       -1.5665433177103631E-003
  -4.5999999999981966       -1.5988231280732628E-003
  -4.5799999999981900       -1.6303479862145580E-003
  -4.5599999999981833       -1.6609956985232876E-003
  -4.5399999999981766       -1.6906370087144307E-003
  -4.5199999999981699       -1.7191353753592722E-003
  -4.4999999999981632       -1.7463467498086440E-003
  -4.4799999999981566       -1.7721193549816306E-003
  -4.4599999999981499       -1.7962934655158958E-003
  -4.4399999999981432       -1.8187011897995466E-003
  -4.4199999999981365       -1.8391662544282570E-003
  -4.3999999999981299       -1.8575037916547994E-003
  -4.3799999999981232       -1.8735201304218700E-003
  -4.3599999999981165       -1.8870125915920243E-003
  -4.3399999999981098       -1.8977692880117324E-003
  -4.3199999999981031       -1.9055689300690052E-003
  -4.2999999999980965       -1.9101806374261221E-003
  -4.2799999999980898       -1.9113637576306725E-003
  -4.2599999999980831       -1.9088676923289395E-003
  -4.2399999999980764       -1.9024317318260199E-003
  -4.2199999999980697       -1.8917848987563570E-003
  -4.1999999999980631       -1.8766458016471299E-003
  -4.1799999999980564       -1.8567224991742958E-003
  -4.1599999999980497       -1.8317123759277636E-003
  -4.1399999999980430       -1.8013020305173669E-003
  -4.1199999999980363       -1.7651671768655051E-003
  -4.0999999999980297       -1.7229725595448850E-003
  -4.0799999999980230       -1.6743718840311521E-003
  -4.0599999999980163       -1.6190077627497993E-003
  -4.0399999999980096       -1.5565116778048283E-003
  -4.0199999999980029       -1.4865039612827742E-003
  -3.9999999999979963       -1.4085937940303266E-003
  -3.9799999999979896       -1.3223792238059699E-003
  -3.9599999999979829       -1.2274472037066416E-003
  -3.9399999999979762       -1.1233736517686217E-003
  -3.9199999999979696       -1.0097235326378482E-003
  -3.8999999999979629       -8.8605096219854598E-004
  -3.8799999999979562       -7.5189933604033921E-004
  -3.8599999999979495       -6.0680148263281318E-004
  -3.8399999999979428       -4.5027984206257851E-004
  -3.8199999999979362       -2.8184667117151543E-004
  -3.7999999999979295       -1.0100427591559084E-004
  -3.7799999999979228        9.2754728258381889E-005
  -3.7599999999979161        2.9994712724551312E-004
  -3.7399999999979094        5.2109878958048075E-004
  -3.7199999999979028        7.5674431748622975E-004
  -3.6999999999978961        1.0074266669936128E-003
  -3.6799999999978894        1.2736967364889527E-003
  -3.6599999999978827        1.5561129230863713E-003
  -3.6399999999978760        1.8552406462648662E-003
  -3.6199999999978694        2.1716518382566426E-003
  -3.5999999999978627        2.5059244007221990E-003
  -3.5799999999978560        2.8586416273008708E-003
  -3.5599999999978493        3.2303915916806628E-003
  -3.5399999999978427        3.6217665008907280E-003
  -3.5199999999978360        4.0333620135813153E-003
  -3.4999999999978293        4.4657765231215412E-003
  -3.4799999999978226        4.9196104054130777E-003
  -3.4599999999978159        5.3954652313894383E-003
  -3.4399999999978093        5.8939429442439557E-003
  -3.4199999999978026        6.4156450015069155E-003
  -3.3999999999977959        6.9611714821716823E-003
  -3.3799999999977892        7.5311201591518554E-003
  -3.3599999999977825        8.1260855374363887E-003
  -3.3399999999977759        8.7466578583967371E-003
  -3.3199999999977692        9.3934220707896799E-003
  -3.2999999999977625        1.0066956769090883E-002
  -3.2799999999977558        1.0767833099888286E-002
  -3.2599999999977491        1.1496613637159220E-002
  -3.2399999999977425        1.2253851227353047E-002
  -3.2199999999977358        1.3040087805298849E-002
  -3.1999999999977291        1.3855853182058092E-002
  -3.1799999999977224        1.4701663805942690E-002
  -3.1599999999977157        1.5578021498020993E-002
  -3.1399999999977091        1.6485412163535686E-002
  -3.1199999999977024        1.7424304480761356E-002
  -3.0999999999976957        1.8395148568931315E-002
  -3.0799999999976890        1.9398374636966146E-002
  -3.0599999999976824        2.0434391614838929E-002
  -3.0399999999976757        2.1503585769513257E-002
  -3.0199999999976690        2.2606319307490675E-002
  -2.9999999999976623        2.3742928966103971E-002
  -2.9799999999976556        2.4913724595789572E-002
  -2.9599999999976490        2.6118987735669130E-002
  -2.9399999999976423        2.7358970184863773E-002
  -2.9199999999976356        2.8633892572055140E-002
  -2.8999999999976289        2.9943942925896944E-002
  -2.8799999999976222        3.1289275248965395E-002
  -2.8599999999976156        3.2670008098018892E-002
  -2.8399999999976089        3.4086223173416252E-002
  -2.8199999999976022        3.5537963920615957E-002
  -2.7999999999975955        3.7025234146750019E-002
  -2.7799999999975888        3.8547996655330222E-002
  -2.7599999999975822        4.0106171902205251E-002
  -2.7399999999975755        4.1699636675942259E-002
  -2.7199999999975688        4.3328222805855701E-002
  -2.6999999999975621        4.4991715900949442E-002
  -2.6799999999975554        4.6689854123076212E-002
  -2.6599999999975488        4.8422326997648521E-002
  -2.6399999999975421        5.0188774265260527E-002
  -2.6199999999975354        5.1988784777596261E-002
  -2.5999999999975287        5.3821895441010167E-002
  -2.5799999999975221        5.5687590211169861E-002
  -2.5599999999975154        5.7585299142142561E-002
  -2.5399999999975087        5.9514397493298218E-002
  -2.5199999999975020        6.1474204897376962E-002
  -2.4999999999974953        6.3463984593041964E-002
  -2.4799999999974887        6.5482942725201054E-002
  -2.4599999999974820        6.7530227716332242E-002
  -2.4399999999974753        6.9604929711995722E-002
  -2.4199999999974686        7.1706080103650469E-002
  -2.3999999999974619        7.3832651131820373E-002
  -2.3799999999974553        7.5983555572575093E-002
  -2.3599999999974486        7.8157646510199463E-002
  -2.3399999999974419        8.0353717198826419E-002
  -2.3199999999974352        8.2570501015700543E-002
  -2.2999999999974285        8.4806671508622727E-002
  -2.2799999999974219        8.7060842539999836E-002
  -2.2599999999974152        8.9331568529789851E-002
  -2.2399999999974085        9.1617344799489589E-002
  -2.2199999999974018        9.3916608019160255E-002
  -2.1999999999973952        9.6227736759326471E-002
  -2.1799999999973885        9.8549052149418212E-002
  -2.1599999999973818       0.10087881864424578     
  -2.1399999999973751       0.10321524489981854     
  -2.1199999999973684       0.10555648475962488     
  -2.0999999999973618       0.10790063835229402     
  -2.0799999999973551       0.11024575330135544     
  -2.0599999999973484       0.11258982604760183     
  -2.0399999999973417       0.11493080328434305     
  -2.0199999999973350       0.11726658350561694     
  -1.9999999999973281       0.11959501866719592     
  -1.9799999999973212       0.12191391595999393     
  -1.9599999999973143       0.12422103969524380     
  -1.9399999999973074       0.12651411330057330     
  -1.9199999999973005       0.12879082142586445     
  -1.8999999999972936       0.13104881215753558     
  -1.8799999999972867       0.13328569933963402     
  -1.8599999999972798       0.13549906499988185     
  -1.8399999999972729       0.13768646187856051     
  -1.8199999999972660       0.13984541605787174     
  -1.7999999999972591       0.14197342968916041     
  -1.7799999999972522       0.14406798381513278     
  -1.7599999999972453       0.14612654128395436     
  -1.7399999999972384       0.14814654975186681     
  -1.7199999999972315       0.15012544477071438     
  -1.6999999999972246       0.15206065295653348     
  -1.6799999999972177       0.15394959523511809     
  -1.6599999999972108       0.15578969016024355     
  -1.6399999999972039       0.15757835730000336     
  -1.6199999999971970       0.15931302068649028     
  -1.5999999999971901       0.16099111232384214     
  -1.5799999999971832       0.16261007574946124     
  -1.5599999999971763       0.16416736964301951     
  -1.5399999999971694       0.16566047147766855     
  -1.5199999999971625       0.16708688120769313     
  -1.4999999999971556       0.16844412498667338     
  -1.4799999999971487       0.16972975891005862     
  -1.4599999999971418       0.17094137277590679     
  -1.4399999999971349       0.17207659385740051     
  -1.4199999999971280       0.17313309068062463     
  -1.3999999999971211       0.17410857680097624     
  -1.3799999999971142       0.17500081457147082     
  -1.3599999999971073       0.17580761889612551     
  -1.3399999999971004       0.17652686096151798     
  -1.3199999999970935       0.17715647193956427     
  -1.2999999999970866       0.17769444665450784     
  -1.2799999999970797       0.17813884720708123     
  -1.2599999999970728       0.17848780654878668     
  -1.2399999999970659       0.17873953199923689     
  -1.2199999999970590       0.17889230869951384     
  -1.1999999999970521       0.17894450299453268     
  -1.1799999999970452       0.17889456573744270     
  -1.1599999999970383       0.17874103550915821     
  -1.1399999999970314       0.17848254174619307     
  -1.1199999999970245       0.17811780777006164     
  -1.0999999999970176       0.17764565371162250     
  -1.0799999999970107       0.17706499932386413     
  -1.0599999999970038       0.17637486667677529     
  -1.0399999999969969       0.17557438272809944     
  -1.0199999999969900       0.17466278176394226     
 -0.99999999999698319       0.17363940770339586     
 -0.97999999999697640       0.17250371626153871     
 -0.95999999999696961       0.17125527696539278     
 -0.93999999999696282       0.16989377501764885     
 -0.91999999999695603       0.16841901300321910     
 -0.89999999999694924       0.16683091243393108     
 -0.87999999999694245       0.16512951512695273     
 -0.85999999999693566       0.16331498441282269     
 -0.83999999999692887       0.16138760616925213     
 -0.81999999999692208       0.15934778967717816     
 -0.79999999999691529       0.15719606829586191     
 -0.77999999999690850       0.15493309995415408     
 -0.75999999999690171       0.15255966745539004     
 -0.73999999999689492       0.15007667859371829     
 -0.71999999999688813       0.14748516608002479     
 -0.69999999999688134       0.14478628727597154     
 -0.67999999999687455       0.14198132373503658     
 -0.65999999999686776       0.13907168054981639     
 -0.63999999999686097       0.13605888550522452     
 -0.61999999999685418       0.13294458803760256     
 -0.59999999999684739       0.12973055800014416     
 -0.57999999999684060       0.12641868423541147     
 -0.55999999999683381       0.12301097295611851     
 -0.53999999999682702       0.11950954593573095     
 -0.51999999999682023       0.11591663851082427     
 -0.49999999999681344       0.11223459739752266     
 -0.47999999999680665       0.10846587832471921     
 -0.45999999999679986       0.10461304348715753     
 -0.43999999999679307       0.10067875882182378     
 -0.41999999999678628        9.6665791111465879E-002
 -0.39999999999677949        9.2577004919417061E-002
 -0.37999999999677270        8.8415359360250120E-002
 -0.35999999999676591        8.4183904711136959E-002
 -0.33999999999675912        7.9885778869120128E-002
 -0.31999999999675233        7.5524203659830050E-002
 -0.29999999999674554        7.1102481003494394E-002
 -0.27999999999673875        6.6623988944390852E-002
 -0.25999999999673196        6.2092177550183987E-002
 -0.23999999999672514        5.7510564687864384E-002
 -0.21999999999671832        5.2882731683273315E-002
 -0.19999999999671150        4.8212318871444386E-002
 -0.17999999999670468        4.3503021045228782E-002
 -0.15999999999669787        3.8758582809889391E-002
 -0.13999999999669105        3.3982793851551618E-002
 -0.11999999999668425        2.9179484127584549E-002
  -9.9999999996677441E-002   2.4352518987155149E-002
  -7.9999999996670637E-002   1.9505794230348834E-002
  -5.9999999996663833E-002   1.4643231114382937E-002
  -3.9999999996657029E-002   9.7687713155544548E-003
  -1.9999999996650222E-002   4.8863718556592366E-003
   3.3565858426065631E-012   1.6970533323231570E-012
   2.0000000003363393E-002  -4.8863718522650802E-003
   4.0000000003370201E-002  -9.7687713121601578E-003
   6.0000000003377005E-002  -1.4643231110988414E-002
   8.0000000003383809E-002  -1.9505794226953983E-002
  0.10000000000339061       -2.4352518983759903E-002
  0.12000000000339742       -2.9179484124188818E-002
  0.14000000000340423       -3.3982793848155314E-002
  0.16000000000341105       -3.8758582806492435E-002
  0.18000000000341787       -4.3503021041831111E-002
  0.20000000000342469       -4.8212318868045945E-002
  0.22000000000343151       -5.2882731679874048E-002
  0.24000000000343832       -5.7510564684464235E-002
  0.26000000000344514       -6.2092177546782958E-002
  0.28000000000345193       -6.6623988940988865E-002
  0.30000000000345872       -7.1102481000091478E-002
  0.32000000000346551       -7.5524203656426162E-002
  0.34000000000347230       -7.9885778865715268E-002
  0.36000000000347909       -8.4183904707731155E-002
  0.38000000000348588       -8.8415359356843443E-002
  0.40000000000349267       -9.2577004916009481E-002
  0.42000000000349946       -9.6665791108057453E-002
  0.44000000000350625      -0.10067875881841457     
  0.46000000000351304      -0.10461304348374773     
  0.48000000000351983      -0.10846587832130880     
  0.50000000000352662      -0.11223459739411180     
  0.52000000000353341      -0.11591663850741309     
  0.54000000000354020      -0.11950954593231958     
  0.56000000000354699      -0.12301097295270716     
  0.58000000000355378      -0.12641868423200020     
  0.60000000000356057      -0.12973055799673316     
  0.62000000000356736      -0.13294458803419232     
  0.64000000000357415      -0.13605888550181489     
  0.66000000000358094      -0.13907168054640784     
  0.68000000000358773      -0.14198132373162925     
  0.70000000000359452      -0.14478628727256576     
  0.72000000000360131      -0.14748516607662088     
  0.74000000000360810      -0.15007667859031648     
  0.76000000000361490      -0.15255966745199065     
  0.78000000000362169      -0.15493309995075763     
  0.80000000000362848      -0.15719606829246857     
  0.82000000000363527      -0.15934778967378829     
  0.84000000000364206      -0.16138760616586620     
  0.86000000000364885      -0.16331498440944120     
  0.88000000000365564      -0.16512951512357593     
  0.90000000000366243      -0.16683091243055947     
  0.92000000000366922      -0.16841901299985307     
  0.94000000000367601      -0.16989377501428890     
  0.96000000000368280      -0.17125527696203935     
  0.98000000000368959      -0.17250371625819241     
   1.0000000000036964      -0.17363940770005715     
   1.0200000000037033      -0.17466278176061151     
   1.0400000000037102      -0.17557438272477732     
   1.0600000000037171      -0.17637486667346228     
   1.0800000000037240      -0.17706499932056066     
   1.1000000000037309      -0.17764565370832935     
   1.1200000000037378      -0.17811780776677927     
   1.1400000000037447      -0.17848254174292202     
   1.1600000000037516      -0.17874103550589904     
   1.1800000000037585      -0.17889456573419604     
   1.2000000000037654      -0.17894450299129910     
   1.2200000000037723      -0.17889230869629386     
   1.2400000000037792      -0.17873953199603118     
   1.2600000000037861      -0.17848780654559582     
   1.2800000000037930      -0.17813884720390596     
   1.3000000000037999      -0.17769444665134854     
   1.3200000000038068      -0.17715647193642173     
   1.3400000000038137      -0.17652686095839271     
   1.3600000000038206      -0.17580761889301816     
   1.3800000000038275      -0.17500081456838187     
   1.4000000000038344      -0.17410857679790634     
   1.4200000000038413      -0.17313309067757451     
   1.4400000000038482      -0.17207659385437063     
   1.4600000000038551      -0.17094137277289786     
   1.4800000000038620      -0.16972975890707112     
   1.5000000000038689      -0.16844412498370789     
   1.5200000000038758      -0.16708688120475029     
   1.5400000000038827      -0.16566047147474888     
   1.5600000000038896      -0.16416736964012363     
   1.5800000000038965      -0.16261007574658967     
   1.6000000000039034      -0.16099111232099539     
   1.6200000000039103      -0.15931302068366895     
   1.6400000000039172      -0.15757835729720795     
   1.6600000000039241      -0.15578969015747451     
   1.6800000000039310      -0.15394959523237584     
   1.7000000000039379      -0.15206065295381868     
   1.7200000000039448      -0.15012544476802744     
   1.7400000000039517      -0.14814654974920818     
   1.7600000000039586      -0.14612654128132443     
   1.7800000000039655      -0.14406798381253202     
   1.8000000000039724      -0.14197342968658933     
   1.8200000000039793      -0.13984541605533049     
   1.8400000000039862      -0.13768646187604971     
   1.8600000000039931      -0.13549906499740177     
   1.8800000000040000      -0.13328569933718501     
   1.9000000000040069      -0.13104881215511788     
   1.9200000000040138      -0.12879082142347856     
   1.9400000000040207      -0.12651411329821924     
   1.9600000000040276      -0.12422103969292199     
   1.9800000000040345      -0.12191391595770465     
   2.0000000000040412      -0.11959501866493945     
   2.0200000000040479      -0.11726658350339349     
   2.0400000000040546      -0.11493080328215279     
   2.0600000000040612      -0.11258982604544490     
   2.0800000000040679      -0.11024575329923195     
   2.1000000000040746      -0.10790063835020419     
   2.1200000000040813      -0.10555648475756882     
   2.1400000000040880      -0.10321524489779636     
   2.1600000000040946      -0.10087881864225753     
   2.1800000000041013       -9.8549052147463970E-002
   2.2000000000041080       -9.6227736757406257E-002
   2.2200000000041147       -9.3916608017274070E-002
   2.2400000000041214       -9.1617344797637543E-002
   2.2600000000041280       -8.9331568527971847E-002
   2.2800000000041347       -8.7060842538215819E-002
   2.3000000000041414       -8.4806671506872711E-002
   2.3200000000041481       -8.2570501013984443E-002
   2.3400000000041548       -8.0353717197144181E-002
   2.3600000000041614       -7.8157646508550879E-002
   2.3800000000041681       -7.5983555570960121E-002
   2.4000000000041748       -7.3832651130238847E-002
   2.4200000000041815       -7.1706080102102221E-002
   2.4400000000041882       -6.9604929710480656E-002
   2.4600000000041948       -6.7530227714850108E-002
   2.4800000000042015       -6.5482942723751644E-002
   2.5000000000042082       -6.3463984591625056E-002
   2.5200000000042149       -6.1474204895992271E-002
   2.5400000000042215       -5.9514397491945613E-002
   2.5600000000042282       -5.7585299140821680E-002
   2.5800000000042349       -5.5687590209880435E-002
   2.6000000000042416       -5.3821895439752021E-002
   2.6200000000042483       -5.1988784776368945E-002
   2.6400000000042549       -5.0188774264063790E-002
   2.6600000000042616       -4.8422326996482030E-002
   2.6800000000042683       -4.6689854121939649E-002
   2.7000000000042750       -4.4991715899842459E-002
   2.7200000000042817       -4.3328222804777924E-002
   2.7400000000042883       -4.1699636674893313E-002
   2.7600000000042950       -4.0106171901184776E-002
   2.7800000000043017       -3.8547996654337828E-002
   2.8000000000043084       -3.7025234145785332E-002
   2.8200000000043151       -3.5537963919678520E-002
   2.8400000000043217       -3.4086223172505682E-002
   2.8600000000043284       -3.2670008097134801E-002
   2.8800000000043351       -3.1289275248107339E-002
   2.9000000000043418       -2.9943942925064512E-002
   2.9200000000043485       -2.8633892571247890E-002
   2.9400000000043551       -2.7358970184081254E-002
   2.9600000000043618       -2.6118987734910927E-002
   2.9800000000043685       -2.4913724595055222E-002
   3.0000000000043752       -2.3742928965393057E-002
   3.0200000000043818       -2.2606319306802729E-002
   3.0400000000043885       -2.1503585768847804E-002
   3.0600000000043952       -2.0434391614195555E-002
   3.0800000000044019       -1.9398374636344366E-002
   3.1000000000044086       -1.8395148568330719E-002
   3.1200000000044152       -1.7424304480181469E-002
   3.1400000000044219       -1.6485412162976023E-002
   3.1600000000044286       -1.5578021497481134E-002
   3.1800000000044353       -1.4701663805422191E-002
   3.2000000000044420       -1.3855853181556455E-002
   3.2200000000044486       -1.3040087804815661E-002
   3.2400000000044553       -1.2253851226887847E-002
   3.2600000000044620       -1.1496613636711547E-002
   3.2800000000044687       -1.0767833099457714E-002
   3.3000000000044754       -1.0066956768676982E-002
   3.3200000000044820       -9.3934220703920067E-003
   3.3400000000044887       -8.7466578580148585E-003
   3.3600000000044954       -8.1260855370698729E-003
   3.3800000000045021       -7.5311201588002677E-003
   3.4000000000045087       -6.9611714818346134E-003
   3.4200000000045154       -6.4156450011839420E-003
   3.4400000000045221       -5.8939429439346771E-003
   3.4600000000045288       -5.3954652310934529E-003
   3.4800000000045355       -4.9196104051299691E-003
   3.5000000000045421       -4.4657765228509286E-003
   3.5200000000045488       -4.0333620133228129E-003
   3.5400000000045555       -3.6217665006439397E-003
   3.5600000000045622       -3.2303915914452161E-003
   3.5800000000045689       -2.8586416270764059E-003
   3.6000000000045755       -2.5059244005083479E-003
   3.6200000000045822       -2.1716518380530455E-003
   3.6400000000045889       -1.8552406460711759E-003
   3.6600000000045956       -1.5561129229022432E-003
   3.6800000000046023       -1.2736967363140531E-003
   3.7000000000046089       -1.0074266668276025E-003
   3.7200000000046156       -7.5674431732878787E-004
   3.7400000000046223       -5.2109878943129410E-004
   3.7600000000046290       -2.9994712710427839E-004
   3.7800000000046357       -9.2754728124789574E-005
   3.8000000000046423        1.0100427604182946E-004
   3.8200000000046490        2.8184667129069993E-004
   3.8400000000046557        4.5027984217497710E-004
   3.8600000000046624        6.0680148273870450E-004
   3.8800000000046690        7.5189933613998726E-004
   3.9000000000046757        8.8605096229221335E-004
   3.9200000000046824        1.0097235327257866E-003
   3.9400000000046891        1.1233736518510735E-003
   3.9600000000046958        1.2274472037838455E-003
   3.9800000000047024        1.3223792238781578E-003
   4.0000000000047091        1.4085937940977291E-003
   4.0200000000047158        1.4865039613456020E-003
   4.0400000000047225        1.5565116778632937E-003
   4.0600000000047292        1.6190077628041139E-003
   4.0800000000047358        1.6743718840815031E-003
   4.1000000000047425        1.7229725595914675E-003
   4.1200000000047492        1.7651671769085078E-003
   4.1400000000047559        1.8013020305569648E-003
   4.1600000000047626        1.8317123759641312E-003
   4.1800000000047692        1.8567224992076029E-003
   4.2000000000047759        1.8766458016775320E-003
   4.2200000000047826        1.8917848987840137E-003
   4.2400000000047893        1.9024317318510765E-003
   4.2600000000047960        1.9088676923515427E-003
   4.2800000000048026        1.9113637576509530E-003
   4.3000000000048093        1.9101806374442196E-003
   4.3200000000048160        1.9055689300850472E-003
   4.3400000000048227        1.8977692880258422E-003
   4.3600000000048293        1.8870125916043146E-003
   4.3800000000048360        1.8735201304324565E-003
   4.4000000000048427        1.8575037916637861E-003
   4.4200000000048494        1.8391662544357491E-003
   4.4400000000048561        1.8187011898056467E-003
   4.4600000000048627        1.7962934655206936E-003
   4.4800000000048694        1.7721193549852183E-003
   4.5000000000048761        1.7463467498111016E-003
   4.5200000000048828        1.7191353753606869E-003
   4.5400000000048895        1.6906370087148798E-003
   4.5600000000048961        1.6609956985228426E-003
   4.5800000000049028        1.6303479862132886E-003
   4.6000000000049095        1.5988231280712392E-003
   4.6200000000049162        1.5665433177076448E-003
   4.6400000000049229        1.5336239084730848E-003
   4.6600000000049295        1.5001736353899690E-003
   4.6800000000049362        1.4662948362011230E-003
   4.7000000000049429        1.4320836711554899E-003
   4.7200000000049496        1.3976303411744222E-003
   4.7400000000049562        1.3630193040644360E-003
   4.7600000000049629        1.3283294884641789E-003
   4.7800000000049696        1.2936345052350128E-003
   4.8000000000049763        1.2590028560256407E-003
   4.8200000000049830        1.2244981387618979E-003
   4.8400000000049896        1.1901792498328762E-003
   4.8600000000049963        1.1561005827641839E-003
   4.8800000000050030        1.1223122231881471E-003
   4.9000000000050097        1.0888601399391782E-003
   4.9200000000050164        1.0557863721204716E-003
   4.9400000000050230        1.0231292120053113E-003
   4.9600000000050297        9.9092338365306797E-004
   4.9800000000050364        9.5920021713579373E-004
   5.0000000000050431        9.2798781828683609E-004
   5.0200000000050498        8.9731123389751098E-004
   5.0400000000050564        8.6719261230204330E-004
   5.0600000000050631        8.3765135930436167E-004
   5.0800000000050698        8.0870428941314746E-004
   5.1000000000050765        7.8036577236373274E-004
   5.1200000000050832        7.5264787491686731E-004
   5.1400000000050898        7.2556049793539212E-004
   5.1600000000050965        6.9911150874997420E-004
   5.1800000000051032        6.7330686883482931E-004
   5.2000000000051099        6.4815075682332418E-004
   5.2200000000051165        6.2364568690183233E-004
   5.2400000000051232        5.9979262262805397E-004
   5.2600000000051299        5.7659108622735175E-004
   5.2800000000051366        5.5403926342732670E-004
   5.3000000000051433        5.3213410389712351E-004
   5.3200000000051499        5.1087141736356860E-004
   5.3400000000051566        4.9024596548144755E-004
   5.3600000000051633        4.7025154953986325E-004
   5.3800000000051700        4.5088109409083764E-004
   5.4000000000051767        4.3212672659001137E-004
   5.4200000000051833        4.1397985314262033E-004
   5.4400000000051900        3.9643123045077179E-004
   5.4600000000051967        3.7947103406050055E-004
   5.4800000000052034        3.6308892300915448E-004
   5.5000000000052101        3.4727410097536366E-004
   5.5200000000052167        3.3201537403517790E-004
   5.5400000000052234        3.1730120512897926E-004
   5.5600000000052301        3.0311976534445830E-004
   5.5800000000052368        2.8945898212134896E-004
   5.6000000000052435        2.7630658448370772E-004
   5.6200000000052501        2.6365014540539013E-004
   5.6400000000052568        2.5147712141396493E-004
   5.6600000000052635        2.3977488953766897E-004
   5.6800000000052702        2.2853078169916035E-004
   5.7000000000052768        2.1773211665879148E-004
   5.7200000000052835        2.0736622960886014E-004
   5.7400000000052902        1.9742049951892491E-004
   5.7600000000052969        1.8788237433070088E-004
   5.7800000000053036        1.7873939409934747E-004
   5.8000000000053102        1.6997921217614179E-004
   5.8200000000053169        1.6158961452560113E-004
   5.8400000000053236        1.5355853726804519E-004
   5.8600000000053303        1.4587408253649971E-004
   5.8800000000053370        1.3852453273459131E-004
   5.9000000000053436        1.3149836327984137E-004
   5.9200000000053503        1.2478425391441062E-004
   5.9400000000053570        1.1837109866297300E-004
   5.9600000000053637        1.1224801451498513E-004
   5.9800000000053704        1.0640434890616151E-004
   6.0000000000053770        1.0082968607150921E-004
   6.0200000000053837        9.5513852339788692E-005
   6.0400000000053904        9.0446920436795732E-005
   6.0600000000053971        8.5619212862369801E-005
   6.0800000000054037        8.1021304403568659E-005
   6.1000000000054104        7.6644023843991987E-005
   6.1200000000054171        7.2478454926801829E-005
   6.1400000000054238        6.8515936626576120E-005
   6.1600000000054305        6.4748062782756164E-005
   6.1800000000054371        6.1166681145102795E-005
   6.2000000000054438        5.7763891879267396E-005
   6.2200000000054505        5.4532045578329806E-005
   6.2400000000054572        5.1463740823926203E-005
   6.2600000000054639        4.8551821338431258E-005
   6.2800000000054705        4.5789372767532192E-005
   6.3000000000054772        4.3169719130474583E-005
   6.3200000000054839        4.0686418973241127E-005
   6.3400000000054906        3.8333261257979355E-005
   6.3600000000054973        3.6104261020089920E-005
   6.3800000000055039        3.3993654822556846E-005
   6.4000000000055106        3.1995896035316665E-005
   6.4200000000055173        3.0105649965752864E-005
   6.4400000000055240        2.8317788864737954E-005
   6.4600000000055307        2.6627386831054874E-005
   6.4800000000055373        2.5029714635490318E-005
   6.5000000000055440        2.3520234484418961E-005
   6.5200000000055507        2.2094594741281335E-005
   6.5400000000055574        2.0748624623003702E-005
   6.5600000000055640        1.9478328887109846E-005
   6.5800000000055707        1.8279882524037385E-005
   6.6000000000055774        1.7149625467989116E-005
   6.6200000000055841        1.6084057338524269E-005
   6.6400000000055908        1.5079832224025026E-005
   6.6600000000055974        1.4133753517155824E-005
   6.6800000000056041        1.3242768811471525E-005
   6.7000000000056108        1.2403964867415069E-005
   6.7200000000056175        1.1614562655085935E-005
   6.7400000000056242        1.0871912480344183E-005
   6.7600000000056308        1.0173489200049702E-005
   6.7800000000056375        9.5168875315143312E-006
   6.8000000000056442        8.8998174605676164E-006
   6.8200000000056509        8.3200997520024921E-006
   6.8400000000056576        7.7756615655737117E-006
   6.8600000000056642        7.2645321801676625E-006
   6.8800000000056709        6.7848388282467818E-006
   6.9000000000056776        6.3348026421916107E-006
   6.9200000000056843        5.9127347137193802E-006
   6.9400000000056909        5.5170322671466190E-006
   6.9600000000056976        5.1461749468839377E-006
   6.9800000000057043        4.7987212192023717E-006
   7.0000000000057110        4.4733048879907893E-006
   7.0200000000057177        4.1686317239314086E-006
   7.0400000000057243        3.8834762062544365E-006
   7.0600000000057310        3.6166783759916258E-006
   7.0800000000057377        3.3671407994303247E-006
   7.1000000000057444        3.1338256402743089E-006
   7.1200000000057511        2.9157518388426535E-006
   7.1400000000057577        2.7119923964830692E-006
   7.1600000000057644        2.5216717632395059E-006
   7.1800000000057711        2.3439633266945862E-006
   7.2000000000057778        2.1780869998048815E-006
   7.2200000000057845        2.0233069054590556E-006
   7.2400000000057911        1.8789291554157912E-006
   7.2600000000057978        1.7442997212178477E-006
   7.2800000000058045        1.6188023946309507E-006
   7.3000000000058112        1.5018568351194177E-006
   7.3200000000058179        1.3929167018444566E-006
   7.3400000000058245        1.2914678676545695E-006
   7.3600000000058312        1.1970267125301355E-006
   7.3800000000058379        1.1091384939447851E-006
   7.4000000000058446        1.0273757916143232E-006
   7.4200000000058512        9.5133702411890495E-007
   7.4400000000058579        8.8064503490506410E-007
   7.4600000000058646        8.1494574520085824E-007
   7.4800000000058713        7.5390687140891366E-007
   7.5000000000058780        6.9721670457804535E-007
   7.5200000000058846        6.4458294959415255E-007
   7.5400000000058913        5.9573162177435541E-007
   7.5600000000058980        5.5040599859480496E-007
   7.5800000000059047        5.0836562433154458E-007
   7.6000000000059114        4.6938536544511790E-007
   7.6200000000059180        4.3325451459259569E-007
   7.6400000000059247        3.9977594120545244E-007
   7.6600000000059314        3.6876528662748575E-007
   7.6800000000059381        3.4005020186383381E-007
   7.7000000000059448        3.1346962604959747E-007
   7.7200000000059514        2.8887310380449548E-007
   7.7400000000059581        2.6612013969810251E-007
   7.7600000000059648        2.4507958810839249E-007
   7.7800000000059715        2.2562907681423504E-007
   7.8000000000059782        2.0765446272017502E-007
   7.8200000000059848        1.9104931816891748E-007
   7.8400000000059915        1.7571444635350161E-007
   7.8600000000059982        1.6155742439689415E-007
   7.8800000000060049        1.4849217272163432E-007
   7.9000000000060115        1.3643854938617193E-007
   7.9200000000060182        1.2532196811741277E-007
   7.9400000000060249        1.1507303882086474E-007
   7.9600000000060316        1.0562722940039705E-007
   7.9800000000060383        9.6924547769089929E-008
   8.0000000000060449        8.8909242980802104E-008
   8.0200000000060516        8.1529524458981488E-008
   8.0400000000060583        7.4737298344778129E-008
   8.0600000000060650        6.8487920030723670E-008
   8.0800000000060717        6.2739961989084352E-008
   8.1000000000060783        5.7454996045459609E-008
   8.1200000000060850        5.2597389288302294E-008
   8.1400000000060917        4.8134112843752430E-008
   8.1600000000060984        4.4034562782549331E-008
   8.1800000000061051        4.0270392461783392E-008
   8.2000000000061117        3.6815355638919089E-008
   8.2200000000061184        3.3645159728866996E-008
   8.2400000000061251        3.0737328606910652E-008
   8.2600000000061318        2.8071074391063542E-008
   8.2800000000061384        2.5627177666921650E-008
   8.3000000000061451        2.3387875646352979E-008
   8.3200000000061518        2.1336757778428906E-008
   8.3400000000061585        1.9458668356900521E-008
   8.3600000000061652        1.7739615693271419E-008
   8.3800000000061718        1.6166687448161312E-008
   8.4000000000061785        1.4727971736216873E-008
   8.4200000000061852        1.3412483641341916E-008
   8.4400000000061919        1.2210096799522853E-008
   8.4600000000061986        1.1111479726047102E-008
   8.4800000000062052        1.0108036582491308E-008
   8.5000000000062119        9.1918520965181517E-009
   8.5200000000062186        8.3556403643059158E-009
   8.5400000000062253        7.5926972813708950E-009
   8.5600000000062320        6.8968563626658410E-009
   8.5800000000062386        6.2624477271769674E-009
   8.6000000000062453        5.6842600358318362E-009
   8.6200000000062520        5.1575051843989526E-009
   8.6400000000062587        4.6777855652400063E-009
   8.6600000000062654        4.2410637232952351E-009
   8.6800000000062720        3.8436342425719293E-009
   8.7000000000062787        3.4820977096921752E-009
   8.7200000000062854        3.1533366107674869E-009
   8.7400000000062921        2.8544930270308106E-009
   8.7600000000062987        2.5829480032969937E-009
   8.7800000000063054        2.3363024714654339E-009
   8.8000000000063121        2.1123596189482120E-009
   8.8200000000063188        1.9091085991267241E-009
   8.8400000000063255        1.7247094877318934E-009
   8.8600000000063321        1.5574793954297594E-009
   8.8800000000063388        1.4058796528957178E-009
   8.9000000000063455        1.2685039902980926E-009
   8.9200000000063522        1.1440676384031435E-009
   8.9400000000063589        1.0313972834781949E-009
   8.9600000000063655        9.2942181282534031E-010
   8.9800000000063722        8.3716379214087439E-010
   9.0000000000063789        7.5373161998286601E-010
   9.0200000000063856        6.7831230845560640E-010
   9.0400000000063923        6.1016484279989278E-010
   9.0600000000063989        5.4861407592699400E-010
   9.0800000000064056        4.9304511706413370E-010
   9.1000000000064123        4.4289817660389254E-010
   9.1200000000064190        3.9766383198091171E-010
   9.1400000000064257        3.5687868194818397E-010
   9.1600000000064323        3.2012135900307157E-010
   9.1800000000064390        2.8700887193035134E-010
   9.2000000000064457        2.5719325249583213E-010
   9.2200000000064524        2.3035848224879293E-010
   9.2400000000064590        2.0621767718349274E-010
   9.2600000000064657        1.8451050967751711E-010
   9.2800000000064724        1.6500084867581775E-010
   9.3000000000064791        1.4747460053122281E-010
   9.3200000000064858        1.3173773425213944E-010
   9.3400000000064924        1.1761447615262081E-010
   9.3600000000064991        1.0494566005527451E-010
   9.3800000000065058        9.3587220269455165E-011
   9.4000000000065125        8.3408815561406235E-011
   9.4200000000065192        7.4292573254634680E-011
   9.4400000000065258        6.6131943452769987E-011
   9.4600000000065325        5.8830654168043869E-011
   9.4800000000065392        5.2301758870630016E-011
   9.5000000000065459        4.6466768651488831E-011
   9.5200000000065526        4.1254861817841758E-011
   9.5400000000065592        3.6602164319506083E-011
   9.5600000000065659        3.2451094939414960E-011
   9.5800000000065726        2.8749769675804732E-011
   9.6000000000065793        2.5451460199731573E-011
   9.6200000000065859        2.2514101692475087E-011
   9.6400000000065926        1.9899845755560964E-011
   9.6600000000065993        1.7574654443969844E-011
   9.6800000000066060        1.5507931802802170E-011
   9.7000000000066127        1.3672189591318355E-011
   9.7200000000066193        1.2042744157802357E-011
   9.7400000000066260        1.0597441685891078E-011
   9.7600000000066327        9.3164092695612946E-012
   9.7800000000066394        8.1818294914155154E-012
   9.8000000000066461        7.1777363787149901E-012
   9.8200000000066527        6.2898307951159356E-012
   9.8400000000066594        5.5053134945282088E-012
   9.8600000000066661        4.8127342180928729E-012
   9.8800000000066728        4.2018553570486909E-012
   9.9000000000066795        3.6635288342270608E-012
   9.9200000000066861        3.1895849760068233E-012
   9.9400000000066928        2.7727322556359884E-012
   9.9600000000066995        2.4064668886834666E-012
   9.9800000000067062        2.0849913527543175E-012
