  -10.000000000000000        2.7819622370173055E-011
  -9.9799999999999933        3.0732037195324161E-011
  -9.9599999999999866        3.3940660126744808E-011
  -9.9399999999999800        3.7474681812799995E-011
  -9.9199999999999733        4.1366071357359830E-011
  -9.8999999999999666        4.5649830732614977E-011
  -9.8799999999999599        5.0364271487342109E-011
  -9.8599999999999532        5.5551315607791074E-011
  -9.8399999999999466        6.1256822534006288E-011
  -9.8199999999999399        6.7530944490629709E-011
  -9.7999999999999332        7.4428512458760548E-011
  -9.7799999999999265        8.2009455295005201E-011
  -9.7599999999999199        9.0339254696246508E-011
  -9.7399999999999132        9.9489438914654700E-011
  -9.7199999999999065        1.0953811834800958E-010
  -9.6999999999998998        1.2057056636633524E-010
  -9.6799999999998931        1.3267984898818309E-010
  -9.6599999999998865        1.4596750728965482E-010
  -9.6399999999998798        1.6054429671742589E-010
  -9.6199999999998731        1.7653098778488084E-010
  -9.5999999999998664        1.9405923295899830E-010
  -9.5799999999998597        2.1327250489623587E-010
  -9.5599999999998531        2.3432711155953097E-010
  -9.5399999999998464        2.5739329414711601E-010
  -9.5199999999998397        2.8265641418843437E-010
  -9.4999999999998330        3.1031823661471204E-010
  -9.4799999999998263        3.4059831609303825E-010
  -9.4599999999998197        3.7373549442490416E-010
  -9.4399999999998130        4.0998951735470176E-010
  -9.4199999999998063        4.4964277971236452E-010
  -9.3999999999997996        4.9300220842917096E-010
  -9.3799999999997929        5.4040129361835846E-010
  -9.3599999999997863        5.9220227860489300E-010
  -9.3399999999997796        6.4879852052332698E-010
  -9.3199999999997729        7.1061703388138463E-010
  -9.2999999999997662        7.7812123031191978E-010
  -9.2799999999997596        8.5181386860953054E-010
  -9.2599999999997529        9.3224023007264473E-010
  -9.2399999999997462        1.0199915351497423E-009
  -9.2199999999997395        1.1157086184221002E-009
  -9.1999999999997328        1.2200858800476970E-009
  -9.1799999999997262        1.3338755329439791E-009
  -9.1599999999997195        1.4578921662041111E-009
  -9.1399999999997128        1.5930176465247616E-009
  -9.1199999999997061        1.7402063807761367E-009
  -9.0999999999996994        1.9004909642698113E-009
  -9.0799999999996928        2.0749882407798284E-009
  -9.0599999999996861        2.2649058019502802E-009
  -9.0399999999996794        2.4715489553819091E-009
  -9.0199999999996727        2.6963281924326790E-009
  -8.9999999999996660        2.9407671885976932E-009
  -8.9799999999996594        3.2065113712535410E-009
  -8.9599999999996527        3.4953370915658166E-009
  -8.9399999999996460        3.8091614394670954E-009
  -8.9199999999996393        4.1500527428224697E-009
  -8.8999999999996326        4.5202417942087781E-009
  -8.8799999999996260        4.9221338511507768E-009
  -8.8599999999996193        5.3583214581803570E-009
  -8.8399999999996126        5.8315981417189673E-009
  -8.8199999999996059        6.3449730315317539E-009
  -8.7999999999995993        6.9016864653642418E-009
  -8.7799999999995926        7.5052266363547727E-009
  -8.7599999999995859        8.1593473459176184E-009
  -8.7399999999995792        8.8680869280155800E-009
  -8.7199999999995725        9.6357884140913507E-009
  -8.6999999999995659        1.0467121011398477E-008
  -8.6799999999995592        1.1367102971077420E-008
  -8.6599999999995525        1.2341125926049856E-008
  -8.6399999999995458        1.3394980782662996E-008
  -8.6199999999995391        1.4534885254003342E-008
  -8.5999999999995325        1.5767513126914781E-008
  -8.5799999999995258        1.7100025358999700E-008
  -8.5599999999995191        1.8540103106252758E-008
  -8.5399999999995124        2.0095982786474797E-008
  -8.5199999999995057        2.1776493288229725E-008
  -8.4999999999994991        2.3591095439851682E-008
  -8.4799999999994924        2.5549923857862329E-008
  -8.4599999999994857        2.7663831299127145E-008
  -8.4399999999994790        2.9944435646157790E-008
  -8.4199999999994724        3.2404169660141071E-008
  -8.3999999999994657        3.5056333641550712E-008
  -8.3799999999994590        3.7915151143553044E-008
  -8.3599999999994523        4.0995827888859745E-008
  -8.3399999999994456        4.4314614046180487E-008
  -8.3199999999994390        4.7888870027995595E-008
  -8.2999999999994323        5.1737135976976605E-008
  -8.2799999999994256        5.5879205114021232E-008
  -8.2599999999994189        6.0336201126526889E-008
  -8.2399999999994122        6.5130659781193986E-008
  -8.2199999999994056        7.0286614951279359E-008
  -8.1999999999993989        7.5829689253843765E-008
  -8.1799999999993922        8.1787189498080718E-008
  -8.1599999999993855        8.8188207151292901E-008
  -8.1399999999993788        9.5063724034457236E-008
  -8.1199999999993722        1.0244672346456585E-007
  -8.0999999999993655        1.1037230706602089E-007
  -8.0799999999993588        1.1887781747828025E-007
  -8.0599999999993521        1.2800296719162736E-007
  -8.0399999999993454        1.3778997374741036E-007
  -8.0199999999993388        1.4828370154324231E-007
  -7.9999999999993321        1.5953181048749560E-007
  -7.9799999999993254        1.7158491175093778E-007
  -7.9599999999993187        1.8449673086640294E-007
  -7.9399999999993121        1.9832427843006192E-007
  -7.9199999999993054        2.1312802866000799E-007
  -7.8999999999992987        2.2897210606946047E-007
  -7.8799999999992920        2.4592448051296000E-007
  -7.8599999999992853        2.6405717086429283E-007
  -7.8399999999992787        2.8344645758457187E-007
  -7.8199999999992720        3.0417310443788632E-007
  -7.7999999999992653        3.2632258961002619E-007
  -7.7799999999992586        3.4998534648310490E-007
  -7.7599999999992519        3.7525701431521114E-007
  -7.7399999999992453        4.0223869906959448E-007
  -7.7199999999992386        4.3103724463216582E-007
  -7.6999999999992319        4.6176551464927137E-007
  -7.6799999999992252        4.9454268520963243E-007
  -7.6599999999992185        5.2949454858509838E-007
  -7.6399999999992119        5.6675382823416261E-007
  -7.6199999999992052        6.0646050526018112E-007
  -7.5999999999991985        6.4876215650269656E-007
  -7.5799999999991918        6.9381430442517617E-007
  -7.5599999999991851        7.4178077894570983E-007
  -7.5399999999991785        7.9283409133891583E-007
  -7.5199999999991718        8.4715582031689456E-007
  -7.4999999999991651        9.0493701037519505E-007
  -7.4799999999991584        9.6637858246567393E-007
  -7.4599999999991518        1.0316917570321141E-006
  -7.4399999999991451        1.1010984894165501E-006
  -7.4199999999991384        1.1748319176138717E-006
  -7.3999999999991317        1.2531368223200358E-006
  -7.3799999999991250        1.3362700991845256E-006
  -7.3599999999991184        1.4245012431406376E-006
  -7.3399999999991117        1.5181128446480005E-006
  -7.3199999999991050        1.6174010976397602E-006
  -7.2999999999990983        1.7226763189227773E-006
  -7.2799999999990916        1.8342634787323210E-006
  -7.2599999999990850        1.9525027420935704E-006
  -7.2399999999990783        2.0777500205901772E-006
  -7.2199999999990716        2.2103775340859485E-006
  -7.1999999999990649        2.3507743818883590E-006
  -7.1799999999990582        2.4993471227833560E-006
  -7.1599999999990516        2.6565203633082554E-006
  -7.1399999999990449        2.8227373535650645E-006
  -7.1199999999990382        2.9984605898091289E-006
  -7.0999999999990315        3.1841724229781618E-006
  -7.0799999999990249        3.3803756722545077E-006
  -7.0599999999990182        3.5875942426788802E-006
  -7.0399999999990115        3.8063737457568380E-006
  -7.0199999999990048        4.0372821219204048E-006
  -6.9999999999989981        4.2809102636258621E-006
  -6.9799999999989915        4.5378726377857780E-006
  -6.9599999999989848        4.8088079061486756E-006
  -6.9399999999989781        5.0943795421529517E-006
  -6.9199999999989714        5.3952764426941424E-006
  -6.8999999999989647        5.7122135331552925E-006
  -6.8799999999989581        6.0459323639603208E-006
  -6.8599999999989514        6.3972016968193660E-006
  -6.8399999999989447        6.7668180787438973E-006
  -6.8199999999989380        7.1556064018179217E-006
  -6.7999999999989313        7.5644204466203862E-006
  -6.7799999999989247        7.9941434071032752E-006
  -6.7599999999989180        8.4456883946392908E-006
  -6.7399999999989113        8.9199989188656124E-006
  -6.7199999999989046        9.4180493428614943E-006
  -6.6999999999988979        9.9408453101142673E-006
  -6.6799999999988913        1.0489424140644627E-005
  -6.6599999999988846        1.1064855193583104E-005
  -6.6399999999988779        1.1668240193414326E-005
  -6.6199999999988712        1.2300713517032765E-005
  -6.5999999999988646        1.2963442438687777E-005
  -6.5799999999988579        1.3657627329832754E-005
  -6.5599999999988512        1.4384501810837797E-005
  -6.5399999999988445        1.5145332851474710E-005
  -6.5199999999988378        1.5941420817041338E-005
  -6.4999999999988312        1.6774099456956775E-005
  -6.4799999999988245        1.7644735832631564E-005
  -6.4599999999988178        1.8554730181401141E-005
  -6.4399999999988111        1.9505515713300833E-005
  -6.4199999999988044        2.0498558337465216E-005
  -6.3999999999987978        2.1535356314946660E-005
  -6.3799999999987911        2.2617439834774606E-005
  -6.3599999999987844        2.3746370510115297E-005
  -6.3399999999987777        2.4923740791443008E-005
  -6.3199999999987710        2.6151173293699307E-005
  -6.2999999999987644        2.7430320034498170E-005
  -6.2799999999987577        2.8762861580529682E-005
  -6.2599999999987510        3.0150506099429391E-005
  -6.2399999999987443        3.1594988314505467E-005
  -6.2199999999987376        3.3098068359868202E-005
  -6.1999999999987310        3.4661530533666050E-005
  -6.1799999999987243        3.6287181947319705E-005
  -6.1599999999987176        3.7976851068846260E-005
  -6.1399999999987109        3.9732386158592019E-005
  -6.1199999999987043        4.1555653595931037E-005
  -6.0999999999986976        4.3448536095756940E-005
  -6.0799999999986909        4.5412930813875431E-005
  -6.0599999999986842        4.7450747340716989E-005
  -6.0399999999986775        4.9563905583114728E-005
  -6.0199999999986709        5.1754333534247157E-005
  -5.9999999999986642        5.4023964932214902E-005
  -5.9799999999986575        5.6374736808121276E-005
  -5.9599999999986508        5.8808586924939534E-005
  -5.9399999999986441        6.1327451108893652E-005
  -5.9199999999986375        6.3933260475537175E-005
  -5.8999999999986308        6.6627938553205637E-005
  -5.8799999999986241        6.9413398307009710E-005
  -5.8599999999986174        7.2291539067076326E-005
  -5.8399999999986107        7.5264243365276624E-005
  -5.8199999999986041        7.8333373685251956E-005
  -5.7999999999985974        8.1500769131124230E-005
  -5.7799999999985907        8.4768242020884696E-005
  -5.7599999999985840        8.8137574411055396E-005
  -5.7399999999985774        9.1610514559863602E-005
  -5.7199999999985707        9.5188773336793959E-005
  -5.6999999999985640        9.8874020587051624E-005
  -5.6799999999985573        1.0266788146011941E-004
  -5.6599999999985506        1.0657193271226965E-004
  -5.6399999999985440        1.1058769899356171E-004
  -5.6199999999985373        1.1471664913053794E-004
  -5.5999999999985306        1.1896019241650996E-004
  -5.5799999999985239        1.2331967492199494E-004
  -5.5599999999985172        1.2779637583855096E-004
  -5.5399999999985106        1.3239150386990480E-004
  -5.5199999999985039        1.3710619368493968E-004
  -5.4999999999984972        1.4194150244773050E-004
  -5.4799999999984905        1.4689840644045637E-004
  -5.4599999999984838        1.5197779779560600E-004
  -5.4399999999984772        1.5718048135448338E-004
  -5.4199999999984705        1.6250717166955983E-004
  -5.3999999999984638        1.6795849016874555E-004
  -5.3799999999984571        1.7353496250013234E-004
  -5.3599999999984504        1.7923701607620569E-004
  -5.3399999999984438        1.8506497783691254E-004
  -5.3199999999984371        1.9101907225134549E-004
  -5.2999999999984304        1.9709941957807322E-004
  -5.2799999999984237        2.0330603440441567E-004
  -5.2599999999984171        2.0963882448512690E-004
  -5.2399999999984104        2.1609758990107485E-004
  -5.2199999999984037        2.2268202255854681E-004
  -5.1999999999983970        2.2939170604979099E-004
  -5.1799999999983903        2.3622611589529282E-004
  -5.1599999999983837        2.4318462018809909E-004
  -5.1399999999983770        2.5026648066023738E-004
  -5.1199999999983703        2.5747085419090511E-004
  -5.0999999999983636        2.6479679477565352E-004
  -5.0799999999983569        2.7224325597523697E-004
  -5.0599999999983503        2.7980909386213909E-004
  -5.0399999999983436        2.8749307048203470E-004
  -5.0199999999983369        2.9529385784657450E-004
  -4.9999999999983302        3.0321004247291206E-004
  -4.9799999999983235        3.1124013048429422E-004
  -4.9599999999983169        3.1938255328484594E-004
  -4.9399999999983102        3.2763567382035661E-004
  -4.9199999999983035        3.3599779343543648E-004
  -4.8999999999982968        3.4446715933587533E-004
  -4.8799999999982901        3.5304197266333471E-004
  -4.8599999999982835        3.6172039718775675E-004
  -4.8399999999982768        3.7050056862091430E-004
  -4.8199999999982701        3.7938060455255089E-004
  -4.7999999999982634        3.8835861500837685E-004
  -4.7799999999982568        3.9743271362696310E-004
  -4.7599999999982501        4.0660102945018825E-004
  -4.7399999999982434        4.1586171931942944E-004
  -4.7199999999982367        4.2521298086710884E-004
  -4.6999999999982300        4.3465306609053182E-004
  -4.6799999999982234        4.4418029549217480E-004
  -4.6599999999982167        4.5379307276772254E-004
  -4.6399999999982100        4.6348990002022288E-004
  -4.6199999999982033        4.7326939347569274E-004
  -4.5999999999981966        4.8313029967243294E-004
  -4.5799999999981900        4.9307151209317124E-004
  -4.5599999999981833        5.0309208820594809E-004
  -4.5399999999981766        5.1319126687643932E-004
  -4.5199999999981699        5.2336848611114057E-004
  -4.4999999999981632        5.3362340108756116E-004
  -4.4799999999981566        5.4395590242429257E-004
  -4.4599999999981499        5.5436613464053715E-004
  -4.4399999999981432        5.6485451475141570E-004
  -4.4199999999981365        5.7542175094216403E-004
  -4.3999999999981299        5.8606886126112234E-004
  -4.3799999999981232        5.9679719226834473E-004
  -4.3599999999981165        6.0760843757356943E-004
  -4.3399999999981098        6.1850465619438006E-004
  -4.3199999999981031        6.2948829066254101E-004
  -4.2999999999980965        6.4056218480376735E-004
  -4.2799999999980898        6.5172960111363021E-004
  -4.2599999999980831        6.6299423764988239E-004
  -4.2399999999980764        6.7436024435926193E-004
  -4.2199999999980697        6.8583223875475863E-004
  -4.1999999999980631        6.9741532085754870E-004
  -4.1799999999980564        7.0911508731612575E-004
  -4.1599999999980497        7.2093764461386397E-004
  -4.1399999999980430        7.3288962127510105E-004
  -4.1199999999980363        7.4497817897900586E-004
  -4.0999999999980297        7.5721102249000100E-004
  -4.0799999999980230        7.6959640831323478E-004
  -4.0599999999980163        7.8214315198374157E-004
  -4.0399999999980096        7.9486063389834114E-004
  -4.0199999999980029        8.0775880360013576E-004
  -3.9999999999979963        8.2084818242659520E-004
  -3.9799999999979896        8.3413986443378694E-004
  -3.9599999999979829        8.4764551551119629E-004
  -3.9399999999979762        8.6137737060390919E-004
  -3.9199999999979696        8.7534822896166210E-004
  -3.8999999999979629        8.8957144733738482E-004
  -3.8799999999979562        9.0406093106143199E-004
  -3.8599999999979495        9.1883112292165858E-004
  -3.8399999999979428        9.3389698978392586E-004
  -3.8199999999979362        9.4927400689243189E-004
  -3.7999999999979295        9.6497813979455897E-004
  -3.7799999999979228        9.8102582384055606E-004
  -3.7599999999979161        9.9743394121455881E-004
  -3.7399999999979094        1.0142197954599078E-003
  -3.7199999999979028        1.0314010834687069E-003
  -3.6999999999978961        1.0489958649128521E-003
  -3.6799999999978894        1.0670225291015056E-003
  -3.6599999999978827        1.0854997592580722E-003
  -3.6399999999978760        1.1044464942181623E-003
  -3.6199999999978694        1.1238818875588263E-003
  -3.5999999999978627        1.1438252641784302E-003
  -3.5799999999978560        1.1642960743559422E-003
  -3.5599999999978493        1.1853138453280635E-003
  -3.5399999999978427        1.2068981304325258E-003
  -3.5199999999978360        1.2290684558760384E-003
  -3.4999999999978293        1.2518442651956215E-003
  -3.4799999999978226        1.2752448614925624E-003
  -3.4599999999978159        1.2992893475287904E-003
  -3.4399999999978093        1.3239965637860992E-003
  -3.4199999999978026        1.3493850245993911E-003
  -3.3999999999977959        1.3754728524857493E-003
  -3.3799999999977892        1.4022777108018778E-003
  -3.3599999999977825        1.4298167348729639E-003
  -3.3399999999977759        1.4581064617465041E-003
  -3.3199999999977692        1.4871627587349223E-003
  -3.2999999999977625        1.5170007509208467E-003
  -3.2799999999977558        1.5476347478087422E-003
  -3.2599999999977491        1.5790781693160792E-003
  -3.2399999999977425        1.6113434713063417E-003
  -3.2199999999977358        1.6444420708749293E-003
  -3.1999999999977291        1.6783842716072536E-003
  -3.1799999999977224        1.7131791890361223E-003
  -3.1599999999977157        1.7488346765327197E-003
  -3.1399999999977091        1.7853572518720870E-003
  -3.1199999999977024        1.8227520247200402E-003
  -3.0999999999976957        1.8610226252937052E-003
  -3.0799999999976890        1.9001711344524238E-003
  -3.0599999999976824        1.9401980154795913E-003
  -3.0399999999976757        1.9811020478189092E-003
  -3.0199999999976690        2.0228802630307143E-003
  -2.9999999999976623        2.0655278832352026E-003
  -2.9799999999976556        2.1090382623097387E-003
  -2.9599999999976490        2.1534028301067295E-003
  -2.9399999999976423        2.1986110399569683E-003
  -2.9199999999976356        2.2446503197206379E-003
  -2.8999999999976289        2.2915060266445841E-003
  -2.8799999999976222        2.3391614062796763E-003
  -2.8599999999976156        2.3875975557063199E-003
  -2.8399999999976089        2.4367933913093673E-003
  -2.8199999999976022        2.4867256213356873E-003
  -2.7999999999975955        2.5373687234586865E-003
  -2.7799999999975888        2.5886949275640016E-003
  -2.7599999999975822        2.6406742039593641E-003
  -2.7399999999975755        2.6932742571994998E-003
  -2.7199999999975688        2.7464605257036382E-003
  -2.6999999999975621        2.8001961873289002E-003
  -2.6799999999975554        2.8544421710475915E-003
  -2.6599999999975488        2.9091571748602382E-003
  -2.6399999999975421        2.9642976900589061E-003
  -2.6199999999975354        3.0198180319374419E-003
  -2.5999999999975287        3.0756703770262548E-003
  -2.5799999999975221        3.1318048069096821E-003
  -2.5599999999975154        3.1881693586634473E-003
  -2.5399999999975087        3.2447100819287147E-003
  -2.5199999999975020        3.3013711026174540E-003
  -2.4999999999974953        3.3580946932216488E-003
  -2.4799999999974887        3.4148213496760552E-003
  -2.4599999999974820        3.4714898747011894E-003
  -2.4399999999974753        3.5280374675296980E-003
  -2.4199999999974686        3.5843998198956568E-003
  -2.3999999999974619        3.6405112181424519E-003
  -2.3799999999974553        3.6963046512810912E-003
  -2.3599999999974486        3.7517119248069073E-003
  -2.3399999999974419        3.8066637800589121E-003
  -2.3199999999974352        3.8610900188825793E-003
  -2.2999999999974285        3.9149196333336626E-003
  -2.2799999999974219        3.9680809401379490E-003
  -2.2599999999974152        4.0205017195995710E-003
  -2.2399999999974085        4.0721093586289555E-003
  -2.2199999999974018        4.1228309975405711E-003
  -2.1999999999973952        4.1725936802506254E-003
  -2.1799999999973885        4.2213245074856466E-003
  -2.1599999999973818        4.2689507925948496E-003
  -2.1399999999973751        4.3154002195420543E-003
  -2.1199999999973684        4.3606010026371921E-003
  -2.0999999999973618        4.4044820475528422E-003
  -2.0799999999973551        4.4469731131580748E-003
  -2.0599999999973484        4.4880049736901982E-003
  -2.0399999999973417        4.5275095807747476E-003
  -2.0199999999973350        4.5654202247955794E-003
  -1.9999999999973281        4.6016716951098741E-003
  -1.9799999999973212        4.6362004385978170E-003
  -1.9599999999973143        4.6689447160332288E-003
  -1.9399999999973074        4.6998447557598435E-003
  -1.9199999999973005        4.7288429041583728E-003
  -1.8999999999972936        4.7558837723915663E-003
  -1.8799999999972867        4.7809143789187079E-003
  -1.8599999999972798        4.8038842872772181E-003
  -1.8399999999972729        4.8247457386369685E-003
  -1.8199999999972660        4.8434537786431120E-003
  -1.7999999999972591        4.8599663780752997E-003
  -1.7799999999972522        4.8742445468651597E-003
  -1.7599999999972453        4.8862524410298079E-003
  -1.7399999999972384        4.8959574620972435E-003
  -1.7199999999972315        4.9033303486190494E-003
  -1.6999999999972246        4.9083452593875181E-003
  -1.6799999999972177        4.9109798479976853E-003
  -1.6599999999972108        4.9112153284197966E-003
  -1.6399999999972039        4.9090365312745576E-003
  -1.6199999999971970        4.9044319505316524E-003
  -1.5999999999971901        4.8973937803819595E-003
  -1.5799999999971832        4.8879179420648804E-003
  -1.5599999999971763        4.8760041004647205E-003
  -1.5399999999971694        4.8616556703235791E-003
  -1.5199999999971625        4.8448798119528893E-003
  -1.4999999999971556        4.8256874163612584E-003
  -1.4799999999971487        4.8040930797526357E-003
  -1.4599999999971418        4.7801150673859091E-003
  -1.4399999999971349        4.7537752668244454E-003
  -1.4199999999971280        4.7250991306421169E-003
  -1.3999999999971211        4.6941156086905290E-003
  -1.3799999999971142        4.6608570700702482E-003
  -1.3599999999971073        4.6253592149872310E-003
  -1.3399999999971004        4.5876609767133616E-003
  -1.3199999999970935        4.5478044139077162E-003
  -1.2999999999970866        4.5058345935921644E-003
  -1.2799999999970797        4.4617994651112124E-003
  -1.2599999999970728        4.4157497254414761E-003
  -1.2399999999970659        4.3677386762507233E-003
  -1.2199999999970590        4.3178220731395949E-003
  -1.1999999999970521        4.2660579675313001E-003
  -1.1799999999970452        4.2125065417049782E-003
  -1.1599999999970383        4.1572299374975632E-003
  -1.1399999999970314        4.1002920792260400E-003
  -1.1199999999970245        4.0417584914076102E-003
  -1.0999999999970176        3.9816961118784118E-003
  -1.0799999999970107        3.9201731009330431E-003
  -1.0599999999970038        3.8572586471260235E-003
  -1.0399999999969969        3.7930227703932770E-003
  -1.0199999999969900        3.7275361231660256E-003
 -0.99999999999698319        3.6608697901614820E-003
 -0.97999999999697640        3.5930950875440902E-003
 -0.95999999999696961        3.5242833621577660E-003
 -0.93999999999696282        3.4545057915337557E-003
 -0.91999999999695603        3.3838331853800656E-003
 -0.89999999999694924        3.3123357892570634E-003
 -0.87999999999694245        3.2400830911397467E-003
 -0.85999999999693566        3.1671436315602662E-003
 -0.83999999999692887        3.0935848180146919E-003
 -0.81999999999692208        3.0194727443055894E-003
 -0.79999999999691529        2.9448720154768835E-003
 -0.77999999999690850        2.8698455789797016E-003
 -0.75999999999690171        2.7944545626875524E-003
 -0.73999999999689492        2.7187581203561312E-003
 -0.71999999999688813        2.6428132850977401E-003
 -0.69999999999688134        2.5666748314123649E-003
 -0.67999999999687455        2.4903951462873991E-003
 -0.65999999999686776        2.4140241098456806E-003
 -0.63999999999686097        2.3376089859870643E-003
 -0.61999999999685418        2.2611943234324993E-003
 -0.59999999999684739        2.1848218675414280E-003
 -0.57999999999684060        2.1085304832334810E-003
 -0.55999999999683381        2.0323560893042276E-003
 -0.53999999999682702        1.9563316043820639E-003
 -0.51999999999682023        1.8804869047295036E-003
 -0.49999999999681344        1.8048487940473664E-003
 -0.47999999999680665        1.7294409853946865E-003
 -0.45999999999679986        1.6542840952909579E-003
 -0.43999999999679307        1.5793956500205727E-003
 -0.41999999999678628        1.5047901041123847E-003
 -0.39999999999677949        1.4304788709202801E-003
 -0.37999999999677270        1.3564703651837700E-003
 -0.35999999999676591        1.2827700574010279E-003
 -0.33999999999675912        1.2093805398007589E-003
 -0.31999999999675233        1.1363016036539523E-003
 -0.29999999999674554        1.0635303276221347E-003
 -0.27999999999673875        9.9106117679540156E-004
 -0.25999999999673196        9.1888611203141707E-004
 -0.23999999999672514        8.4699470916598212E-004
 -0.21999999999671832        7.7537428762672984E-004
 -0.19999999999671150        7.0401004794434134E-004
 -0.17999999999670468        6.3288521762036153E-004
 -0.15999999999669787        5.6198120477757762E-004
 -0.13999999999669105        4.9127775898794609E-004
 -0.11999999999668425        4.2075313864453070E-004
  -9.9999999996677441E-002   3.5038428421783354E-004
  -7.9999999996670637E-002   2.8014699671344127E-004
  -5.9999999996663833E-002   2.1001612062716626E-004
  -3.9999999996657029E-002   1.3996573067589539E-004
  -1.9999999996650222E-002   6.9969321567279336E-005
   3.3565858426065631E-012   5.9250941345219139E-014
   2.0000000003363393E-002  -6.9969321448798034E-005
   4.0000000003370201E-002  -1.3996573055747609E-004
   6.0000000003377005E-002  -2.1001612050885007E-004
   8.0000000003383809E-002  -2.8014699659526903E-004
  0.10000000000339061       -3.5038428409984600E-004
  0.12000000000339742       -4.2075313852676807E-004
  0.14000000000340423       -4.9127775887044753E-004
  0.16000000000341105       -5.6198120466038274E-004
  0.18000000000341787       -6.3288521750350861E-004
  0.20000000000342469       -7.0401004782786778E-004
  0.22000000000343151       -7.7537428751067294E-004
  0.24000000000343832       -8.4699470905037733E-004
  0.26000000000344514       -9.1888611191630028E-004
  0.28000000000345193       -9.9106117668080508E-004
  0.30000000000345872       -1.0635303275080927E-003
  0.32000000000346551       -1.1363016035404953E-003
  0.34000000000347230       -1.2093805396879178E-003
  0.36000000000347909       -1.2827700572888324E-003
  0.38000000000348588       -1.3564703650722468E-003
  0.40000000000349267       -1.4304788708094554E-003
  0.42000000000349946       -1.5047901040022838E-003
  0.44000000000350625       -1.5793956499112187E-003
  0.46000000000351304       -1.6542840951823724E-003
  0.48000000000351983       -1.7294409852868890E-003
  0.50000000000352662       -1.8048487939403765E-003
  0.52000000000353341       -1.8804869046233398E-003
  0.54000000000354020       -1.9563316042767393E-003
  0.56000000000354699       -2.0323560891997564E-003
  0.58000000000355378       -2.1085304831298768E-003
  0.60000000000356057       -2.1848218674386998E-003
  0.62000000000356736       -2.2611943233306567E-003
  0.64000000000357415       -2.3376089858861142E-003
  0.66000000000358094       -2.4140241097456304E-003
  0.68000000000358773       -2.4903951461882506E-003
  0.70000000000359452       -2.5666748313141218E-003
  0.72000000000360131       -2.6428132850004043E-003
  0.74000000000360810       -2.7187581202597023E-003
  0.76000000000361490       -2.7944545625920277E-003
  0.78000000000362169       -2.8698455788850794E-003
  0.80000000000362848       -2.9448720153831581E-003
  0.82000000000363527       -3.0194727442127574E-003
  0.84000000000364206       -3.0935848179227416E-003
  0.86000000000364885       -3.1671436314691915E-003
  0.88000000000365564       -3.2400830910495385E-003
  0.90000000000366243       -3.3123357891677108E-003
  0.92000000000366922       -3.3838331852915548E-003
  0.94000000000367601       -3.4545057914460767E-003
  0.96000000000368280       -3.5242833620709063E-003
  0.98000000000368959       -3.5930950874580344E-003
   1.0000000000036964       -3.6608697900762151E-003
   1.0200000000037033       -3.7275361230815294E-003
   1.0400000000037102       -3.7930227703095393E-003
   1.0600000000037171       -3.8572586470430256E-003
   1.0800000000037240       -3.9201731008507669E-003
   1.1000000000037309       -3.9816961117968451E-003
   1.1200000000037378       -4.0417584913267288E-003
   1.1400000000037447       -4.1002920791458298E-003
   1.1600000000037516       -4.1572299374180001E-003
   1.1800000000037585       -4.2125065416260526E-003
   1.2000000000037654       -4.2660579674529842E-003
   1.2200000000037723       -4.3178220730618810E-003
   1.2400000000037792       -4.3677386761735862E-003
   1.2600000000037861       -4.4157497253648993E-003
   1.2800000000037930       -4.4617994650351786E-003
   1.3000000000037999       -4.5058345935166588E-003
   1.3200000000038068       -4.5478044138327206E-003
   1.3400000000038137       -4.5876609766388578E-003
   1.3600000000038206       -4.6253592149132026E-003
   1.3800000000038275       -4.6608570699966795E-003
   1.4000000000038344       -4.6941156086174052E-003
   1.4200000000038413       -4.7250991305694320E-003
   1.4400000000038482       -4.7537752667521785E-003
   1.4600000000038551       -4.7801150673140499E-003
   1.4800000000038620       -4.8040930796811711E-003
   1.5000000000038689       -4.8256874162901763E-003
   1.5200000000038758       -4.8448798118821863E-003
   1.5400000000038827       -4.8616556702532404E-003
   1.5600000000038896       -4.8760041003947409E-003
   1.5800000000038965       -4.8879179419952477E-003
   1.6000000000039034       -4.8973937803126720E-003
   1.6200000000039103       -4.9044319504627041E-003
   1.6400000000039172       -4.9090365312059441E-003
   1.6600000000039241       -4.9112153283515153E-003
   1.6800000000039310       -4.9109798479297318E-003
   1.7000000000039379       -4.9083452593198934E-003
   1.7200000000039448       -4.9033303485517474E-003
   1.7400000000039517       -4.8959574620302676E-003
   1.7600000000039586       -4.8862524409631625E-003
   1.7800000000039655       -4.8742445467988465E-003
   1.8000000000039724       -4.8599663780093229E-003
   1.8200000000039793       -4.8434537785774692E-003
   1.8400000000039862       -4.8247457385716709E-003
   1.8600000000039931       -4.8038842872122692E-003
   1.8800000000040000       -4.7809143788541128E-003
   1.9000000000040069       -4.7558837723273338E-003
   1.9200000000040138       -4.7288429040945124E-003
   1.9400000000040207       -4.6998447556963578E-003
   1.9600000000040276       -4.6689447159701343E-003
   1.9800000000040345       -4.6362004385351258E-003
   2.0000000000040412       -4.6016716950475905E-003
   2.0200000000040479       -4.5654202247337192E-003
   2.0400000000040546       -4.5275095807133211E-003
   2.0600000000040612       -4.4880049736292149E-003
   2.0800000000040679       -4.4469731130975503E-003
   2.1000000000040746       -4.4044820474927878E-003
   2.1200000000040813       -4.3606010025776217E-003
   2.1400000000040880       -4.3154002194829818E-003
   2.1600000000040946       -4.2689507925362863E-003
   2.1800000000041013       -4.2213245074276080E-003
   2.2000000000041080       -4.1725936801931254E-003
   2.2200000000041147       -4.1228309974836235E-003
   2.2400000000041214       -4.0721093585725735E-003
   2.2600000000041280       -4.0205017195437702E-003
   2.2800000000041347       -3.9680809400827370E-003
   2.3000000000041414       -3.9149196332790613E-003
   2.3200000000041481       -3.8610900188286003E-003
   2.3400000000041548       -3.8066637800055697E-003
   2.3600000000041614       -3.7517119247542107E-003
   2.3800000000041681       -3.6963046512290534E-003
   2.4000000000041748       -3.6405112180910868E-003
   2.4200000000041815       -3.5843998198449747E-003
   2.4400000000041882       -3.5280374674797133E-003
   2.4600000000041948       -3.4714898746519098E-003
   2.4800000000042015       -3.4148213496274934E-003
   2.5000000000042082       -3.3580946931738151E-003
   2.5200000000042149       -3.3013711025703563E-003
   2.5400000000042215       -3.2447100818823607E-003
   2.5600000000042282       -3.1881693586178470E-003
   2.5800000000042349       -3.1318048068648434E-003
   2.6000000000042416       -3.0756703769821850E-003
   2.6200000000042483       -3.0198180318941449E-003
   2.6400000000042549       -2.9642976900163911E-003
   2.6600000000042616       -2.9091571748185076E-003
   2.6800000000042683       -2.8544421710066507E-003
   2.7000000000042750       -2.8001961872887514E-003
   2.7200000000042817       -2.7464605256642878E-003
   2.7400000000042883       -2.6932742571609460E-003
   2.7600000000042950       -2.6406742039216096E-003
   2.7800000000043017       -2.5886949275270481E-003
   2.8000000000043084       -2.5373687234225340E-003
   2.8200000000043151       -2.4867256213003341E-003
   2.8400000000043217       -2.4367933912748125E-003
   2.8600000000043284       -2.3875975556725618E-003
   2.8800000000043351       -2.3391614062467101E-003
   2.9000000000043418       -2.2915060266124076E-003
   2.9200000000043485       -2.2446503196892464E-003
   2.9400000000043551       -2.1986110399263570E-003
   2.9600000000043618       -2.1534028300768948E-003
   2.9800000000043685       -2.1090382622806696E-003
   3.0000000000043752       -2.0655278832068975E-003
   3.0200000000043818       -2.0228802630031647E-003
   3.0400000000043885       -1.9811020477921043E-003
   3.0600000000043952       -1.9401980154535243E-003
   3.0800000000044019       -1.9001711344270877E-003
   3.1000000000044086       -1.8610226252690886E-003
   3.1200000000044152       -1.8227520246961338E-003
   3.1400000000044219       -1.7853572518488775E-003
   3.1600000000044286       -1.7488346765101993E-003
   3.1800000000044353       -1.7131791890142793E-003
   3.2000000000044420       -1.6783842715860748E-003
   3.2200000000044486       -1.6444420708544047E-003
   3.2400000000044553       -1.6113434712864577E-003
   3.2600000000044620       -1.5790781692968225E-003
   3.2800000000044687       -1.5476347477901009E-003
   3.3000000000044754       -1.5170007509028073E-003
   3.3200000000044820       -1.4871627587174719E-003
   3.3400000000044887       -1.4581064617296292E-003
   3.3600000000044954       -1.4298167348566499E-003
   3.3800000000045021       -1.4022777107861124E-003
   3.4000000000045087       -1.3754728524705171E-003
   3.4200000000045154       -1.3493850245846770E-003
   3.4400000000045221       -1.3239965637718925E-003
   3.4600000000045288       -1.2992893475150728E-003
   3.4800000000045355       -1.2752448614793232E-003
   3.5000000000045421       -1.2518442651828442E-003
   3.5200000000045488       -1.2290684558637108E-003
   3.5400000000045555       -1.2068981304206331E-003
   3.5600000000045622       -1.1853138453165920E-003
   3.5800000000045689       -1.1642960743448777E-003
   3.6000000000045755       -1.1438252641677591E-003
   3.6200000000045822       -1.1238818875485353E-003
   3.6400000000045889       -1.1044464942082373E-003
   3.6600000000045956       -1.0854997592485008E-003
   3.6800000000046023       -1.0670225290922736E-003
   3.7000000000046089       -1.0489958649039473E-003
   3.7200000000046156       -1.0314010834601181E-003
   3.7400000000046223       -1.0142197954516208E-003
   3.7600000000046290       -9.9743394120656152E-004
   3.7800000000046357       -9.8102582383283697E-004
   3.8000000000046423       -9.6497813978710595E-004
   3.8200000000046490       -9.4927400688523452E-004
   3.8400000000046557       -9.3389698977697157E-004
   3.8600000000046624       -9.1883112291493859E-004
   3.8800000000046690       -9.0406093105493534E-004
   3.9000000000046757       -8.8957144733110025E-004
   3.9200000000046824       -8.7534822895558016E-004
   3.9400000000046891       -8.6137737059802111E-004
   3.9600000000046958       -8.4764551550549230E-004
   3.9800000000047024       -8.3413986442825772E-004
   4.0000000000047091       -8.2084818242123220E-004
   4.0200000000047158       -8.0775880359493138E-004
   4.0400000000047225       -7.9486063389328746E-004
   4.0600000000047292       -7.8214315197882949E-004
   4.0800000000047358       -7.6959640830845876E-004
   4.1000000000047425       -7.5721102248535238E-004
   4.1200000000047492       -7.4497817897447910E-004
   4.1400000000047559       -7.3288962127068867E-004
   4.1600000000047626       -7.2093764460956077E-004
   4.1800000000047692       -7.0911508731192447E-004
   4.2000000000047759       -6.9741532085344554E-004
   4.2200000000047826       -6.8583223875074795E-004
   4.2400000000047893       -6.7436024435533787E-004
   4.2600000000047960       -6.6299423764604160E-004
   4.2800000000048026       -6.5172960110986640E-004
   4.3000000000048093       -6.4056218480007792E-004
   4.3200000000048160       -6.2948829065892162E-004
   4.3400000000048227       -6.1850465619082669E-004
   4.3600000000048293       -6.0760843757007928E-004
   4.3800000000048360       -5.9679719226491486E-004
   4.4000000000048427       -5.8606886125774896E-004
   4.4200000000048494       -5.7542175093884442E-004
   4.4400000000048561       -5.6485451474814780E-004
   4.4600000000048627       -5.5436613463731880E-004
   4.4800000000048694       -5.4395590242112127E-004
   4.5000000000048761       -5.3362340108443422E-004
   4.5200000000048828       -5.2336848610805720E-004
   4.5400000000048895       -5.1319126687339705E-004
   4.5600000000048961       -5.0309208820294615E-004
   4.5800000000049028       -4.9307151209020757E-004
   4.6000000000049095       -4.8313029966950711E-004
   4.6200000000049162       -4.7326939347280296E-004
   4.6400000000049229       -4.6348990001736888E-004
   4.6600000000049295       -4.5379307276490296E-004
   4.6800000000049362       -4.4418029548938916E-004
   4.7000000000049429       -4.3465306608778007E-004
   4.7200000000049496       -4.2521298086438950E-004
   4.7400000000049562       -4.1586171931674284E-004
   4.7600000000049629       -4.0660102944753396E-004
   4.7800000000049696       -3.9743271362434107E-004
   4.8000000000049763       -3.8835861500578604E-004
   4.8200000000049830       -3.7938060454999195E-004
   4.8400000000049896       -3.7050056861838708E-004
   4.8600000000049963       -3.6172039718526065E-004
   4.8800000000050030       -3.5304197266087048E-004
   4.9000000000050097       -3.4446715933344140E-004
   4.9200000000050164       -3.3599779343303514E-004
   4.9400000000050230       -3.2763567381798633E-004
   4.9600000000050297       -3.1938255328250786E-004
   4.9800000000050364       -3.1124013048198769E-004
   5.0000000000050431       -3.0321004247063795E-004
   5.0200000000050498       -2.9529385784433297E-004
   5.0400000000050564       -2.8749307047982547E-004
   5.0600000000050631       -2.7980909385996272E-004
   5.0800000000050698       -2.7224325597309296E-004
   5.1000000000050765       -2.6479679477354302E-004
   5.1200000000050832       -2.5747085418882768E-004
   5.1400000000050898       -2.5026648065819339E-004
   5.1600000000050965       -2.4318462018608876E-004
   5.1800000000051032       -2.3622611589331629E-004
   5.2000000000051099       -2.2939170604784832E-004
   5.2200000000051165       -2.2268202255663831E-004
   5.2400000000051232       -2.1609758989920059E-004
   5.2600000000051299       -2.0963882448328706E-004
   5.2800000000051366       -2.0330603440261001E-004
   5.3000000000051433       -1.9709941957630198E-004
   5.3200000000051499       -1.9101907224960849E-004
   5.3400000000051566       -1.8506497783521016E-004
   5.3600000000051633       -1.7923701607453749E-004
   5.3800000000051700       -1.7353496249849888E-004
   5.4000000000051767       -1.6795849016714611E-004
   5.4200000000051833       -1.6250717166799508E-004
   5.4400000000051900       -1.5718048135295260E-004
   5.4600000000051967       -1.5197779779410928E-004
   5.4800000000052034       -1.4689840643899329E-004
   5.5000000000052101       -1.4194150244630128E-004
   5.5200000000052167       -1.3710619368354401E-004
   5.5400000000052234       -1.3239150386854263E-004
   5.5600000000052301       -1.2779637583722151E-004
   5.5800000000052368       -1.2331967492069861E-004
   5.6000000000052435       -1.1896019241524616E-004
   5.6200000000052501       -1.1471664912930650E-004
   5.6400000000052568       -1.1058769899236174E-004
   5.6600000000052635       -1.0657193271110173E-004
   5.6800000000052702       -1.0266788145898260E-004
   5.7000000000052768       -9.8874020585945480E-005
   5.7200000000052835       -9.5188773335718363E-005
   5.7400000000052902       -9.1610514558818174E-005
   5.7600000000052969       -8.8137574410039607E-005
   5.7800000000053036       -8.4768242019898113E-005
   5.8000000000053102       -8.1500769130166364E-005
   5.8200000000053169       -7.8333373684322469E-005
   5.8400000000053236       -7.5264243364375056E-005
   5.8600000000053303       -7.2291539066202215E-005
   5.8800000000053370       -6.9413398306162488E-005
   5.9000000000053436       -6.6627938552384707E-005
   5.9200000000053503       -6.3933260474742252E-005
   5.9400000000053570       -6.1327451108124004E-005
   5.9600000000053637       -5.8808586924195148E-005
   5.9800000000053704       -5.6374736807401197E-005
   6.0000000000053770       -5.4023964931518722E-005
   6.0200000000053837       -5.1754333533574396E-005
   6.0400000000053904       -4.9563905582464824E-005
   6.0600000000053971       -4.7450747340089337E-005
   6.0800000000054037       -4.5412930813269593E-005
   6.1000000000054104       -4.3448536095172345E-005
   6.1200000000054171       -4.1555653595367238E-005
   6.1400000000054238       -3.9732386158048529E-005
   6.1600000000054305       -3.7976851068322435E-005
   6.1800000000054371       -3.6287181946815111E-005
   6.2000000000054438       -3.4661530533180165E-005
   6.2200000000054505       -3.3098068359400518E-005
   6.2400000000054572       -3.1594988314055414E-005
   6.2600000000054639       -3.0150506098996585E-005
   6.2800000000054705       -2.8762861580113535E-005
   6.3000000000054772       -2.7430320034098157E-005
   6.3200000000054839       -2.6151173293315049E-005
   6.3400000000054906       -2.4923740791074013E-005
   6.3600000000054973       -2.3746370509761048E-005
   6.3800000000055039       -2.2617439834434723E-005
   6.4000000000055106       -2.1535356314620664E-005
   6.4200000000055173       -2.0498558337152624E-005
   6.4400000000055240       -1.9505515713001170E-005
   6.4600000000055307       -1.8554730181114031E-005
   6.4800000000055373       -1.7644735832356648E-005
   6.5000000000055440       -1.6774099456693588E-005
   6.5200000000055507       -1.5941420816789488E-005
   6.5400000000055574       -1.5145332851233715E-005
   6.5600000000055640       -1.4384501810607346E-005
   6.5800000000055707       -1.3657627329612450E-005
   6.6000000000055774       -1.2963442438477247E-005
   6.6200000000055841       -1.2300713516831662E-005
   6.6400000000055908       -1.1668240193222334E-005
   6.6600000000055974       -1.1064855193399834E-005
   6.6800000000056041       -1.0489424140469761E-005
   6.7000000000056108       -9.9408453099474831E-006
   6.7200000000056175       -9.4180493427024672E-006
   6.7400000000056242       -8.9199989187140393E-006
   6.7600000000056308       -8.4456883944948920E-006
   6.7800000000056375       -7.9941434069657255E-006
   6.8000000000056442       -7.5644204464894400E-006
   6.8200000000056509       -7.1556064016932740E-006
   6.8400000000056576       -6.7668180786253372E-006
   6.8600000000056642       -6.3972016967066073E-006
   6.8800000000056709       -6.0459323638531229E-006
   6.9000000000056776       -5.7122135330534181E-006
   6.9200000000056843       -5.3952764425973604E-006
   6.9400000000056909       -5.0943795420610393E-006
   6.9600000000056976       -4.8088079060614261E-006
   6.9800000000057043       -4.5378726377029746E-006
   7.0000000000057110       -4.2809102635473176E-006
   7.0200000000057177       -4.0372821218459311E-006
   7.0400000000057243       -3.8063737456862428E-006
   7.0600000000057310       -3.5875942426119782E-006
   7.0800000000057377       -3.3803756721911327E-006
   7.1000000000057444       -3.1841724229181490E-006
   7.1200000000057511       -2.9984605897523260E-006
   7.1400000000057577       -2.8227373535113093E-006
   7.1600000000057644       -2.6565203632574088E-006
   7.1800000000057711       -2.4993471227352758E-006
   7.2000000000057778       -2.3507743818429157E-006
   7.2200000000057845       -2.2103775340430018E-006
   7.2400000000057911       -2.0777500205496200E-006
   7.2600000000057978       -1.9525027420552697E-006
   7.2800000000058045       -1.8342634786961698E-006
   7.3000000000058112       -1.7226763188886630E-006
   7.3200000000058179       -1.6174010976075865E-006
   7.3400000000058245       -1.5181128446176650E-006
   7.3600000000058312       -1.4245012431120434E-006
   7.3800000000058379       -1.3362700991575836E-006
   7.4000000000058446       -1.2531368222946617E-006
   7.4200000000058512       -1.1748319175899777E-006
   7.4400000000058579       -1.1010984893940643E-006
   7.4600000000058646       -1.0316917570109560E-006
   7.4800000000058713       -9.6637858244577353E-007
   7.5000000000058780       -9.0493701035648611E-007
   7.5200000000058846       -8.4715582029930772E-007
   7.5400000000058913       -7.9283409132238927E-007
   7.5600000000058980       -7.4178077893019144E-007
   7.5800000000059047       -6.9381430441060402E-007
   7.6000000000059114       -6.4876215648902492E-007
   7.6200000000059180       -6.0646050524735239E-007
   7.6400000000059247       -5.6675382822213050E-007
   7.6600000000059314       -5.2949454857381886E-007
   7.6800000000059381       -4.9454268519906135E-007
   7.7000000000059448       -4.6176551463936680E-007
   7.7200000000059514       -4.3103724462289149E-007
   7.7400000000059581       -4.0223869906091133E-007
   7.7600000000059648       -3.7525701430708677E-007
   7.7800000000059715       -3.4998534647550352E-007
   7.8000000000059782       -3.2632258960291773E-007
   7.8200000000059848       -3.0417310443124145E-007
   7.8400000000059915       -2.8344645757836238E-007
   7.8600000000059982       -2.6405717085849267E-007
   7.8800000000060049       -2.4592448050754407E-007
   7.9000000000060115       -2.2897210606440487E-007
   7.9200000000060182       -2.1312802865529121E-007
   7.9400000000060249       -1.9832427842566301E-007
   7.9600000000060316       -1.8449673086230052E-007
   7.9800000000060383       -1.7158491174711472E-007
   8.0000000000060449       -1.5953181048393406E-007
   8.0200000000060516       -1.4828370153992538E-007
   8.0400000000060583       -1.3778997374432300E-007
   8.0600000000060650       -1.2800296718875338E-007
   8.0800000000060717       -1.1887781747560720E-007
   8.1000000000060783       -1.1037230706353554E-007
   8.1200000000060850       -1.0244672346225568E-007
   8.1400000000060917       -9.5063724032310947E-008
   8.1600000000060984       -8.8188207149299197E-008
   8.1800000000061051       -8.1787189496229925E-008
   8.2000000000061117       -7.5829689252126128E-008
   8.2200000000061184       -7.0286614949686156E-008
   8.2400000000061251       -6.5130659779716813E-008
   8.2600000000061318       -6.0336201125157753E-008
   8.2800000000061384       -5.5879205112752449E-008
   8.3000000000061451       -5.1737135975801968E-008
   8.3200000000061518       -4.7888870026908177E-008
   8.3400000000061585       -4.4314614045174278E-008
   8.3600000000061652       -4.0995827887929120E-008
   8.3800000000061718       -3.7915151142692677E-008
   8.4000000000061785       -3.5056333640755725E-008
   8.4200000000061852       -3.2404169659406720E-008
   8.4400000000061919       -2.9944435645479773E-008
   8.4600000000061986       -2.7663831298501393E-008
   8.4800000000062052       -2.5549923857285215E-008
   8.5000000000062119       -2.3591095439319640E-008
   8.5200000000062186       -2.1776493287739406E-008
   8.5400000000062253       -2.0095982786023144E-008
   8.5600000000062320       -1.8540103105836994E-008
   8.5800000000062386       -1.7100025358617093E-008
   8.6000000000062453       -1.5767513126562981E-008
   8.6200000000062520       -1.4534885253679865E-008
   8.6400000000062587       -1.3394980782365774E-008
   8.6600000000062654       -1.2341125925776959E-008
   8.6800000000062720       -1.1367102970826976E-008
   8.7000000000062787       -1.0467121011168728E-008
   8.7200000000062854       -9.6357884138807373E-009
   8.7400000000062921       -8.8680869278225954E-009
   8.7600000000062987       -8.1593473457408317E-009
   8.7800000000063054       -7.5052266361930092E-009
   8.8000000000063121       -6.9016864652162683E-009
   8.8200000000063188       -6.3449730313965157E-009
   8.8400000000063255       -5.8315981415954081E-009
   8.8600000000063321       -5.3583214580675593E-009
   8.8800000000063388       -4.9221338510478896E-009
   8.9000000000063455       -4.5202417941149560E-009
   8.9200000000063522       -4.1500527427370136E-009
   8.9400000000063589       -3.8091614393892941E-009
   8.9600000000063655       -3.4953370914950191E-009
   8.9800000000063722       -3.2065113711892165E-009
   9.0000000000063789       -2.9407671885392372E-009
   9.0200000000063856       -2.6963281923796331E-009
   9.0400000000063923       -2.4715489553338003E-009
   9.0600000000063989       -2.2649058019066919E-009
   9.0800000000064056       -2.0749882407403731E-009
   9.1000000000064123       -1.9004909642341362E-009
   9.1200000000064190       -1.7402063807438940E-009
   9.1400000000064257       -1.5930176464956649E-009
   9.1600000000064323       -1.4578921661778798E-009
   9.1800000000064390       -1.3338755329203532E-009
   9.2000000000064457       -1.2200858800264430E-009
   9.2200000000064524       -1.1157086184030030E-009
   9.2400000000064590       -1.0199915351326120E-009
   9.2600000000064657       -9.3224023005729370E-010
   9.2800000000064724       -8.5181386859578941E-010
   9.3000000000064791       -7.7812123029964276E-010
   9.3200000000064858       -7.1061703387043762E-010
   9.3400000000064924       -6.4879852051357917E-010
   9.3600000000064991       -5.9220227859622829E-010
   9.3800000000065058       -5.4040129361067385E-010
   9.4000000000065125       -4.9300220842236854E-010
   9.4200000000065192       -4.4964277970635862E-010
   9.4400000000065258       -4.0998951734941127E-010
   9.4600000000065325       -3.7373549442025820E-010
   9.4800000000065392       -3.4059831608897023E-010
   9.5000000000065459       -3.1031823661116153E-010
   9.5200000000065526       -2.8265641418534666E-010
   9.5400000000065592       -2.5739329414444252E-010
   9.5600000000065659       -2.3432711155722748E-010
   9.5800000000065726       -2.1327250489426176E-010
   9.6000000000065793       -1.9405923295731724E-010
   9.6200000000065859       -1.7653098778345948E-010
   9.6400000000065926       -1.6054429671623446E-010
   9.6600000000065993       -1.4596750728866670E-010
   9.6800000000066060       -1.3267984898737486E-010
   9.7000000000066127       -1.2057056636568399E-010
   9.7200000000066193       -1.0953811834749651E-010
   9.7400000000066260       -9.9489438914262422E-011
   9.7600000000066327       -9.0339254695959075E-011
   9.7800000000066394       -8.2009455294808629E-011
   9.8000000000066461       -7.4428512458642158E-011
   9.8200000000066527       -6.7530944490579057E-011
   9.8400000000066594       -6.1256822534012440E-011
   9.8600000000066661       -5.5551315607846256E-011
   9.8800000000066728       -5.0364271487438152E-011
   9.9000000000066795       -4.5649830732744799E-011
   9.9200000000066861       -4.1366071357517518E-011
   9.9400000000066928       -3.7474681812980321E-011
   9.9600000000066995       -3.3940660126942892E-011
   9.9800000000067062       -3.0732037195535958E-011
