  -10.000000000000000       -3.7647906322451459E-013
  -9.9799999999999933       -4.1476115249836813E-013
  -9.9599999999999866       -4.5678126033732025E-013
  -9.9399999999999800       -5.0288773887300147E-013
  -9.9199999999999733       -5.5345965458013727E-013
  -9.8999999999999666       -6.0890931640387495E-013
  -9.8799999999999599       -6.6968499375810720E-013
  -9.8599999999999532       -7.3627383681861749E-013
  -9.8399999999999466       -8.0920501215923621E-013
  -9.8199999999999399       -8.8905306741399707E-013
  -9.7999999999999332       -9.7644153929085805E-013
  -9.7799999999999265       -1.0720468199096251E-012
  -9.7599999999999199       -1.1766022970850450E-012
  -9.7399999999999132       -1.2909027848202780E-012
  -9.7199999999999065       -1.4158092609125445E-012
  -9.6999999999998998       -1.5522539291945693E-012
  -9.6799999999998931       -1.7012456245370094E-012
  -9.6599999999998865       -1.8638755793107744E-012
  -9.6399999999998798       -2.0413235705448231E-012
  -9.6199999999998731       -2.2348644675071870E-012
  -9.5999999999998664       -2.4458751998714931E-012
  -9.5799999999998597       -2.6758421669987511E-012
  -9.5599999999998531       -2.9263691091496771E-012
  -9.5399999999998464       -3.1991854616328643E-012
  -9.5199999999998397       -3.4961552129708007E-012
  -9.4999999999998330       -3.8192862881132517E-012
  -9.4799999999998263       -4.1707404775230490E-012
  -9.4599999999998197       -4.5528439325826823E-012
  -9.4399999999998130       -4.9680982471964910E-012
  -9.4199999999998063       -5.4191921446641427E-012
  -9.3999999999997996       -5.9090137878500229E-012
  -9.3799999999997929       -6.4406637293334379E-012
  -9.3599999999997863       -7.0174685165653527E-012
  -9.3399999999997796       -7.6429949650353348E-012
  -9.3199999999997729       -8.3210651100282848E-012
  -9.2999999999997662       -9.0557718446757867E-012
  -9.2799999999997596       -9.8514952486327422E-012
  -9.2599999999997529       -1.0712919607780272E-011
  -9.2399999999997462       -1.1645051120810624E-011
  -9.2199999999997395       -1.2653236283324881E-011
  -9.1999999999997328       -1.3743180934101398E-011
  -9.1799999999997262       -1.4920969941389730E-011
  -9.1599999999997195       -1.6193087499376910E-011
  -9.1399999999997128       -1.7566437996265066E-011
  -9.1199999999997061       -1.9048367405599999E-011
  -9.0999999999996994       -2.0646685141492566E-011
  -9.0799999999996928       -2.2369686306069379E-011
  -9.0599999999996861       -2.4226174243754043E-011
  -9.0399999999996794       -2.6225483301693203E-011
  -9.0199999999996727       -2.8377501678650648E-011
  -8.9999999999996660       -3.0692694225867001E-011
  -8.9799999999996594       -3.3182125042546863E-011
  -8.9599999999996527       -3.5857479685634757E-011
  -8.9399999999996460       -3.8731086788172983E-011
  -8.9199999999996393       -4.1815938852639653E-011
  -8.8999999999996326       -4.5125711954983122E-011
  -8.8799999999996260       -4.8674784061442052E-011
  -8.8599999999996193       -5.2478251623375305E-011
  -8.8399999999996126       -5.6551944075009448E-011
  -8.8199999999996059       -6.0912435814964502E-011
  -8.7999999999995993       -6.5577055204353207E-011
  -8.7799999999995926       -7.0563890061873391E-011
  -8.7599999999995859       -7.5891789079311073E-011
  -8.7399999999995792       -8.1580358518882945E-011
  -8.7199999999995725       -8.7649953486567380E-011
  -8.6999999999995659       -9.4121663002538776E-011
  -8.6799999999995592       -1.0101728801074718E-010
  -8.6599999999995525       -1.0835931138403925E-010
  -8.6399999999995458       -1.1617085888864179E-010
  -8.6199999999995391       -1.2447564997180878E-010
  -8.5999999999995325       -1.3329793712851185E-010
  -8.5799999999995258       -1.4266243248667865E-010
  -8.5599999999995191       -1.5259422012516196E-010
  -8.5399999999995124       -1.6311865250375764E-010
  -8.5199999999995057       -1.7426122923957072E-010
  -8.4999999999994991       -1.8604745630831741E-010
  -8.4799999999994924       -1.9850268358198902E-010
  -8.4599999999994857       -2.1165191843510563E-010
  -8.4399999999994790       -2.2551961295982109E-010
  -8.4199999999994724       -2.4012942212464032E-010
  -8.3999999999994657       -2.5550392999179579E-010
  -8.3799999999994590       -2.7166434087348936E-010
  -8.3599999999994523       -2.8863013205660269E-010
  -8.3399999999994456       -3.0641866445801716E-010
  -8.3199999999994390       -3.2504474728775998E-010
  -8.2999999999994323       -3.4452015249368305E-010
  -8.2799999999994256       -3.6485307443847210E-010
  -8.2599999999994189       -3.8604752991645572E-010
  -8.2399999999994122       -4.0810269325306943E-010
  -8.2199999999994056       -4.3101216084263736E-010
  -8.1999999999993989       -4.5476313906977498E-010
  -8.1799999999993922       -4.7933554912462872E-010
  -8.1599999999993855       -5.0470104176170932E-010
  -8.1399999999993788       -5.3082191456483629E-010
  -8.1199999999993722       -5.5764992376580228E-010
  -8.0999999999993655       -5.8512498212043707E-010
  -8.0799999999993588       -6.1317373377197268E-010
  -8.0599999999993521       -6.4170799642636855E-010
  -8.0399999999993454       -6.7062306052704380E-010
  -8.0199999999993388       -6.9979583444538311E-010
  -7.9999999999993321       -7.2908282399788806E-010
  -7.9799999999993254       -7.5831793385959465E-010
  -7.9599999999993187       -7.8731007766498368E-010
  -7.9399999999993121       -8.1584058277138545E-010
  -7.9199999999993054       -8.4366037480454226E-010
  -7.8999999999992987       -8.7048692621018541E-010
  -7.8799999999992920       -8.9600095209891373E-010
  -7.8599999999992853       -9.1984283569246382E-010
  -7.8399999999992787       -9.4160876465738075E-010
  -7.8199999999992720       -9.6084655854596189E-010
  -7.7999999999992653       -9.7705116645335465E-010
  -7.7799999999992586       -9.8965981284320387E-010
  -7.7599999999992519       -9.9804676829146130E-010
  -7.7399999999992453       -1.0015177206487013E-009
  -7.7199999999992386       -9.9930372082434553E-010
  -7.6999999999992319       -9.9055467605245922E-010
  -7.6799999999992252       -9.7433236210642644E-010
  -7.6599999999992185       -9.4960292449063542E-010
  -7.6399999999992119       -9.1522883714957072E-010
  -7.6199999999992052       -8.6996028570032170E-010
  -7.5999999999991985       -8.1242594061246424E-010
  -7.5799999999991918       -7.4112308413161185E-010
  -7.5599999999991851       -6.5440705306890708E-010
  -7.5399999999991785       -5.5047995786146667E-010
  -7.5199999999991718       -4.2737863654691909E-010
  -7.4999999999991651       -2.8296180049353248E-010
  -7.4799999999991584       -1.1489632688437778E-010
  -7.4599999999991518        7.9357348925124903E-011
  -7.4399999999991451        3.0256078997224131E-010
  -7.4199999999991384        5.5771411391740520E-010
  -7.3999999999991317        8.4807360165958235E-010
  -7.3799999999991250        1.1771704130578594E-009
  -7.3599999999991184        1.5488304665050291E-009
  -7.3399999999991117        1.9671955411399653E-009
  -7.3199999999991050        2.4367456625410484E-009
  -7.2999999999990983        2.9623228348044322E-009
  -7.2799999999990916        3.5491561839770349E-009
  -7.2599999999990850        4.2028885798740047E-009
  -7.2399999999990783        4.9296048053626896E-009
  -7.2199999999990716        5.7358613442280368E-009
  -7.1999999999990649        6.6287178607444338E-009
  -7.1799999999990582        7.6157704460545708E-009
  -7.1599999999990516        8.7051867083924115E-009
  -7.1399999999990449        9.9057427860703035E-009
  -7.1199999999990382        1.1226862363977185E-008
  -7.0999999999990315        1.2678657776086418E-008
  -7.0799999999990249        1.4271973278147319E-008
  -7.0599999999990182        1.6018430576311205E-008
  -7.0399999999990115        1.7930476698921407E-008
  -7.0199999999990048        2.0021434300050017E-008
  -6.9999999999989981        2.2305554484594684E-008
  -6.9799999999989915        2.4798072245825503E-008
  -6.9599999999989848        2.7515264607198807E-008
  -6.9399999999989781        3.0474511560997001E-008
  -6.9199999999989714        3.3694359896915091E-008
  -6.8999999999989647        3.7194590014059858E-008
  -6.8799999999989581        4.0996285809958990E-008
  -6.8599999999989514        4.5121907740056622E-008
  -6.8399999999989447        4.9595369140804375E-008
  -6.8199999999989380        5.4442115908797815E-008
  -6.7999999999989313        5.9689209627466380E-008
  -6.7799999999989247        6.5365414231553764E-008
  -6.7599999999989180        7.1501286298027515E-008
  -6.7399999999989113        7.8129269050098539E-008
  -6.7199999999989046        8.5283790158692791E-008
  -6.6999999999988979        9.3001363422986396E-008
  -6.6799999999988913        1.0132069440846478E-007
  -6.6599999999988846        1.1028279011736027E-007
  -6.6399999999988779        1.1993107276228758E-007
  -6.6199999999988712        1.3031149770932949E-007
  -6.5999999999988646        1.4147267565180567E-007
  -6.5799999999988579        1.5346599907036197E-007
  -6.5599999999988512        1.6634577302891632E-007
  -6.5399999999988445        1.8016935034928788E-007
  -6.5199999999988378        1.9499727120007499E-007
  -6.4999999999988312        2.1089340712744519E-007
  -6.4799999999988245        2.2792510954698338E-007
  -6.4599999999988178        2.4616336270658112E-007
  -6.4399999999988111        2.6568294112051347E-007
  -6.4199999999988044        2.8656257146433108E-007
  -6.3999999999987978        3.0888509890898135E-007
  -6.3799999999987911        3.3273765786062774E-007
  -6.3599999999987844        3.5821184706000610E-007
  -6.3399999999987777        3.8540390898171594E-007
  -6.3199999999987710        4.1441491345972856E-007
  -6.2999999999987644        4.4535094545045608E-007
  -6.2799999999987577        4.7832329682906405E-007
  -6.2599999999987510        5.1344866209825905E-007
  -6.2399999999987443        5.5084933787153064E-007
  -6.2199999999987376        5.9065342597488235E-007
  -6.1999999999987310        6.3299503999225899E-007
  -6.1799999999987243        6.7801451506036268E-007
  -6.1599999999987176        7.2585862069826033E-007
  -6.1399999999987109        7.7668077643611762E-007
  -6.1199999999987043        8.3064126998561191E-007
  -6.0999999999986976        8.8790747767209261E-007
  -6.0799999999986909        9.4865408682533674E-007
  -6.0599999999986842        1.0130633198018847E-006
  -6.0399999999986775        1.0813251592874142E-006
  -6.0199999999986709        1.1536375745025103E-006
  -5.9999999999986642        1.2302067479094206E-006
  -5.9799999999986575        1.3112473019912039E-006
  -5.9599999999986508        1.3969825256479173E-006
  -5.9399999999986441        1.4876445997272837E-006
  -5.9199999999986375        1.5834748211797378E-006
  -5.8999999999986308        1.6847238252998946E-006
  -5.8799999999986241        1.7916518054881605E-006
  -5.8599999999986174        1.9045287299380412E-006
  -5.8399999999986107        2.0236345546260363E-006
  -5.8199999999986041        2.1492594319525502E-006
  -5.7999999999985974        2.2817039143536419E-006
  -5.7799999999985907        2.4212791521752310E-006
  -5.7599999999985840        2.5683070850728379E-006
  -5.7399999999985774        2.7231206261724664E-006
  -5.7199999999985707        2.8860638382003581E-006
  -5.6999999999985640        3.0574921007627384E-006
  -5.6799999999985573        3.2377722679300812E-006
  -5.6599999999985506        3.4272828152549038E-006
  -5.6399999999985440        3.6264139753274067E-006
  -5.6199999999985373        3.8355678609494622E-006
  -5.5999999999985306        4.0551585749848872E-006
  -5.5799999999985239        4.2856123059223470E-006
  -5.5599999999985172        4.5273674081674952E-006
  -5.5399999999985106        4.7808744660621830E-006
  -5.5199999999985039        5.0465963406119330E-006
  -5.4999999999984972        5.3250081978875963E-006
  -5.4799999999984905        5.6165975180542417E-006
  -5.4599999999984838        5.9218640839691567E-006
  -5.4399999999984772        6.2413199482820516E-006
  -5.4199999999984705        6.5754893779643681E-006
  -5.3999999999984638        6.9249087751903916E-006
  -5.3799999999984571        7.2901265734922088E-006
  -5.3599999999984504        7.6717031081117817E-006
  -5.3399999999984438        8.0702104594781316E-006
  -5.3199999999984371        8.4862322687459878E-006
  -5.2999999999984304        8.9203635243424143E-006
  -5.2799999999984237        9.3732103184830949E-006
  -5.2599999999984171        9.8453895726379747E-006
  -5.2399999999984104        1.0337528730947101E-005
  -5.2199999999984037        1.0850265420613788E-005
  -5.1999999999983970        1.1384247078331060E-005
  -5.1799999999983903        1.1940130541831308E-005
  -5.1599999999983837        1.2518581605686208E-005
  -5.1399999999983770        1.3120274540526438E-005
  -5.1199999999983703        1.3745891574896317E-005
  -5.0999999999983636        1.4396122339009563E-005
  -5.0799999999983569        1.5071663269727388E-005
  -5.0599999999983503        1.5773216976139393E-005
  -5.0399999999983436        1.6501491565192522E-005
  -5.0199999999983369        1.7257199926881471E-005
  -4.9999999999983302        1.8041058978588258E-005
  -4.9799999999983235        1.8853788868235496E-005
  -4.9599999999983169        1.9696112136001791E-005
  -4.9399999999983102        2.0568752834434160E-005
  -4.9199999999983035        2.1472435606884176E-005
  -4.8999999999982968        2.2407884724291431E-005
  -4.8799999999982901        2.3375823080437380E-005
  -4.8599999999982835        2.4376971145898977E-005
  -4.8399999999982768        2.5412045881039121E-005
  -4.8199999999982701        2.6481759608485375E-005
  -4.7999999999982634        2.7586818845664272E-005
  -4.7799999999982568        2.8727923098080069E-005
  -4.7599999999982501        2.9905763614150444E-005
  -4.7399999999982434        3.1121022102539101E-005
  -4.7199999999982367        3.2374369413055998E-005
  -4.6999999999982300        3.3666464182328858E-005
  -4.6799999999982234        3.4997951445585367E-005
  -4.6599999999982167        3.6369461216022964E-005
  -4.6399999999982100        3.7781607033383916E-005
  -4.6199999999982033        3.9234984483493260E-005
  -4.5999999999981966        4.0730169690659749E-005
  -4.5799999999981900        4.2267717784984323E-005
  -4.5599999999981833        4.3848161346761836E-005
  -4.5399999999981766        4.5472008830306624E-005
  -4.5199999999981699        4.7139742969675126E-005
  -4.4999999999981632        4.8851819168899316E-005
  -4.4799999999981566        5.0608663879486148E-005
  -4.4599999999981499        5.2410672968076347E-005
  -4.4399999999981432        5.4258210077290641E-005
  -4.4199999999981365        5.6151604982925645E-005
  -4.3999999999981299        5.8091151950789255E-005
  -4.3799999999981232        6.0077108096593174E-005
  -4.3599999999981165        6.2109691752436404E-005
  -4.3399999999981098        6.4189080843533614E-005
  -4.3199999999981031        6.6315411278948945E-005
  -4.2999999999980965        6.8488775360198720E-005
  -4.2799999999980898        7.0709220211685682E-005
  -4.2599999999980831        7.2976746237012776E-005
  -4.2399999999980764        7.5291305605308713E-005
  -4.2199999999980697        7.7652800771766395E-005
  -4.1999999999980631        8.0061083036663203E-005
  -4.1799999999980564        8.2515951147179293E-005
  -4.1599999999980497        8.5017149946380578E-005
  -4.1399999999980430        8.7564369073760422E-005
  -4.1199999999980363        9.0157241721757557E-005
  -4.0999999999980297        9.2795343452678442E-005
  -4.0799999999980230        9.5478191080448390E-005
  -4.0599999999980163        9.8205241621602472E-005
  -4.0399999999980096        1.0097589131989838E-004
  -4.0199999999980029        1.0378947474889394E-004
  -3.9999999999979963        1.0664526399677514E-004
  -3.9799999999979896        1.0954246793765454E-004
  -3.9599999999979829        1.1248023159347607E-004
  -3.9399999999979762        1.1545763559056393E-004
  -3.9199999999979696        1.1847369571474395E-004
  -3.8999999999979629        1.2152736256883797E-004
  -3.8799999999979562        1.2461752133618995E-004
  -3.8599999999979495        1.2774299165372815E-004
  -3.8399999999979428        1.3090252759789510E-004
  -3.8199999999979362        1.3409481778659178E-004
  -3.7999999999979295        1.3731848560008362E-004
  -3.7799999999979228        1.4057208952359678E-004
  -3.7599999999979161        1.4385412361411001E-004
  -3.7399999999979094        1.4716301809359779E-004
  -3.7199999999979028        1.5049714007072813E-004
  -3.6999999999978961        1.5385479439274693E-004
  -3.6799999999978894        1.5723422462899677E-004
  -3.6599999999978827        1.6063361418722271E-004
  -3.6399999999978760        1.6405108756351481E-004
  -3.6199999999978694        1.6748471172641215E-004
  -3.5999999999978627        1.7093249763536984E-004
  -3.5799999999978560        1.7439240189345319E-004
  -3.5599999999978493        1.7786232853377024E-004
  -3.5399999999978427        1.8134013093880686E-004
  -3.5199999999978360        1.8482361389146127E-004
  -3.4999999999978293        1.8831053575620943E-004
  -3.4799999999978226        1.9179861078845984E-004
  -3.4599999999978159        1.9528551156977890E-004
  -3.4399999999978093        1.9876887156628677E-004
  -3.4199999999978026        2.0224628780714975E-004
  -3.3999999999977959        2.0571532367969904E-004
  -3.3799999999977892        2.0917351183734320E-004
  -3.3599999999977825        2.1261835721604462E-004
  -3.3399999999977759        2.1604734015476766E-004
  -3.3199999999977692        2.1945791961492967E-004
  -3.2999999999977625        2.2284753649351956E-004
  -3.2799999999977558        2.2621361702419347E-004
  -3.2599999999977491        2.2955357626030826E-004
  -3.2399999999977425        2.3286482163351125E-004
  -3.2199999999977358        2.3614475658117833E-004
  -3.1999999999977291        2.3939078423567995E-004
  -3.1799999999977224        2.4260031116814804E-004
  -3.1599999999977157        2.4577075117913775E-004
  -3.1399999999977091        2.4889952912830141E-004
  -3.1199999999977024        2.5198408479495011E-004
  -3.0999999999976957        2.5502187676113621E-004
  -3.0799999999976890        2.5801038630869074E-004
  -3.0599999999976824        2.6094712132144641E-004
  -3.0399999999976757        2.6382962018372315E-004
  -3.0199999999976690        2.6665545566599986E-004
  -2.9999999999976623        2.6942223878858261E-004
  -2.9799999999976556        2.7212762265398462E-004
  -2.9599999999976490        2.7476930623867072E-004
  -2.9399999999976423        2.7734503813476972E-004
  -2.9199999999976356        2.7985262023236322E-004
  -2.8999999999976289        2.8228991133296013E-004
  -2.8799999999976222        2.8465483068482503E-004
  -2.8599999999976156        2.8694536143089702E-004
  -2.8399999999976089        2.8915955396014407E-004
  -2.8199999999976022        2.9129552915333748E-004
  -2.7999999999975955        2.9335148151438627E-004
  -2.7799999999975888        2.9532568217858406E-004
  -2.7599999999975822        2.9721648178932539E-004
  -2.7399999999975755        2.9902231323512704E-004
  -2.7199999999975688        3.0074169423905826E-004
  -2.6999999999975621        3.0237322979300449E-004
  -2.6799999999975554        3.0391561442953051E-004
  -2.6599999999975488        3.0536763432448310E-004
  -2.6399999999975421        3.0672816922386179E-004
  -2.6199999999975354        3.0799619418891749E-004
  -2.5999999999975287        3.0917078115388105E-004
  -2.5799999999975221        3.1025110029120052E-004
  -2.5599999999975154        3.1123642117965192E-004
  -2.5399999999975087        3.1212611377121557E-004
  -2.5199999999975020        3.1291964915312919E-004
  -2.4999999999974953        3.1361660010209580E-004
  -2.4799999999974887        3.1421664142818523E-004
  -2.4599999999974820        3.1471955010655545E-004
  -2.4399999999974753        3.1512520519571196E-004
  -2.4199999999974686        3.1543358754163839E-004
  -2.3999999999974619        3.1564477926773624E-004
  -2.3799999999974553        3.1575896305114715E-004
  -2.3599999999974486        3.1577642118664847E-004
  -2.3399999999974419        3.1569753443994692E-004
  -2.3199999999974352        3.1552278069282575E-004
  -2.2999999999974285        3.1525273338322565E-004
  -2.2799999999974219        3.1488805974396974E-004
  -2.2599999999974152        3.1442951884444968E-004
  -2.2399999999974085        3.1387795944021321E-004
  -2.2199999999974018        3.1323431763597190E-004
  -2.1999999999973952        3.1249961436815145E-004
  -2.1799999999973885        3.1167495271365819E-004
  -2.1599999999973818        3.1076151503209759E-004
  -2.1399999999973751        3.0976055994920161E-004
  -2.1199999999973684        3.0867341918973520E-004
  -2.0999999999973618        3.0750149426863466E-004
  -2.0799999999973551        3.0624625304958311E-004
  -2.0599999999973484        3.0490922618066579E-004
  -2.0399999999973417        3.0349200341713500E-004
  -2.0199999999973350        3.0199622984169143E-004
  -1.9999999999973281        3.0042360199301519E-004
  -1.9799999999973212        2.9877586391358296E-004
  -1.9599999999973143        2.9705480312806106E-004
  -1.9399999999973074        2.9526224656380010E-004
  -1.9199999999973005        2.9340005642512811E-004
  -1.8999999999972936        2.9147012603329936E-004
  -1.8799999999972867        2.8947437564404274E-004
  -1.8599999999972798        2.8741474825473475E-004
  -1.8399999999972729        2.8529320541322852E-004
  -1.8199999999972660        2.8311172304035698E-004
  -1.7999999999972591        2.8087228727806304E-004
  -1.7799999999972522        2.7857689037500332E-004
  -1.7599999999972453        2.7622752662131842E-004
  -1.7399999999972384        2.7382618834407923E-004
  -1.7199999999972315        2.7137486197468727E-004
  -1.6999999999972246        2.6887552419921937E-004
  -1.6799999999972177        2.6633013820241371E-004
  -1.6599999999972108        2.6374065001562525E-004
  -1.6399999999972039        2.6110898497870008E-004
  -1.6199999999971970        2.5843704432527937E-004
  -1.5999999999971901        2.5572670190059533E-004
  -1.5799999999971832        2.5297980102031162E-004
  -1.5599999999971763        2.5019815147844500E-004
  -1.5399999999971694        2.4738352671184287E-004
  -1.5199999999971625        2.4453766112810655E-004
  -1.4999999999971556        2.4166224760324430E-004
  -1.4799999999971487        2.3875893515469860E-004
  -1.4599999999971418        2.3582932679474858E-004
  -1.4399999999971349        2.3287497756860624E-004
  -1.4199999999971280        2.2989739278084912E-004
  -1.3999999999971211        2.2689802641312107E-004
  -1.3799999999971142        2.2387827973533776E-004
  -1.3599999999971073        2.2083950011190202E-004
  -1.3399999999971004        2.1778298000372590E-004
  -1.3199999999970935        2.1470995616612885E-004
  -1.2999999999970866        2.1162160904196123E-004
  -1.2799999999970797        2.0851906234859168E-004
  -1.2599999999970728        2.0540338285668464E-004
  -1.2399999999970659        2.0227558035799888E-004
  -1.2199999999970590        1.9913660781875690E-004
  -1.1999999999970521        1.9598736171446389E-004
  -1.1799999999970452        1.9282868254141106E-004
  -1.1599999999970383        1.8966135549946717E-004
  -1.1399999999970314        1.8648611134016655E-004
  -1.1199999999970245        1.8330362737352022E-004
  -1.0999999999970176        1.8011452862643851E-004
  -1.0799999999970107        1.7691938914513351E-004
  -1.0599999999970038        1.7371873343339510E-004
  -1.0399999999969969        1.7051303801818879E-004
  -1.0199999999969900        1.6730273313361624E-004
 -0.99999999999698319        1.6408820451391679E-004
 -0.97999999999697640        1.6086979528585999E-004
 -0.95999999999696961        1.5764780795059861E-004
 -0.93999999999696282        1.5442250644481150E-004
 -0.91999999999695603        1.5119411827077355E-004
 -0.89999999999694924        1.4796283668483845E-004
 -0.87999999999694245        1.4472882293372157E-004
 -0.85999999999693566        1.4149220852790930E-004
 -0.83999999999692887        1.3825309754151842E-004
 -0.81999999999692208        1.3501156892796091E-004
 -0.79999999999691529        1.3176767884085666E-004
 -0.77999999999690850        1.2852146294976686E-004
 -0.75999999999690171        1.2527293874049414E-004
 -0.73999999999689492        1.2202210778992098E-004
 -0.71999999999688813        1.1876895800561312E-004
 -0.69999999999688134        1.1551346582072904E-004
 -0.67999999999687455        1.1225559833512026E-004
 -0.65999999999686776        1.0899531539389009E-004
 -0.63999999999686097        1.0573257159510753E-004
 -0.61999999999685418        1.0246731821882818E-004
 -0.59999999999684739        9.9199505070066347E-005
 -0.57999999999684060        9.5929082228887269E-005
 -0.55999999999683381        9.2656001701338304E-005
 -0.53999999999682702        8.9380218965515914E-005
 -0.51999999999682023        8.6101694407666603E-005
 -0.49999999999681344        8.2820394643839048E-005
 -0.47999999999680665        7.9536293723246143E-005
 -0.45999999999679986        7.6249374210146304E-005
 -0.43999999999679307        7.2959628141718724E-005
 -0.41999999999678628        6.9667057860080194E-005
 -0.39999999999677949        6.6371676717269276E-005
 -0.37999999999677270        6.3073509652702769E-005
 -0.35999999999676591        5.9772593643289199E-005
 -0.33999999999675912        5.6468978027057313E-005
 -0.31999999999675233        5.3162724701825693E-005
 -0.29999999999674554        4.9853908201093539E-005
 -0.27999999999673875        4.6542615649977839E-005
 -0.25999999999673196        4.3228946604644889E-005
 -0.23999999999672514        3.9913012779290933E-005
 -0.21999999999671832        3.6594937665310504E-005
 -0.19999999999671150        3.3274856047846901E-005
 -0.17999999999670468        2.9952913425450373E-005
 -0.15999999999669787        2.6629265339068631E-005
 -0.13999999999669105        2.3304076617059420E-005
 -0.11999999999668425        1.9977520543347683E-005
  -9.9999999996677441E-002   1.6649777956242950E-005
  -7.9999999996670637E-002   1.3321036285788252E-005
  -5.9999999996663833E-002   9.9914885378262529E-006
  -3.9999999996657029E-002   6.6613322332407052E-006
  -1.9999999996650222E-002   3.3307683110605314E-006
   3.3565858426065631E-012   4.2982189203475974E-015
   2.0000000003363393E-002  -3.3307683024666003E-006
   4.0000000003370201E-002  -6.6613322246542932E-006
   6.0000000003377005E-002  -9.9914885292523465E-006
   8.0000000003383809E-002  -1.3321036277231798E-005
  0.10000000000339061       -1.6649777947708856E-005
  0.12000000000339742       -1.9977520534840765E-005
  0.14000000000340423       -2.3304076608584465E-005
  0.16000000000341105       -2.6629265330630272E-005
  0.18000000000341787       -2.9952913417053194E-005
  0.20000000000342469       -3.3274856039495312E-005
  0.22000000000343151       -3.6594937657008897E-005
  0.24000000000343832       -3.9913012771043401E-005
  0.26000000000344514       -4.3228946596455442E-005
  0.28000000000345193       -4.6542615641850395E-005
  0.30000000000345872       -4.9853908193031703E-005
  0.32000000000346551       -5.3162724693832982E-005
  0.34000000000347230       -5.6468978019137081E-005
  0.36000000000347909       -5.9772593635444475E-005
  0.38000000000348588       -6.3073509644936588E-005
  0.40000000000349267       -6.6371676709584207E-005
  0.42000000000349946       -6.9667057852478771E-005
  0.44000000000350625       -7.2959628134203143E-005
  0.46000000000351304       -7.6249374202718584E-005
  0.48000000000351983       -7.9536293715908019E-005
  0.50000000000352662       -8.2820394636592119E-005
  0.52000000000353341       -8.6101694400512197E-005
  0.54000000000354020       -8.9380218958455169E-005
  0.56000000000354699       -9.2656001694371953E-005
  0.58000000000355378       -9.5929082222016070E-005
  0.60000000000356057       -9.9199505063290612E-005
  0.62000000000356736       -1.0246731821214815E-004
  0.64000000000357415       -1.0573257158852306E-004
  0.66000000000358094       -1.0899531538740087E-004
  0.68000000000358773       -1.1225559832872595E-004
  0.70000000000359452       -1.1551346581442884E-004
  0.72000000000360131       -1.1876895799940605E-004
  0.74000000000360810       -1.2202210778380616E-004
  0.76000000000361490       -1.2527293873447015E-004
  0.78000000000362169       -1.2852146294383215E-004
  0.80000000000362848       -1.3176767883500982E-004
  0.82000000000363527       -1.3501156892220011E-004
  0.84000000000364206       -1.3825309753584162E-004
  0.86000000000364885       -1.4149220852231449E-004
  0.88000000000365564       -1.4472882292820667E-004
  0.90000000000366243       -1.4796283667940123E-004
  0.92000000000366922       -1.5119411826541127E-004
  0.94000000000367601       -1.5442250643952200E-004
  0.96000000000368280       -1.5764780794537905E-004
  0.98000000000368959       -1.6086979528070791E-004
   1.0000000000036964       -1.6408820450882942E-004
   1.0200000000037033       -1.6730273312859096E-004
   1.0400000000037102       -1.7051303801322263E-004
   1.0600000000037171       -1.7371873342848559E-004
   1.0800000000037240       -1.7691938914027764E-004
   1.1000000000037309       -1.8011452862163360E-004
   1.1200000000037378       -1.8330362736876339E-004
   1.1400000000037447       -1.8648611133545534E-004
   1.1600000000037516       -1.8966135549479857E-004
   1.1800000000037585       -1.9282868253678271E-004
   1.2000000000037654       -1.9598736170987313E-004
   1.2200000000037723       -1.9913660781420106E-004
   1.2400000000037792       -2.0227558035347589E-004
   1.2600000000037861       -2.0540338285219198E-004
   1.2800000000037930       -2.0851906234412712E-004
   1.3000000000037999       -2.1162160903752256E-004
   1.3200000000038068       -2.1470995616171431E-004
   1.3400000000038137       -2.1778297999933352E-004
   1.3600000000038206       -2.2083950010753003E-004
   1.3800000000038275       -2.2387827973098450E-004
   1.4000000000038344       -2.2689802640878511E-004
   1.4200000000038413       -2.2989739277652892E-004
   1.4400000000038482       -2.3287497756430115E-004
   1.4600000000038551       -2.3582932679045701E-004
   1.4800000000038620       -2.3875893515041982E-004
   1.5000000000038689       -2.4166224759897742E-004
   1.5200000000038758       -2.4453766112385127E-004
   1.5400000000038827       -2.4738352670759854E-004
   1.5600000000038896       -2.5019815147421179E-004
   1.5800000000038965       -2.5297980101608882E-004
   1.6000000000039034       -2.5572670189638347E-004
   1.6200000000039103       -2.5843704432107820E-004
   1.6400000000039172       -2.6110898497450996E-004
   1.6600000000039241       -2.6374065001144684E-004
   1.6800000000039310       -2.6633013819824750E-004
   1.7000000000039379       -2.6887552419506622E-004
   1.7200000000039448       -2.7137486197054790E-004
   1.7400000000039517       -2.7382618833995454E-004
   1.7600000000039586       -2.7622752661720924E-004
   1.7800000000039655       -2.7857689037091165E-004
   1.8000000000039724       -2.8087228727398953E-004
   1.8200000000039793       -2.8311172303630287E-004
   1.8400000000039862       -2.8529320540919583E-004
   1.8600000000039931       -2.8741474825072516E-004
   1.8800000000040000       -2.8947437564005721E-004
   1.9000000000040069       -2.9147012602934001E-004
   1.9200000000040138       -2.9340005642119679E-004
   1.9400000000040207       -2.9526224655989817E-004
   1.9600000000040276       -2.9705480312419073E-004
   1.9800000000040345       -2.9877586390974603E-004
   2.0000000000040412       -3.0042360198921322E-004
   2.0200000000040479       -3.0199622983792654E-004
   2.0400000000040546       -3.0349200341340924E-004
   2.0600000000040612       -3.0490922617698086E-004
   2.0800000000040679       -3.0624625304594112E-004
   2.1000000000040746       -3.0750149426503727E-004
   2.1200000000040813       -3.0867341918618460E-004
   2.1400000000040880       -3.0976055994569936E-004
   2.1600000000040946       -3.1076151502864544E-004
   2.1800000000041013       -3.1167495271025786E-004
   2.2000000000041080       -3.1249961436480463E-004
   2.2200000000041147       -3.1323431763268043E-004
   2.2400000000041214       -3.1387795943697838E-004
   2.2600000000041280       -3.1442951884127303E-004
   2.2800000000041347       -3.1488805974085222E-004
   2.3000000000041414       -3.1525273338016928E-004
   2.3200000000041481       -3.1552278068983130E-004
   2.3400000000041548       -3.1569753443701578E-004
   2.3600000000041614       -3.1577642118378146E-004
   2.3800000000041681       -3.1575896304834530E-004
   2.4000000000041748       -3.1564477926500031E-004
   2.4200000000041815       -3.1543358753896897E-004
   2.4400000000041882       -3.1512520519311004E-004
   2.4600000000041948       -3.1471955010402102E-004
   2.4800000000042015       -3.1421664142571905E-004
   2.5000000000042082       -3.1361660009969819E-004
   2.5200000000042149       -3.1291964915080032E-004
   2.5400000000042215       -3.1212611376895544E-004
   2.5600000000042282       -3.1123642117746004E-004
   2.5800000000042349       -3.1025110028907701E-004
   2.6000000000042416       -3.0917078115182616E-004
   2.6200000000042483       -3.0799619418693026E-004
   2.6400000000042549       -3.0672816922194200E-004
   2.6600000000042616       -3.0536763432262987E-004
   2.6800000000042683       -3.0391561442774358E-004
   2.7000000000042750       -3.0237322979128289E-004
   2.7200000000042817       -3.0074169423740144E-004
   2.7400000000042883       -2.9902231323353370E-004
   2.7600000000042950       -2.9721648178779471E-004
   2.7800000000043017       -2.9532568217711513E-004
   2.8000000000043084       -2.9335148151297789E-004
   2.8200000000043151       -2.9129552915198759E-004
   2.8400000000043217       -2.8915955395885219E-004
   2.8600000000043284       -2.8694536142966157E-004
   2.8800000000043351       -2.8465483068364477E-004
   2.9000000000043418       -2.8228991133183321E-004
   2.9200000000043485       -2.7985262023128840E-004
   2.9400000000043551       -2.7734503813374548E-004
   2.9600000000043618       -2.7476930623769553E-004
   2.9800000000043685       -2.7212762265305666E-004
   3.0000000000043752       -2.6942223878769991E-004
   3.0200000000043818       -2.6665545566516128E-004
   3.0400000000043885       -2.6382962018292643E-004
   3.0600000000043952       -2.6094712132069040E-004
   3.0800000000044019       -2.5801038630797360E-004
   3.1000000000044086       -2.5502187676045631E-004
   3.1200000000044152       -2.5198408479430533E-004
   3.1400000000044219       -2.4889952912769025E-004
   3.1600000000044286       -2.4577075117855856E-004
   3.1800000000044353       -2.4260031116759930E-004
   3.2000000000044420       -2.3939078423515994E-004
   3.2200000000044486       -2.3614475658068540E-004
   3.2400000000044553       -2.3286482163304364E-004
   3.2600000000044620       -2.2955357625986439E-004
   3.2800000000044687       -2.2621361702377177E-004
   3.3000000000044754       -2.2284753649311870E-004
   3.3200000000044820       -2.1945791961454822E-004
   3.3400000000044887       -2.1604734015440405E-004
   3.3600000000044954       -2.1261835721569754E-004
   3.3800000000045021       -2.0917351183701133E-004
   3.4000000000045087       -2.0571532367938105E-004
   3.4200000000045154       -2.0224628780684414E-004
   3.4400000000045221       -1.9876887156599287E-004
   3.4600000000045288       -1.9528551156949503E-004
   3.4800000000045355       -1.9179861078818560E-004
   3.5000000000045421       -1.8831053575594324E-004
   3.5200000000045488       -1.8482361389120231E-004
   3.5400000000045555       -1.8134013093855427E-004
   3.5600000000045622       -1.7786232853352313E-004
   3.5800000000045689       -1.7439240189321065E-004
   3.6000000000045755       -1.7093249763513126E-004
   3.6200000000045822       -1.6748471172617669E-004
   3.6400000000045889       -1.6405108756328214E-004
   3.6600000000045956       -1.6063361418699207E-004
   3.6800000000046023       -1.5723422462876746E-004
   3.7000000000046089       -1.5385479439251865E-004
   3.7200000000046156       -1.5049714007050029E-004
   3.7400000000046223       -1.4716301809337013E-004
   3.7600000000046290       -1.4385412361388219E-004
   3.7800000000046357       -1.4057208952336845E-004
   3.8000000000046423       -1.3731848559985442E-004
   3.8200000000046490       -1.3409481778636173E-004
   3.8400000000046557       -1.3090252759766390E-004
   3.8600000000046624       -1.2774299165349573E-004
   3.8800000000046690       -1.2461752133595619E-004
   3.9000000000046757       -1.2152736256860278E-004
   3.9200000000046824       -1.1847369571450741E-004
   3.9400000000046891       -1.1545763559032595E-004
   3.9600000000046958       -1.1248023159323672E-004
   3.9800000000047024       -1.0954246793741382E-004
   4.0000000000047091       -1.0664526399653314E-004
   4.0200000000047158       -1.0378947474865096E-004
   4.0400000000047225       -1.0097589131965438E-004
   4.0600000000047292       -9.8205241621357524E-005
   4.0800000000047358       -9.5478191080202818E-005
   4.1000000000047425       -9.2795343452432247E-005
   4.1200000000047492       -9.0157241721511145E-005
   4.1400000000047559       -8.7564369073513834E-005
   4.1600000000047626       -8.5017149946134017E-005
   4.1800000000047692       -8.2515951146933016E-005
   4.2000000000047759       -8.0061083036417523E-005
   4.2200000000047826       -7.7652800771521528E-005
   4.2400000000047893       -7.5291305605064754E-005
   4.2600000000047960       -7.2976746236770091E-005
   4.2800000000048026       -7.0709220211444339E-005
   4.3000000000048093       -6.8488775359959084E-005
   4.3200000000048160       -6.6315411278711179E-005
   4.3400000000048227       -6.4189080843298003E-005
   4.3600000000048293       -6.2109691752203111E-005
   4.3800000000048360       -6.0077108096362483E-005
   4.4000000000048427       -5.8091151950561349E-005
   4.4200000000048494       -5.6151604982700639E-005
   4.4400000000048561       -5.4258210077068854E-005
   4.4600000000048627       -5.2410672967857914E-005
   4.4800000000048694       -5.0608663879271198E-005
   4.5000000000048761       -4.8851819168687978E-005
   4.5200000000048828       -4.7139742969467609E-005
   4.5400000000048895       -4.5472008830103045E-005
   4.5600000000048961       -4.3848161346562349E-005
   4.5800000000049028       -4.2267717784788984E-005
   4.6000000000049095       -4.0730169690468726E-005
   4.6200000000049162       -3.9234984483306580E-005
   4.6400000000049229       -3.7781607033201737E-005
   4.6600000000049295       -3.6369461215845257E-005
   4.6800000000049362       -3.4997951445412233E-005
   4.7000000000049429       -3.3666464182160400E-005
   4.7200000000049496       -3.2374369412892175E-005
   4.7400000000049562       -3.1121022102379947E-005
   4.7600000000049629       -2.9905763613995996E-005
   4.7800000000049696       -2.8727923097930327E-005
   4.8000000000049763       -2.7586818845519182E-005
   4.8200000000049830       -2.6481759608344957E-005
   4.8400000000049896       -2.5412045880903348E-005
   4.8600000000049963       -2.4376971145767758E-005
   4.8800000000050030       -2.3375823080310714E-005
   4.9000000000050097       -2.2407884724169198E-005
   4.9200000000050164       -2.1472435606766380E-005
   4.9400000000050230       -2.0568752834320698E-005
   4.9600000000050297       -1.9696112135892608E-005
   4.9800000000050364       -1.8853788868130467E-005
   5.0000000000050431       -1.8041058978487342E-005
   5.0200000000050498       -1.7257199926784547E-005
   5.0400000000050564       -1.6501491565099474E-005
   5.0600000000050631       -1.5773216976050150E-005
   5.0800000000050698       -1.5071663269641779E-005
   5.1000000000050765       -1.4396122338927533E-005
   5.1200000000050832       -1.3745891574817705E-005
   5.1400000000050898       -1.3120274540451165E-005
   5.1600000000050965       -1.2518581605614141E-005
   5.1800000000051032       -1.1940130541762324E-005
   5.2000000000051099       -1.1384247078265037E-005
   5.2200000000051165       -1.0850265420550618E-005
   5.2400000000051232       -1.0337528730886652E-005
   5.2600000000051299       -9.8453895725801207E-006
   5.2800000000051366       -9.3732103184277108E-006
   5.3000000000051433       -8.9203635242893613E-006
   5.3200000000051499       -8.4862322686951827E-006
   5.3400000000051566       -8.0702104594294323E-006
   5.3600000000051633       -7.6717031080650746E-006
   5.3800000000051700       -7.2901265734473939E-006
   5.4000000000051767       -6.9249087751473445E-006
   5.4200000000051833       -6.5754893779229863E-006
   5.4400000000051900       -6.2413199482422275E-006
   5.4600000000051967       -5.9218640839307743E-006
   5.4800000000052034       -5.6165975180172145E-006
   5.5000000000052101       -5.3250081978518151E-006
   5.5200000000052167       -5.0465963405773232E-006
   5.5400000000052234       -4.7808744660286523E-006
   5.5600000000052301       -4.5273674081349429E-006
   5.5800000000052368       -4.2856123058906985E-006
   5.6000000000052435       -4.0551585749540712E-006
   5.6200000000052501       -3.8355678609193933E-006
   5.6400000000052568       -3.6264139752980117E-006
   5.6600000000052635       -3.4272828152261347E-006
   5.6800000000052702       -3.2377722679018606E-006
   5.7000000000052768       -3.0574921007350023E-006
   5.7200000000052835       -2.8860638381730608E-006
   5.7400000000052902       -2.7231206261455528E-006
   5.7600000000052969       -2.5683070850462618E-006
   5.7800000000053036       -2.4212791521489467E-006
   5.8000000000053102       -2.2817039143276066E-006
   5.8200000000053169       -2.1492594319267309E-006
   5.8400000000053236       -2.0236345546003992E-006
   5.8600000000053303       -1.9045287299125540E-006
   5.8800000000053370       -1.7916518054627975E-006
   5.9000000000053436       -1.6847238252746270E-006
   5.9200000000053503       -1.5834748211545490E-006
   5.9400000000053570       -1.4876445997021514E-006
   5.9600000000053637       -1.3969825256228341E-006
   5.9800000000053704       -1.3112473019661484E-006
   6.0000000000053770       -1.2302067478843855E-006
   6.0200000000053837       -1.1536375744774873E-006
   6.0400000000053904       -1.0813251592623966E-006
   6.0600000000053971       -1.0130633197768668E-006
   6.0800000000054037       -9.4865408680031888E-007
   6.1000000000054104       -8.8790747764707231E-007
   6.1200000000054171       -8.3064126996059235E-007
   6.1400000000054238       -7.7668077641110315E-007
   6.1600000000054305       -7.2585862067325232E-007
   6.1800000000054371       -6.7801451503536811E-007
   6.2000000000054438       -6.3299503996728518E-007
   6.2200000000054505       -5.9065342594993733E-007
   6.2400000000054572       -5.5084933784662152E-007
   6.2600000000054639       -5.1344866207339821E-007
   6.2800000000054705       -4.7832329680426038E-007
   6.3000000000054772       -4.4535094542572039E-007
   6.3200000000054839       -4.1441491343507312E-007
   6.3400000000054906       -3.8540390895715336E-007
   6.3600000000054973       -3.5821184703554791E-007
   6.3800000000055039       -3.3273765783628831E-007
   6.4000000000055106       -3.0888509888477278E-007
   6.4200000000055173       -2.8656257144026581E-007
   6.4400000000055240       -2.6568294109660406E-007
   6.4600000000055307       -2.4616336268284148E-007
   6.4800000000055373       -2.2792510952342668E-007
   6.5000000000055440       -2.1089340710408465E-007
   6.5200000000055507       -1.9499727117692222E-007
   6.5400000000055574       -1.8016935032635478E-007
   6.5600000000055640       -1.6634577300621544E-007
   6.5800000000055707       -1.5346599904790490E-007
   6.6000000000055774       -1.4147267562960340E-007
   6.6200000000055841       -1.3031149768739303E-007
   6.6400000000055908       -1.1993107274062752E-007
   6.6600000000055974       -1.1028279009598609E-007
   6.6800000000056041       -1.0132069438738587E-007
   6.7000000000056108       -9.3001363402211868E-008
   6.7200000000056175       -8.5283790138230487E-008
   6.7400000000056242       -7.8129269029956611E-008
   6.7600000000056308       -7.1501286278212860E-008
   6.7800000000056375       -6.5365414212072906E-008
   6.8000000000056442       -5.9689209608325487E-008
   6.8200000000056509       -5.4442115890002425E-008
   6.8400000000056576       -4.9595369122359253E-008
   6.8600000000056642       -4.5121907721966189E-008
   6.8800000000056709       -4.0996285792226693E-008
   6.9000000000056776       -3.7194589996689132E-008
   6.9200000000056843       -3.3694359879908317E-008
   6.9400000000056909       -3.0474511544356483E-008
   6.9600000000056976       -2.7515264590925888E-008
   6.9800000000057043       -2.4798072229921324E-008
   7.0000000000057110       -2.2305554469059567E-008
   7.0200000000057177       -2.0021434284884183E-008
   7.0400000000057243       -1.7930476684124188E-008
   7.0600000000057310       -1.6018430561881836E-008
   7.0800000000057377       -1.4271973264084266E-008
   7.1000000000057444       -1.2678657762388011E-008
   7.1200000000057511       -1.1226862350641148E-008
   7.1400000000057577       -9.9057427730941194E-009
   7.1600000000057644       -8.7051866957730549E-009
   7.1800000000057711       -7.6157704337888074E-009
   7.2000000000057778       -6.6287178488285762E-009
   7.2200000000057845       -5.7358613326582127E-009
   7.2400000000057911       -4.9296047941346210E-009
   7.2600000000057978       -4.2028885689832414E-009
   7.2800000000058045       -3.5491561734187994E-009
   7.3000000000058112       -2.9623228245737896E-009
   7.3200000000058179       -2.4367456526327961E-009
   7.3400000000058245       -1.9671955315487478E-009
   7.3600000000058312       -1.5488304572252637E-009
   7.3800000000058379       -1.1771704040838818E-009
   7.4000000000058446       -8.4807359298551384E-010
   7.4200000000058512       -5.5771410553732031E-010
   7.4400000000058579       -3.0256078188002137E-010
   7.4600000000058646       -7.9357341114629546E-011
   7.4800000000058713        1.1489633441941290E-010
   7.5000000000058780        2.8296180775938317E-010
   7.5200000000058846        4.2737864354995284E-010
   7.5400000000058913        5.5047996460804522E-010
   7.5600000000058980        6.5440705956545674E-010
   7.5800000000059047        7.4112309038451866E-010
   7.6000000000059114        8.1242594662816088E-010
   7.6200000000059180        8.6996029148518822E-010
   7.6400000000059247        9.1522884270997816E-010
   7.6600000000059314        9.4960292983291751E-010
   7.6800000000059381        9.7433236723688081E-010
   7.7000000000059448        9.9055468097731784E-010
   7.7200000000059514        9.9930372554979697E-010
   7.7400000000059581        1.0015177251808477E-009
   7.7600000000059648        9.9804677263635858E-010
   7.7800000000059715        9.8965981700678770E-010
   7.8000000000059782        9.7705117044151002E-010
   7.8200000000059848        9.6084656236446375E-010
   7.8400000000059915        9.4160876831191578E-010
   7.8600000000059982        9.1984283918861599E-010
   7.8800000000060049        8.9600095544216042E-010
   7.9000000000060115        8.7048692940589752E-010
   7.9200000000060182        8.4366037785798075E-010
   7.9400000000060249        8.1584058568769435E-010
   7.9600000000060316        7.8731008044918936E-010
   7.9800000000060383        7.5831793651661531E-010
   8.0000000000060449        7.2908282653251876E-010
   8.0200000000060516        6.9979583686229888E-010
   8.0400000000060583        6.7062306283080002E-010
   8.0600000000060650        6.4170799862139043E-010
   8.0800000000060717        6.1317373586257955E-010
   8.1000000000060783        5.8512498411081901E-010
   8.1200000000060850        5.5764992566002717E-010
   8.1400000000060917        5.3082191636685422E-010
   8.1600000000060984        5.0470104347534703E-010
   8.1800000000061051        4.7933555075360233E-010
   8.2000000000061117        4.5476314061767558E-010
   8.2200000000061184        4.3101216231294495E-010
   8.2400000000061251        4.0810269464914677E-010
   8.2600000000061318        3.8604753124155233E-010
   8.2800000000061384        3.6485307569572495E-010
   8.3000000000061451        3.4452015368612651E-010
   8.3200000000061518        3.2504474841831363E-010
   8.3400000000061585        3.0641866552949823E-010
   8.3600000000061652        2.8863013307172551E-010
   8.3800000000061718        2.7166434183486606E-010
   8.4000000000061785        2.5550393090194154E-010
   8.4200000000061852        2.4012942298597175E-010
   8.4400000000061919        2.2551961377466154E-010
   8.4600000000061986        2.1165191920568742E-010
   8.4800000000062052        1.9850268431045594E-010
   8.5000000000062119        1.8604745699672469E-010
   8.5200000000062186        1.7426122988988965E-010
   8.5400000000062253        1.6311865311787773E-010
   8.5600000000062320        1.5259422070489377E-010
   8.5800000000062386        1.4266243303375484E-010
   8.6000000000062453        1.3329793764459159E-010
   8.6200000000062520        1.2447565045847680E-010
   8.6400000000062587        1.1617085934741483E-010
   8.6600000000062654        1.0835931181636658E-010
   8.6800000000062720        1.0101728841801182E-010
   8.7000000000062787        9.4121663386061171E-011
   8.7200000000062854        8.7649953847607419E-011
   8.7400000000062921        8.1580358858642031E-011
   8.7600000000062987        7.5891789398933507E-011
   8.7800000000063054        7.0563890362451076E-011
   8.8000000000063121        6.5577055486924127E-011
   8.8200000000063188        6.0912436080517745E-011
   8.8400000000063255        5.6551944324484969E-011
   8.8600000000063321        5.2478251857667874E-011
   8.8800000000063388        4.8674784281401617E-011
   8.9000000000063455        4.5125712161416978E-011
   8.9200000000063522        4.1815939046314901E-011
   8.9400000000063589        3.8731086969817348E-011
   8.9600000000063655        3.5857479855938508E-011
   8.9800000000063722        3.3182125202165515E-011
   9.0000000000063789        3.0692694375420642E-011
   9.0200000000063856        2.8377501818727982E-011
   9.0400000000063923        2.6225483432851171E-011
   9.0600000000063989        2.4226174366520141E-011
   9.0800000000064056        2.2369686420942742E-011
   9.1000000000064123        2.0646685248945366E-011
   9.1200000000064190        1.9048367506078458E-011
   9.1400000000064257        1.7566438090191292E-011
   9.1600000000064323        1.6193087587149481E-011
   9.1800000000064390        1.4920970023384990E-011
   9.2000000000064457        1.3743181010674674E-011
   9.2200000000064524        1.2653236354811487E-011
   9.2400000000064590        1.1645051187526856E-011
   9.2600000000064657        1.0712919670024243E-011
   9.2800000000064724        9.8514953066853891E-012
   9.3000000000064791        9.0557718988019010E-012
   9.3200000000064858        8.3210651604772112E-012
   9.3400000000064924        7.6429950120416906E-012
   9.3600000000064991        7.0174685603499564E-012
   9.3800000000065058        6.4406637701040160E-012
   9.4000000000065125        5.9090138258018255E-012
   9.4200000000065192        5.4191921799807635E-012
   9.4400000000065258        4.9680982800503448E-012
   9.4600000000065325        4.5528439631357486E-012
   9.4800000000065392        4.1707405059273626E-012
   9.5000000000065459        3.8192863145114874E-012
   9.5200000000065526        3.4961552374967959E-012
   9.5400000000065592        3.1991854844121485E-012
   9.5600000000065659        2.9263691302999115E-012
   9.5800000000065726        2.6758421866301756E-012
   9.6000000000065793        2.4458752180873774E-012
   9.6200000000065859        2.2348644844042238E-012
   9.6400000000065926        2.0413235862135145E-012
   9.6600000000065993        1.8638755938358030E-012
   9.6800000000066060        1.7012456379975862E-012
   9.7000000000066127        1.5522539416647270E-012
   9.7200000000066193        1.4158092724615018E-012
   9.7400000000066260        1.2909027955126953E-012
   9.7600000000066327        1.1766023069813064E-012
   9.7800000000066394        1.0720468290661122E-012
   9.8000000000066461        9.7644154776018384E-013
   9.8200000000066527        8.8905307524525975E-013
   9.8400000000066594        8.0920501939819789E-013
   9.8600000000066661        7.3627384350797096E-013
   9.8800000000066728        6.6968499993761904E-013
   9.9000000000066795        6.0890932211059409E-013
   9.9200000000066861        5.5345965984857085E-013
   9.9400000000066928        5.0288774373527201E-013
   9.9600000000066995        4.5678126482331782E-013
   9.9800000000067062        4.1476115663590106E-013
