  -10.000000000000000        4.6586356141588946E-011
  -9.9799999999999933        5.1557725238608034E-011
  -9.9599999999999866        5.7045433749150933E-011
  -9.9399999999999800        6.3101561848303455E-011
  -9.9199999999999733        6.9783277547172158E-011
  -9.8999999999999666        7.7153316545708564E-011
  -9.8799999999999599        8.5280505600200252E-011
  -9.8599999999999532        9.4240333179814325E-011
  -9.8399999999999466        1.0411557149754966E-010
  -9.8199999999999399        1.1499695433601402E-010
  -9.7999999999999332        1.2698391544932366E-010
  -9.7799999999999265        1.4018539271096777E-010
  -9.7599999999999199        1.5472070359568971E-010
  -9.7399999999999132        1.7072049803330156E-010
  -9.7199999999999065        1.8832779515621883E-010
  -9.6999999999998998        2.0769911098260579E-010
  -9.6799999999998931        2.2900568463594905E-010
  -9.6599999999998865        2.5243481130228488E-010
  -9.6399999999998798        2.7819129077089263E-010
  -9.6199999999998731        3.0649900109627158E-010
  -9.5999999999998664        3.3760260766148270E-010
  -9.5799999999998597        3.7176941871913900E-010
  -9.5599999999998531        4.0929139933975655E-010
  -9.5399999999998464        4.5048735661182963E-010
  -9.5199999999998397        4.9570530991753881E-010
  -9.4999999999998330        5.4532506115704921E-010
  -9.4799999999998263        5.9976098091689107E-010
  -9.4599999999998197        6.5946502777896855E-010
  -9.4399999999998130        7.2493001925108689E-010
  -9.4199999999998063        7.9669317417268491E-010
  -9.3999999999997996        8.7533994791640305E-010
  -9.3799999999997929        9.6150818327257970E-010
  -9.3599999999997863        1.0558926015763417E-009
  -9.3399999999997796        1.1592496604215009E-009
  -9.3199999999997729        1.2724028062090159E-009
  -9.2999999999997662        1.3962481518071626E-009
  -9.2799999999997596        1.5317606117633591E-009
  -9.2599999999997529        1.6800005298113202E-009
  -9.2399999999997462        1.8421208358699607E-009
  -9.2199999999997395        2.0193747723408655E-009
  -9.1999999999997328        2.2131242322880936E-009
  -9.1799999999997262        2.4248487550363350E-009
  -9.1599999999997195        2.6561552278612436E-009
  -9.1399999999997128        2.9087883457788205E-009
  -9.1199999999997061        3.1846418849797377E-009
  -9.0999999999996994        3.4857708492100267E-009
  -9.0799999999996928        3.8144045523834318E-009
  -9.0599999999996861        4.1729607049339978E-009
  -9.0399999999996794        4.5640605758938591E-009
  -9.0199999999996727        4.9905453074208710E-009
  -8.9999999999996660        5.4554934635198519E-009
  -8.9799999999996594        5.9622399000105055E-009
  -8.9599999999996527        6.5143960484113675E-009
  -8.9399999999996460        7.1158717123431927E-009
  -8.9199999999996393        7.7708984813279111E-009
  -8.8999999999996326        8.4840548734771280E-009
  -8.8799999999996260        9.2602933255535951E-009
  -8.8599999999996193        1.0104969156257012E-008
  -8.8399999999996126        1.1023871636353200E-008
  -8.8199999999996059        1.2023257307451415E-008
  -8.7999999999995993        1.3109885699849858E-008
  -8.7799999999995926        1.4291057608939338E-008
  -8.7599999999995859        1.5574656099191904E-008
  -8.7399999999995792        1.6969190414784655E-008
  -8.7199999999995725        1.8483842986442888E-008
  -8.6999999999995659        2.0128519735136285E-008
  -8.6799999999995592        2.1913903884865729E-008
  -8.6599999999995525        2.3851513508936124E-008
  -8.6399999999995458        2.5953763046853352E-008
  -8.6199999999995391        2.8234029042327665E-008
  -8.5999999999995325        3.0706720366827167E-008
  -8.5799999999995258        3.3387353207726290E-008
  -8.5599999999995191        3.6292631115350771E-008
  -8.5399999999995124        3.9440530419158044E-008
  -8.5199999999995057        4.2850391339908332E-008
  -8.4999999999994991        4.6543015142029919E-008
  -8.4799999999994924        5.0540767688435541E-008
  -8.4599999999994857        5.4867689778856068E-008
  -8.4399999999994790        5.9549614672324967E-008
  -8.4199999999994724        6.4614293214776417E-008
  -8.3999999999994657        7.0091527013846972E-008
  -8.3799999999994590        7.6013310124882799E-008
  -8.3599999999994523        8.2413979734882929E-008
  -8.3399999999994456        8.9330376354643173E-008
  -8.3199999999994390        9.6802014053725811E-008
  -8.2999999999994323        1.0487126129807069E-007
  -8.2799999999994256        1.1358353297606917E-007
  -8.2599999999994189        1.2298749422576409E-007
  -8.2399999999994122        1.3313527670351997E-007
  -8.2199999999994056        1.4408270796296439E-007
  -8.1999999999993989        1.5588955464232123E-007
  -8.1799999999993922        1.6861978018833508E-007
  -8.1599999999993855        1.8234181787585656E-007
  -8.1399999999993788        1.9712885991379271E-007
  -8.1199999999993722        2.1305916346049334E-007
  -8.0999999999993655        2.3021637440470200E-007
  -8.0799999999993588        2.4868986980196983E-007
  -8.0599999999993521        2.6857511989075405E-007
  -8.0399999999993454        2.8997407064743703E-007
  -8.0199999999993388        3.1299554787494671E-007
  -7.9999999999993321        3.3775568385562005E-007
  -7.9799999999993254        3.6437836763537613E-007
  -7.9599999999993187        3.9299572004289833E-007
  -7.9399999999993121        4.2374859458454813E-007
  -7.9199999999993054        4.5678710539285693E-007
  -7.8999999999992987        4.9227118344360789E-007
  -7.8799999999992920        5.3037116229375149E-007
  -7.8599999999992853        5.7126839462939456E-007
  -7.8399999999992787        6.1515590094982099E-007
  -7.8199999999992720        6.6223905174992293E-007
  -7.7999999999992653        7.1273628459912407E-007
  -7.7799999999992586        7.6687985755003398E-007
  -7.7599999999992519        8.2491664034421158E-007
  -7.7399999999992453        8.8710894491560406E-007
  -7.7199999999992386        9.5373539672410024E-007
  -7.6999999999992319        1.0250918484820977E-006
  -7.6799999999992252        1.1014923378656935E-006
  -7.6599999999992185        1.1832700908290730E-006
  -7.6399999999992119        1.2707785721652684E-006
  -7.6199999999992052        1.3643925849788215E-006
  -7.5999999999991985        1.4645094207555043E-006
  -7.5799999999991918        1.5715500617308712E-006
  -7.5599999999991851        1.6859604372727092E-006
  -7.5399999999991785        1.8082127360024462E-006
  -7.5199999999991718        1.9388067753860438E-006
  -7.4999999999991651        2.0782714305267537E-006
  -7.4799999999991584        2.2271661238889069E-006
  -7.4599999999991518        2.3860823776735727E-006
  -7.4399999999991451        2.5556454305537173E-006
  -7.4199999999991384        2.7365159204566263E-006
  -7.3999999999991317        2.9293916350559305E-006
  -7.3799999999991250        3.1350093316030461E-006
  -7.3599999999991184        3.3541466276880364E-006
  -7.3399999999991117        3.5876239644729255E-006
  -7.3199999999991050        3.8363066438846400E-006
  -7.2999999999990983        4.1011069411908874E-006
  -7.2799999999990916        4.3829862943087933E-006
  -7.2599999999990850        4.6829575711132604E-006
  -7.2399999999990783        5.0020874159183816E-006
  -7.2199999999990716        5.3414986762015306E-006
  -7.1999999999990649        5.7023729105236646E-006
  -7.1799999999990582        6.0859529784727428E-006
  -7.1599999999990516        6.4935457133161049E-006
  -7.1399999999990449        6.9265246778952809E-006
  -7.1199999999990382        7.3863330041295340E-006
  -7.0999999999990315        7.8744863163131299E-006
  -7.0799999999990249        8.3925757381953459E-006
  -7.0599999999990182        8.9422709836203917E-006
  -7.0399999999990115        9.5253235302766652E-006
  -7.0199999999990048        1.0143569875860351E-005
  -6.9999999999989981        1.0798934875696416E-005
  -6.9799999999989915        1.1493435160580108E-005
  -6.9599999999989848        1.2229182633304675E-005
  -6.9399999999989781        1.3008388042022780E-005
  -6.9199999999989714        1.3833364628253470E-005
  -6.8999999999989647        1.4706531846989075E-005
  -6.8799999999989581        1.5630419155979641E-005
  -6.8599999999989514        1.6607669870874135E-005
  -6.8399999999989447        1.7641045082478270E-005
  -6.8199999999989380        1.8733427631946918E-005
  -6.7999999999989313        1.9887826139266369E-005
  -6.7799999999989247        2.1107379079895573E-005
  -6.7599999999989180        2.2395358903925617E-005
  -6.7399999999989113        2.3755176191588255E-005
  -6.7199999999989046        2.5190383838385492E-005
  -6.6999999999988979        2.6704681262539316E-005
  -6.6799999999988913        2.8301918626856226E-005
  -6.6599999999988846        2.9986101066478741E-005
  -6.6399999999988779        3.1761392913350940E-005
  -6.6199999999988712        3.3632121907552059E-005
  -6.5999999999988646        3.5602783384964417E-005
  -6.5799999999988579        3.7678044430024974E-005
  -6.5599999999988512        3.9862747981576869E-005
  -6.5399999999988445        4.2161916879078742E-005
  -6.5199999999988378        4.4580757835655541E-005
  -6.4999999999988312        4.7124665323678588E-005
  -6.4799999999988245        4.9799225357745440E-005
  -6.4599999999988178        5.2610219159104275E-005
  -6.4399999999988111        5.5563626684714203E-005
  -6.4199999999988044        5.8665630003275644E-005
  -6.3999999999987978        6.1922616499685511E-005
  -6.3799999999987911        6.5341181888485796E-005
  -6.3599999999987844        6.8928133015979932E-005
  -6.3399999999987777        7.2690490429781554E-005
  -6.3199999999987710        7.6635490693652798E-005
  -6.2999999999987644        8.0770588424573526E-005
  -6.2799999999987577        8.5103458028066756E-005
  -6.2599999999987510        8.9641995106895368E-005
  -6.2399999999987443        9.4394317517325208E-005
  -6.2199999999987376        9.9368766046261596E-005
  -6.1999999999987310        1.0457390468165911E-004
  -6.1799999999987243        1.1001852044773600E-004
  -6.1599999999987176        1.1571162277565464E-004
  -6.1399999999987109        1.2166244237949704E-004
  -6.1199999999987043        1.2788042960653581E-004
  -6.0999999999986976        1.3437525223002493E-004
  -6.0799999999986909        1.4115679265196948E-004
  -6.0599999999986842        1.4823514448261997E-004
  -6.0399999999986775        1.5562060846275688E-004
  -6.0199999999986709        1.6332368769420496E-004
  -5.9999999999986642        1.7135508214342746E-004
  -5.9799999999986575        1.7972568238254017E-004
  -5.9599999999986508        1.8844656253160931E-004
  -5.9399999999986441        1.9752897236571297E-004
  -5.9199999999986375        2.0698432854990688E-004
  -5.8999999999986308        2.1682420496501616E-004
  -5.8799999999986241        2.2706032208696857E-004
  -5.8599999999986174        2.3770453538235814E-004
  -5.8399999999986107        2.4876882268290912E-004
  -5.8199999999986041        2.6026527050165545E-004
  -5.7999999999985974        2.7220605925385843E-004
  -5.7799999999985907        2.8460344734605519E-004
  -5.7599999999985840        2.9746975409703972E-004
  -5.7399999999985774        3.1081734145521823E-004
  -5.7199999999985707        3.2465859447744082E-004
  -5.6999999999985640        3.3900590053530065E-004
  -5.6799999999985573        3.5387162721585750E-004
  -5.6599999999985506        3.6926809888489161E-004
  -5.6399999999985440        3.8520757188208475E-004
  -5.6199999999985373        4.0170220831897691E-004
  -5.5999999999985306        4.1876404845217198E-004
  -5.5799999999985239        4.3640498160602085E-004
  -5.5599999999985172        4.5463671562101916E-004
  -5.5399999999985106        4.7347074480624303E-004
  -5.5199999999985039        4.9291831637652053E-004
  -5.4999999999984972        5.1299039535749225E-004
  -5.4799999999984905        5.3369762794446820E-004
  -5.4599999999984838        5.5505030330384349E-004
  -5.4399999999984772        5.7705831380895558E-004
  -5.4199999999984705        5.9973111370553776E-004
  -5.3999999999984638        6.2307767620543516E-004
  -5.3799999999984571        6.4710644901093959E-004
  -5.3599999999984504        6.7182530827601303E-004
  -5.3399999999984438        6.9724151101473435E-004
  -5.3199999999984371        7.2336164597170370E-004
  -5.2999999999984304        7.5019158297354106E-004
  -5.2799999999984237        7.7773642078542387E-004
  -5.2599999999984171        8.0600043350147817E-004
  -5.2399999999984104        8.3498701550295941E-004
  -5.2199999999984037        8.6469862502345693E-004
  -5.1999999999983970        8.9513672636586529E-004
  -5.1799999999983903        9.2630173082152453E-004
  -5.1599999999983837        9.5819293634776188E-004
  -5.1399999999983770        9.9080846606613938E-004
  -5.1199999999983703        1.0241452056498255E-003
  -5.0999999999983636        1.0581987396748687E-003
  -5.0799999999983569        1.0929632870166411E-003
  -5.0599999999983503        1.1284316353792504E-003
  -5.0399999999983436        1.1645950750525144E-003
  -5.0199999999983369        1.2014433319978382E-003
  -4.9999999999983302        1.2389645003713220E-003
  -4.9799999999983235        1.2771449745993229E-003
  -4.9599999999983169        1.3159693811288164E-003
  -4.9399999999983102        1.3554205099819622E-003
  -4.9199999999983035        1.3954792462513388E-003
  -4.8999999999982968        1.4361245016795570E-003
  -4.8799999999982901        1.4773331464738694E-003
  -4.8599999999982835        1.5190799415136752E-003
  -4.8399999999982768        1.5613374711156125E-003
  -4.8199999999982701        1.6040760765280370E-003
  -4.7999999999982634        1.6472637903333469E-003
  -4.7799999999982568        1.6908662719434349E-003
  -4.7599999999982501        1.7348467443799786E-003
  -4.7399999999982434        1.7791659325376878E-003
  -4.7199999999982367        1.8237820031347495E-003
  -4.6999999999982300        1.8686505065606310E-003
  -4.6799999999982234        1.9137243208370239E-003
  -4.6599999999982167        1.9589535979130431E-003
  -4.6399999999982100        2.0042857125209122E-003
  -4.6199999999982033        2.0496652138229112E-003
  -4.5999999999981966        2.0950337800847312E-003
  -4.5799999999981900        2.1403301766142820E-003
  -4.5599999999981833        2.1854902172083620E-003
  -4.5399999999981766        2.2304467293526140E-003
  -4.5199999999981699        2.2751295234226697E-003
  -4.4999999999981632        2.3194653661362525E-003
  -4.4799999999981566        2.3633779585074404E-003
  -4.4599999999981499        2.4067879185550481E-003
  -4.4399999999981432        2.4496127690172001E-003
  -4.4199999999981365        2.4917669303237554E-003
  -4.3999999999981299        2.5331617190769719E-003
  -4.3799999999981232        2.5737053522890668E-003
  -4.3599999999981165        2.6133029576225434E-003
  -4.3399999999981098        2.6518565898759634E-003
  -4.3199999999981031        2.6892652539536573E-003
  -4.2999999999980965        2.7254249345528662E-003
  -4.2799999999980898        2.7602286327961848E-003
  -4.2599999999980831        2.7935664100304891E-003
  -4.2399999999980764        2.8253254390061431E-003
  -4.2199999999980697        2.8553900626419248E-003
  -4.1999999999980631        2.8836418605720131E-003
  -4.1799999999980564        2.9099597236611160E-003
  -4.1599999999980497        2.9342199366630345E-003
  -4.1399999999980430        2.9562962691859428E-003
  -4.1199999999980363        2.9760600751147955E-003
  -4.0999999999980297        2.9933804006277561E-003
  -4.0799999999980230        3.0081241009286604E-003
  -4.0599999999980163        3.0201559658021809E-003
  -4.0399999999980096        3.0293388540817935E-003
  -4.0199999999980029        3.0355338371033974E-003
  -3.9999999999979963        3.0386003511991637E-003
  -3.9799999999979896        3.0383963592671898E-003
  -3.9599999999979829        3.0347785214325804E-003
  -3.9399999999979762        3.0276023747948981E-003
  -3.9199999999979696        3.0167225222353950E-003
  -3.8999999999979629        3.0019928302351668E-003
  -3.8799999999979562        2.9832666356324499E-003
  -3.8599999999979495        2.9603969612234885E-003
  -3.8399999999979428        2.9332367400872112E-003
  -3.8199999999979362        2.9016390484889044E-003
  -3.7999999999979295        2.8654573471927516E-003
  -3.7799999999979228        2.8245457309869276E-003
  -3.7599999999979161        2.7787591861986993E-003
  -3.7399999999979094        2.7279538559500378E-003
  -3.7199999999979028        2.6719873128771472E-003
  -3.6999999999978961        2.6107188390098947E-003
  -3.6799999999978894        2.5440097124795023E-003
  -3.6599999999978827        2.4717235006950951E-003
  -3.6399999999978760        2.3937263596019612E-003
  -3.6199999999978694        2.3098873386065161E-003
  -3.5999999999978627        2.2200786907253440E-003
  -3.5799999999978560        2.1241761874881524E-003
  -3.5599999999978493        2.0220594380972305E-003
  -3.5399999999978427        1.9136122123191157E-003
  -3.5199999999978360        1.7987227665576956E-003
  -3.4999999999978293        1.6772841725320286E-003
  -3.4799999999978226        1.5491946479568453E-003
  -3.4599999999978159        1.4143578885990036E-003
  -3.4399999999978093        1.2726834010593840E-003
  -3.4199999999978026        1.1240868356067516E-003
  -3.3999999999977959        9.6849031836803887E-004
  -3.3799999999977892        8.0582278215866052E-004
  -3.3599999999977825        6.3602029521672308E-004
  -3.3399999999977759        4.5902638708640234E-004
  -3.3199999999977692        2.7479237087863802E-004
  -3.2999999999977625        8.3277661121557384E-005
  -3.2799999999977558       -1.1554991360121228E-004
  -3.2599999999977491       -3.2171380403879507E-004
  -3.2399999999977425       -5.3522844051330791E-004
  -3.2199999999977358       -7.5609894084662248E-004
  -3.1999999999977291       -9.8432082681560720E-004
  -3.1799999999977224       -1.2198797499831631E-003
  -3.1599999999977157       -1.4627512277558426E-003
  -3.1399999999977091       -1.7129003905201506E-003
  -3.1199999999977024       -1.9702817407089655E-003
  -3.0999999999976957       -2.2348389246465991E-003
  -3.0799999999976890       -2.5065045180157467E-003
  -3.0599999999976824       -2.7851998257823526E-003
  -3.0399999999976757       -3.0708346974045700E-003
  -3.0199999999976690       -3.3633073581398076E-003
  -2.9999999999976623       -3.6625042572496409E-003
  -2.9799999999976556       -3.9682999338851617E-003
  -2.9599999999976490       -4.2805569014162598E-003
  -2.9399999999976423       -4.5991255509464360E-003
  -2.9199999999976356       -4.9238440747305821E-003
  -2.8999999999976289       -5.2545384101865050E-003
  -2.8799999999976222       -5.5910222051618851E-003
  -2.8599999999976156       -5.9330968050868233E-003
  -2.8399999999976089       -6.2805512626083687E-003
  -2.8199999999976022       -6.6331623702669358E-003
  -2.7999999999975955       -6.9906947167361882E-003
  -2.7799999999975888       -7.3529007671069863E-003
  -2.7599999999975822       -7.7195209676529306E-003
  -2.7399999999975755       -8.0902838754699294E-003
  -2.7199999999975688       -8.4649063133348315E-003
  -2.6999999999975621       -8.8430935500788815E-003
  -2.6799999999975554       -9.2245395067206571E-003
  -2.6599999999975488       -9.6089269885499002E-003
  -2.6399999999975421       -9.9959279432992321E-003
  -2.6199999999975354       -1.0385203745484036E-002
  -2.5999999999975287       -1.0776405506933208E-002
  -2.5799999999975221       -1.1169174413474143E-002
  -2.5599999999975154       -1.1563142087674842E-002
  -2.5399999999975087       -1.1957930977484597E-002
  -2.5199999999975020       -1.2353154770551938E-002
  -2.4999999999974953       -1.2748418833935512E-002
  -2.4799999999974887       -1.3143320678859106E-002
  -2.4599999999974820       -1.3537450450098149E-002
  -2.4399999999974753       -1.3930391439519388E-002
  -2.4199999999974686       -1.4321720623231188E-002
  -2.3999999999974619       -1.4711009221736160E-002
  -2.3799999999974553       -1.5097823282413580E-002
  -2.3599999999974486       -1.5481724283594071E-002
  -2.3399999999974419       -1.5862269759425236E-002
  -2.3199999999974352       -1.6239013944663684E-002
  -2.2999999999974285       -1.6611508438466278E-002
  -2.2799999999974219       -1.6979302886192364E-002
  -2.2599999999974152       -1.7341945678168422E-002
  -2.2399999999974085       -1.7698984664308162E-002
  -2.2199999999974018       -1.8049967883423799E-002
  -2.1999999999973952       -1.8394444306009301E-002
  -2.1799999999973885       -1.8731964589223004E-002
  -2.1599999999973818       -1.9062081842745764E-002
  -2.1399999999973751       -1.9384352404142404E-002
  -2.1199999999973684       -1.9698336622307622E-002
  -2.0999999999973618       -2.0003599647533944E-002
  -2.0799999999973551       -2.0299712226698661E-002
  -2.0599999999973484       -2.0586251502028797E-002
  -2.0399999999973417       -2.0862801811868371E-002
  -2.0199999999973350       -2.1128955491840695E-002
  -1.9999999999973281       -2.1384313674770755E-002
  -1.9799999999973212       -2.1628487087707662E-002
  -1.9599999999973143       -2.1861096844366785E-002
  -1.9399999999973074       -2.2081775231293566E-002
  -1.9199999999973005       -2.2290166486038081E-002
  -1.8999999999972936       -2.2485927565619887E-002
  -1.8799999999972867       -2.2668728903557145E-002
  -1.8599999999972798       -2.2838255153733444E-002
  -1.8399999999972729       -2.2994205919377769E-002
  -1.8199999999972660       -2.3136296465440871E-002
  -1.7999999999972591       -2.3264258412662425E-002
  -1.7799999999972522       -2.3377840411638991E-002
  -1.7599999999972453       -2.3476808795222452E-002
  -1.7399999999972384       -2.3560948207603703E-002
  -1.7199999999972315       -2.3630062208463632E-002
  -1.6999999999972246       -2.3683973850607363E-002
  -1.6799999999972177       -2.3722526229533920E-002
  -1.6599999999972108       -2.3745583003435232E-002
  -1.6399999999972039       -2.3753028882163449E-002
  -1.6199999999971970       -2.3744770083755043E-002
  -1.5999999999971901       -2.3720734757153545E-002
  -1.5799999999971832       -2.3680873369830248E-002
  -1.5599999999971763       -2.3625159059063157E-002
  -1.5399999999971694       -2.3553587945699235E-002
  -1.5199999999971625       -2.3466179409293533E-002
  -1.4999999999971556       -2.3362976323590603E-002
  -1.4799999999971487       -2.3244045251388151E-002
  -1.4599999999971418       -2.3109476597902107E-002
  -1.4399999999971349       -2.2959384721832076E-002
  -1.4199999999971280       -2.2793908003411453E-002
  -1.3999999999971211       -2.2613208868811820E-002
  -1.3799999999971142       -2.2417473770360945E-002
  -1.3599999999971073       -2.2206913122124437E-002
  -1.3399999999971004       -2.1981761190494359E-002
  -1.3199999999970935       -2.1742275939522718E-002
  -1.2999999999970866       -2.1488738830834648E-002
  -1.2799999999970797       -2.1221454578053311E-002
  -1.2599999999970728       -2.0940750855767694E-002
  -1.2399999999970659       -2.0646977963173913E-002
  -1.2199999999970590       -2.0340508442621242E-002
  -1.1999999999970521       -2.0021736653394091E-002
  -1.1799999999970452       -1.9691078301162714E-002
  -1.1599999999970383       -1.9348969923635068E-002
  -1.1399999999970314       -1.8995868333043290E-002
  -1.1199999999970245       -1.8632250016197085E-002
  -1.0999999999970176       -1.8258610492935482E-002
  -1.0799999999970107       -1.7875463633905433E-002
  -1.0599999999970038       -1.7483340938692176E-002
  -1.0399999999969969       -1.7082790775420447E-002
  -1.0199999999969900       -1.6674377583038129E-002
 -0.99999999999698319       -1.6258681037584540E-002
 -0.97999999999697640       -1.5836295183833286E-002
 -0.95999999999696961       -1.5407827533785074E-002
 -0.93999999999696282       -1.4973898133568508E-002
 -0.91999999999695603       -1.4535138600386291E-002
 -0.89999999999694924       -1.4092191131220427E-002
 -0.87999999999694245       -1.3645707485082965E-002
 -0.85999999999693566       -1.3196347940667600E-002
 -0.83999999999692887       -1.2744780231322887E-002
 -0.81999999999692208       -1.2291678459328905E-002
 -0.79999999999691529       -1.1837721991516070E-002
 -0.77999999999690850       -1.1383594338317505E-002
 -0.75999999999690171       -1.0929982018394265E-002
 -0.73999999999689492       -1.0477573411016265E-002
 -0.71999999999688813       -1.0027057598420156E-002
 -0.69999999999688134       -9.5791232003992408E-003
 -0.67999999999687455       -9.1344572034091128E-003
 -0.65999999999686776       -8.6937437864962174E-003
 -0.63999999999686097       -8.2576631463751587E-003
 -0.61999999999685418       -7.8268903239933144E-003
 -0.59999999999684739       -7.4020940349297211E-003
 -0.57999999999684060       -6.9839355059771501E-003
 -0.55999999999683381       -6.5730673202539502E-003
 -0.53999999999682702       -6.1701322731836112E-003
 -0.51999999999682023       -5.7757622416668205E-003
 -0.49999999999681344       -5.3905770687514773E-003
 -0.47999999999680665       -5.0151834660821714E-003
 -0.45999999999679986       -4.6501739363809637E-003
 -0.43999999999679307       -4.2961257181765872E-003
 -0.41999999999678628       -3.9535997549591858E-003
 -0.39999999999677949       -3.6231396908929106E-003
 -0.37999999999677270       -3.3052708951685291E-003
 -0.35999999999676591       -3.0004995170234581E-003
 -0.33999999999675912       -2.7093115733970992E-003
 -0.31999999999675233       -2.4321720711250002E-003
 -0.29999999999674554       -2.1695241655068577E-003
 -0.27999999999673875       -1.9217883570102376E-003
 -0.25999999999673196       -1.6893617277948746E-003
 -0.23999999999672514       -1.4726172196611756E-003
 -0.21999999999671832       -1.2719029549416901E-003
 -0.19999999999671150       -1.0875416017659238E-003
 -0.17999999999670468       -9.1982978503670106E-004
 -0.15999999999669787       -7.6903754436162455E-004
 -0.13999999999669105       -6.3540784008483562E-004
 -0.11999999999668425       -5.1915610846378862E-004
  -9.9999999996677441E-002  -4.2046986693246275E-004
  -7.9999999996670637E-002  -3.3950837028707133E-004
  -5.9999999996663833E-002  -2.7640231852283460E-004
  -3.9999999996657029E-002  -2.3125361694134629E-004
  -1.9999999996650222E-002  -2.0413518903739314E-004
   3.3565858426065631E-012  -1.9509084256225925E-004
   2.0000000003363393E-002  -2.0413518904780094E-004
   4.0000000003370201E-002  -2.3125361696214373E-004
   6.0000000003377005E-002  -2.7640231855399782E-004
   8.0000000003383809E-002  -3.3950837032856743E-004
  0.10000000000339061       -4.2046986698423926E-004
  0.12000000000339742       -5.1915610852577376E-004
  0.14000000000340423       -6.3540784015696163E-004
  0.16000000000341105       -7.6903754444380772E-004
  0.18000000000341787       -9.1982978512884046E-004
  0.20000000000342469       -1.0875416018679008E-003
  0.22000000000343151       -1.2719029550533839E-003
  0.24000000000343832       -1.4726172197824477E-003
  0.26000000000344514       -1.6893617279255914E-003
  0.28000000000345193       -1.9217883571502324E-003
  0.30000000000345872       -2.1695241656559628E-003
  0.32000000000346551       -2.4321720712830413E-003
  0.34000000000347230       -2.7093115735638807E-003
  0.36000000000347909       -3.0004995171987866E-003
  0.38000000000348588       -3.3052708953521951E-003
  0.40000000000349267       -3.6231396910846973E-003
  0.42000000000349946       -3.9535997551588707E-003
  0.44000000000350625       -4.2961257183839240E-003
  0.46000000000351304       -4.6501739365957181E-003
  0.48000000000351983       -5.0151834663040903E-003
  0.50000000000352662       -5.3905770689803073E-003
  0.52000000000353341       -5.7757622419022927E-003
  0.54000000000354020       -6.1701322734254533E-003
  0.56000000000354699       -6.5730673205018787E-003
  0.58000000000355378       -6.9839355062308942E-003
  0.60000000000356057       -7.4020940351889799E-003
  0.62000000000356736       -7.8268903242577972E-003
  0.64000000000357415       -8.2576631466445716E-003
  0.66000000000358094       -8.6937437867702656E-003
  0.68000000000358773       -9.1344572036874822E-003
  0.70000000000359452       -9.5791232006816312E-003
  0.72000000000360131       -1.0027057598706250E-002
  0.74000000000360810       -1.0477573411305764E-002
  0.76000000000361490       -1.0929982018686838E-002
  0.78000000000362169       -1.1383594338612852E-002
  0.80000000000362848       -1.1837721991813878E-002
  0.82000000000363527       -1.2291678459628847E-002
  0.84000000000364206       -1.2744780231624659E-002
  0.86000000000364885       -1.3196347940970894E-002
  0.88000000000365564       -1.3645707485387461E-002
  0.90000000000366243       -1.4092191131525815E-002
  0.92000000000366922       -1.4535138600692265E-002
  0.94000000000367601       -1.4973898133874770E-002
  0.96000000000368280       -1.5407827534091314E-002
  0.98000000000368959       -1.5836295184139218E-002
   1.0000000000036964       -1.6258681037889865E-002
   1.0200000000037033       -1.6674377583342555E-002
   1.0400000000037102       -1.7082790775723687E-002
   1.0600000000037171       -1.7483340938993955E-002
   1.0800000000037240       -1.7875463634205460E-002
   1.1000000000037309       -1.8258610493233518E-002
   1.1200000000037378       -1.8632250016492859E-002
   1.1400000000037447       -1.8995868333336545E-002
   1.1600000000037516       -1.9348969923925551E-002
   1.1800000000037585       -1.9691078301450188E-002
   1.2000000000037654       -2.0021736653678308E-002
   1.2200000000037723       -2.0340508442901993E-002
   1.2400000000037792       -2.0646977963450972E-002
   1.2600000000037861       -2.0940750856040847E-002
   1.2800000000037930       -2.1221454578322373E-002
   1.3000000000037999       -2.1488738831099401E-002
   1.3200000000038068       -2.1742275939782986E-002
   1.3400000000038137       -2.1981761190749981E-002
   1.3600000000038206       -2.2206913122375237E-002
   1.3800000000038275       -2.2417473770606756E-002
   1.4000000000038344       -2.2613208869052492E-002
   1.4200000000038413       -2.2793908003646862E-002
   1.4400000000038482       -2.2959384722062080E-002
   1.4600000000038551       -2.3109476598126597E-002
   1.4800000000038620       -2.3244045251607007E-002
   1.5000000000038689       -2.3362976323803707E-002
   1.5200000000038758       -2.3466179409500822E-002
   1.5400000000038827       -2.3553587945900602E-002
   1.5600000000038896       -2.3625159059258560E-002
   1.5800000000038965       -2.3680873370019596E-002
   1.6000000000039034       -2.3720734757336791E-002
   1.6200000000039103       -2.3744770083932158E-002
   1.6400000000039172       -2.3753028882334378E-002
   1.6600000000039241       -2.3745583003599947E-002
   1.6800000000039310       -2.3722526229692401E-002
   1.7000000000039379       -2.3683973850759616E-002
   1.7200000000039448       -2.3630062208609654E-002
   1.7400000000039517       -2.3560948207743487E-002
   1.7600000000039586       -2.3476808795356033E-002
   1.7800000000039655       -2.3377840411766371E-002
   1.8000000000039724       -2.3264258412783657E-002
   1.8200000000039793       -2.3136296465555980E-002
   1.8400000000039862       -2.2994205919486803E-002
   1.8600000000039931       -2.2838255153836480E-002
   1.8800000000040000       -2.2668728903654230E-002
   1.9000000000040069       -2.2485927565711085E-002
   1.9200000000040138       -2.2290166486123471E-002
   1.9400000000040207       -2.2081775231373221E-002
   1.9600000000040276       -2.1861096844440816E-002
   1.9800000000040345       -2.1628487087776156E-002
   2.0000000000040412       -2.1384313674833805E-002
   2.0200000000040479       -2.1128955491898412E-002
   2.0400000000040546       -2.0862801811920861E-002
   2.0600000000040612       -2.0586251502076155E-002
   2.0800000000040679       -2.0299712226741026E-002
   2.1000000000040746       -2.0003599647571445E-002
   2.1200000000040813       -1.9698336622340377E-002
   2.1400000000040880       -1.9384352404170545E-002
   2.1600000000040946       -1.9062081842769408E-002
   2.1800000000041013       -1.8731964589242305E-002
   2.2000000000041080       -1.8394444306024393E-002
   2.2200000000041147       -1.8049967883434825E-002
   2.2400000000041214       -1.7698984664315257E-002
   2.2600000000041280       -1.7341945678171745E-002
   2.2800000000041347       -1.6979302886192038E-002
   2.3000000000041414       -1.6611508438462472E-002
   2.3200000000041481       -1.6239013944656544E-002
   2.3400000000041548       -1.5862269759414901E-002
   2.3600000000041614       -1.5481724283580692E-002
   2.3800000000041681       -1.5097823282397322E-002
   2.4000000000041748       -1.4711009221717161E-002
   2.4200000000041815       -1.4321720623209591E-002
   2.4400000000041882       -1.3930391439495355E-002
   2.4600000000041948       -1.3537450450071814E-002
   2.4800000000042015       -1.3143320678830625E-002
   2.5000000000042082       -1.2748418833905031E-002
   2.5200000000042149       -1.2353154770519603E-002
   2.5400000000042215       -1.1957930977450539E-002
   2.5600000000042282       -1.1563142087639214E-002
   2.5800000000042349       -1.1169174413437070E-002
   2.6000000000042416       -1.0776405506894843E-002
   2.6200000000042483       -1.0385203745444500E-002
   2.6400000000042549       -9.9959279432586621E-003
   2.6600000000042616       -9.6089269885084247E-003
   2.6800000000042683       -9.2245395066784027E-003
   2.7000000000042750       -8.8430935500359714E-003
   2.7200000000042817       -8.4649063132913854E-003
   2.7400000000042883       -8.0902838754260582E-003
   2.7600000000042950       -7.7195209676087506E-003
   2.7800000000043017       -7.3529007670626112E-003
   2.8000000000043084       -6.9906947166917194E-003
   2.8200000000043151       -6.6331623702224757E-003
   2.8400000000043217       -6.2805512625640171E-003
   2.8600000000043284       -5.9330968050426789E-003
   2.8800000000043351       -5.5910222051180391E-003
   2.9000000000043418       -5.2545384101430432E-003
   2.9200000000043485       -4.9238440746875852E-003
   2.9400000000043551       -4.5991255509039847E-003
   2.9600000000043618       -4.2805569013744304E-003
   2.9800000000043685       -3.9682999338440357E-003
   3.0000000000043752       -3.6625042572092843E-003
   3.0200000000043818       -3.3633073581002815E-003
   3.0400000000043885       -3.0708346973659312E-003
   3.0600000000043952       -2.7851998257446614E-003
   3.0800000000044019       -2.5065045179790539E-003
   3.1000000000044086       -2.2348389246109649E-003
   3.1200000000044152       -1.9702817406744258E-003
   3.1400000000044219       -1.7129003904867409E-003
   3.1600000000044286       -1.4627512277236125E-003
   3.1800000000044353       -1.2198797499521435E-003
   3.2000000000044420       -9.8432082678582200E-004
   3.2200000000044486       -7.5609894081810872E-004
   3.2400000000044553       -5.3522844048608696E-004
   3.2600000000044620       -3.2171380401288616E-004
   3.2800000000044687       -1.1554991357663680E-004
   3.3000000000044754        8.3277661144787527E-005
   3.3200000000044820        2.7479237090050784E-004
   3.3400000000044887        4.5902638710690585E-004
   3.3600000000044954        6.3602029523585491E-004
   3.3800000000045021        8.0582278217641563E-004
   3.4000000000045087        9.6849031838442149E-004
   3.4200000000045154        1.1240868356217613E-003
   3.4400000000045221        1.2726834010730239E-003
   3.4600000000045288        1.4143578886112828E-003
   3.4800000000045355        1.5491946479677782E-003
   3.5000000000045421        1.6772841725416212E-003
   3.5200000000045488        1.7987227665659607E-003
   3.5400000000045555        1.9136122123260722E-003
   3.5600000000045622        2.0220594381028978E-003
   3.5800000000045689        2.1241761874925460E-003
   3.6000000000045755        2.2200786907284865E-003
   3.6200000000045822        2.3098873386084308E-003
   3.6400000000045889        2.3937263596026741E-003
   3.6600000000045956        2.4717235006946323E-003
   3.6800000000046023        2.5440097124778895E-003
   3.7000000000046089        2.6107188390071586E-003
   3.7200000000046156        2.6719873128733156E-003
   3.7400000000046223        2.7279538559451429E-003
   3.7600000000046290        2.7787591861927721E-003
   3.7800000000046357        2.8245457309799991E-003
   3.8000000000046423        2.8654573471848526E-003
   3.8200000000046490        2.9016390484800742E-003
   3.8400000000046557        2.9332367400774747E-003
   3.8600000000046624        2.9603969612128902E-003
   3.8800000000046690        2.9832666356210159E-003
   3.9000000000046757        3.0019928302229314E-003
   3.9200000000046824        3.0167225222223980E-003
   3.9400000000046891        3.0276023747811747E-003
   3.9600000000046958        3.0347785214181601E-003
   3.9800000000047024        3.0383963592521095E-003
   4.0000000000047091        3.0386003511834606E-003
   4.0200000000047158        3.0355338370871075E-003
   4.0400000000047225        3.0293388540649476E-003
   4.0600000000047292        3.0201559657848133E-003
   4.0800000000047358        3.0081241009108075E-003
   4.1000000000047425        2.9933804006094457E-003
   4.1200000000047492        2.9760600750960678E-003
   4.1400000000047559        2.9562962691668249E-003
   4.1600000000047626        2.9342199366435618E-003
   4.1800000000047692        2.9099597236413176E-003
   4.2000000000047759        2.8836418605519263E-003
   4.2200000000047826        2.8553900626215761E-003
   4.2400000000047893        2.8253254389855576E-003
   4.2600000000047960        2.7935664100097045E-003
   4.2800000000048026        2.7602286327752211E-003
   4.3000000000048093        2.7254249345317555E-003
   4.3200000000048160        2.6892652539324251E-003
   4.3400000000048227        2.6518565898546362E-003
   4.3600000000048293        2.6133029576011443E-003
   4.3800000000048360        2.5737053522676256E-003
   4.4000000000048427        2.5331617190555073E-003
   4.4200000000048494        2.4917669303022912E-003
   4.4400000000048561        2.4496127689957615E-003
   4.4600000000048627        2.4067879185336555E-003
   4.4800000000048694        2.3633779584861137E-003
   4.5000000000048761        2.3194653661150070E-003
   4.5200000000048828        2.2751295234015281E-003
   4.5400000000048895        2.2304467293315926E-003
   4.5600000000048961        2.1854902171874802E-003
   4.5800000000049028        2.1403301765935516E-003
   4.6000000000049095        2.0950337800641713E-003
   4.6200000000049162        2.0496652138025334E-003
   4.6400000000049229        2.0042857125007335E-003
   4.6600000000049295        1.9589535978930725E-003
   4.6800000000049362        1.9137243208172739E-003
   4.7000000000049429        1.8686505065411171E-003
   4.7200000000049496        1.8237820031154774E-003
   4.7400000000049562        1.7791659325186709E-003
   4.7600000000049629        1.7348467443612250E-003
   4.7800000000049696        1.6908662719249546E-003
   4.8000000000049763        1.6472637903151440E-003
   4.8200000000049830        1.6040760765101208E-003
   4.8400000000049896        1.5613374710979901E-003
   4.8600000000049963        1.5190799414963483E-003
   4.8800000000050030        1.4773331464568485E-003
   4.9000000000050097        1.4361245016628393E-003
   4.9200000000050164        1.3954792462349353E-003
   4.9400000000050230        1.3554205099658714E-003
   4.9600000000050297        1.3159693811130454E-003
   4.9800000000050364        1.2771449745838683E-003
   5.0000000000050431        1.2389645003561902E-003
   5.0200000000050498        1.2014433319830293E-003
   5.0400000000050564        1.1645950750380277E-003
   5.0600000000050631        1.1284316353650887E-003
   5.0800000000050698        1.0929632870028000E-003
   5.1000000000050765        1.0581987396613508E-003
   5.1200000000050832        1.0241452056366275E-003
   5.1400000000050898        9.9080846605326340E-004
   5.1600000000050965        9.5819293633520421E-004
   5.1800000000051032        9.2630173080928357E-004
   5.2000000000051099        8.9513672635393819E-004
   5.2200000000051165        8.6469862501184199E-004
   5.2400000000051232        8.3498701549165368E-004
   5.2600000000051299        8.0600043349047818E-004
   5.2800000000051366        7.7773642077472540E-004
   5.3000000000051433        7.5019158296314064E-004
   5.3200000000051499        7.2336164596159807E-004
   5.3400000000051566        6.9724151100491972E-004
   5.3600000000051633        6.7182530826648387E-004
   5.3800000000051700        6.4710644900169395E-004
   5.4000000000051767        6.2307767619646621E-004
   5.4200000000051833        5.9973111369684300E-004
   5.4400000000051900        5.7705831380052851E-004
   5.4600000000051967        5.5505030329567944E-004
   5.4800000000052034        5.3369762793656220E-004
   5.5000000000052101        5.1299039534983984E-004
   5.5200000000052167        4.9291831636911663E-004
   5.5400000000052234        4.7347074479908279E-004
   5.5600000000052301        4.5463671561409572E-004
   5.5800000000052368        4.3640498159933089E-004
   5.6000000000052435        4.1876404844570959E-004
   5.6200000000052501        4.0170220831273667E-004
   5.6400000000052568        3.8520757187606022E-004
   5.6600000000052635        3.6926809887908023E-004
   5.6800000000052702        3.5387162721025212E-004
   5.7000000000052768        3.3900590052989579E-004
   5.7200000000052835        3.2465859447223210E-004
   5.7400000000052902        3.1081734145020022E-004
   5.7600000000052969        2.9746975409220710E-004
   5.7800000000053036        2.8460344734140331E-004
   5.8000000000053102        2.7220605924938143E-004
   5.8200000000053169        2.6026527049734862E-004
   5.8400000000053236        2.4876882267876795E-004
   5.8600000000053303        2.3770453537837763E-004
   5.8800000000053370        2.2706032208314372E-004
   5.9000000000053436        2.1682420496134191E-004
   5.9200000000053503        2.0698432854637891E-004
   5.9400000000053570        1.9752897236232630E-004
   5.9600000000053637        1.8844656252836063E-004
   5.9800000000053704        1.7972568237942368E-004
   6.0000000000053770        1.7135508214043949E-004
   6.0200000000053837        1.6332368769134115E-004
   6.0400000000053904        1.5562060846001293E-004
   6.0600000000053971        1.4823514447999145E-004
   6.0800000000054037        1.4115679264945272E-004
   6.1000000000054104        1.3437525222761594E-004
   6.1200000000054171        1.2788042960423080E-004
   6.1400000000054238        1.2166244237729258E-004
   6.1600000000054305        1.1571162277354662E-004
   6.1800000000054371        1.1001852044572116E-004
   6.2000000000054438        1.0457390467973391E-004
   6.2200000000054505        9.9368766044422694E-005
   6.2400000000054572        9.4394317515569112E-005
   6.2600000000054639        8.9641995105219245E-005
   6.2800000000054705        8.5103458026467219E-005
   6.3000000000054772        8.0770588423047633E-005
   6.3200000000054839        7.6635490692197650E-005
   6.3400000000054906        7.2690490428394466E-005
   6.3600000000054973        6.8928133014657938E-005
   6.3800000000055039        6.5341181887226536E-005
   6.4000000000055106        6.1922616498486289E-005
   6.4200000000055173        5.8665630002133945E-005
   6.4400000000055240        5.5563626683627419E-005
   6.4600000000055307        5.2610219158070319E-005
   6.4800000000055373        4.9799225356762204E-005
   6.5000000000055440        4.7124665322743768E-005
   6.5200000000055507        4.4580757834767037E-005
   6.5400000000055574        4.2161916878234318E-005
   6.5600000000055640        3.9862747980774803E-005
   6.5800000000055707        3.7678044429263302E-005
   6.6000000000055774        3.5602783384241342E-005
   6.6200000000055841        3.3632121906865881E-005
   6.6400000000055908        3.1761392912700080E-005
   6.6600000000055974        2.9986101065861426E-005
   6.6800000000056041        2.8301918626270954E-005
   6.7000000000056108        2.6704681261984631E-005
   6.7200000000056175        2.5190383837859908E-005
   6.7400000000056242        2.3755176191090406E-005
   6.7600000000056308        2.2395358903454226E-005
   6.7800000000056375        2.1107379079449298E-005
   6.8000000000056442        1.9887826138844079E-005
   6.8200000000056509        1.8733427631547376E-005
   6.8400000000056576        1.7641045082100460E-005
   6.8600000000056642        1.6607669870516931E-005
   6.8800000000056709        1.5630419155642020E-005
   6.9000000000056776        1.4706531846670070E-005
   6.9200000000056843        1.3833364627952146E-005
   6.9400000000056909        1.3008388041738229E-005
   6.9600000000056976        1.2229182633036074E-005
   6.9800000000057043        1.1493435160326616E-005
   7.0000000000057110        1.0798934875457263E-005
   7.0200000000057177        1.0143569875634825E-005
   7.0400000000057243        9.5253235300640261E-006
   7.0600000000057310        8.9422709834199566E-006
   7.0800000000057377        8.3925757380064711E-006
   7.1000000000057444        7.8744863161352073E-006
   7.1200000000057511        7.3863330039619976E-006
   7.1400000000057577        6.9265246777375481E-006
   7.1600000000057644        6.4935457131676548E-006
   7.1800000000057711        6.0859529783330671E-006
   7.2000000000057778        5.7023729103922940E-006
   7.2200000000057845        5.3414986760779824E-006
   7.2400000000057911        5.0020874158022636E-006
   7.2600000000057978        4.6829575710041270E-006
   7.2800000000058045        4.3829862942062685E-006
   7.3000000000058112        4.1011069410945891E-006
   7.3200000000058179        3.8363066437942320E-006
   7.3400000000058245        3.5876239643880663E-006
   7.3600000000058312        3.3541466276084035E-006
   7.3800000000058379        3.1350093315283488E-006
   7.4000000000058446        2.9293916349858822E-006
   7.4200000000058512        2.7365159203909456E-006
   7.4400000000058579        2.5556454304921659E-006
   7.4600000000058646        2.3860823776158957E-006
   7.4800000000058713        2.2271661238348823E-006
   7.5000000000058780        2.0782714304761659E-006
   7.5200000000058846        1.9388067753386777E-006
   7.5400000000058913        1.8082127359581118E-006
   7.5600000000058980        1.6859604372312351E-006
   7.5800000000059047        1.5715500616920745E-006
   7.6000000000059114        1.4645094207192364E-006
   7.6200000000059180        1.3643925849449152E-006
   7.6400000000059247        1.2707785721335809E-006
   7.6600000000059314        1.1832700907994700E-006
   7.6800000000059381        1.1014923378380442E-006
   7.7000000000059448        1.0250918484562793E-006
   7.7200000000059514        9.5373539670000258E-007
   7.7400000000059581        8.8710894489311492E-007
   7.7600000000059648        8.2491664032323396E-007
   7.7800000000059715        7.6687985753046720E-007
   7.8000000000059782        7.1273628458088025E-007
   7.8200000000059848        6.6223905173291821E-007
   7.8400000000059915        6.1515590093397512E-007
   7.8600000000059982        5.7126839461463363E-007
   7.8800000000060049        5.3037116228000425E-007
   7.9000000000060115        4.9227118343080795E-007
   7.9200000000060182        4.5678710538094437E-007
   7.9400000000060249        4.2374859457346418E-007
   7.9600000000060316        3.9299572003258586E-007
   7.9800000000060383        3.6437836762578650E-007
   8.0000000000060449        3.3775568384670550E-007
   8.0200000000060516        3.1299554786666087E-007
   8.0400000000060583        2.8997407063973899E-007
   8.0600000000060650        2.6857511988360170E-007
   8.0800000000060717        2.4868986979532883E-007
   8.1000000000060783        2.3021637439853695E-007
   8.1200000000060850        2.1305916345477134E-007
   8.1400000000060917        1.9712885990848395E-007
   8.1600000000060984        1.8234181787093140E-007
   8.1800000000061051        1.6861978018376841E-007
   8.2000000000061117        1.5588955463808739E-007
   8.2200000000061184        1.4408270795904080E-007
   8.2400000000061251        1.3313527669988517E-007
   8.2600000000061318        1.2298749422239722E-007
   8.2800000000061384        1.1358353297295086E-007
   8.3000000000061451        1.0487126129518469E-007
   8.3200000000061518        9.6802014051054759E-008
   8.3400000000061585        8.9330376352171849E-008
   8.3600000000061652        8.2413979732597224E-008
   8.3800000000061718        7.6013310122769213E-008
   8.4000000000061785        7.0091527011893343E-008
   8.4200000000061852        6.4614293212970807E-008
   8.4400000000061919        5.9549614670656762E-008
   8.4600000000061986        5.4867689777315209E-008
   8.4800000000062052        5.0540767687012916E-008
   8.5000000000062119        4.6543015140716813E-008
   8.5200000000062186        4.2850391338696472E-008
   8.5400000000062253        3.9440530418039987E-008
   8.5600000000062320        3.6292631114319713E-008
   8.5800000000062386        3.3387353206775536E-008
   8.6000000000062453        3.0706720365950978E-008
   8.6200000000062520        2.8234029041520085E-008
   8.6400000000062587        2.5953763046109346E-008
   8.6600000000062654        2.3851513508250981E-008
   8.6800000000062720        2.1913903884234948E-008
   8.7000000000062787        2.0128519734555637E-008
   8.7200000000062854        1.8483842985908616E-008
   8.7400000000062921        1.6969190414293134E-008
   8.7600000000062987        1.5574656098739764E-008
   8.7800000000063054        1.4291057608523708E-008
   8.8000000000063121        1.3109885699467795E-008
   8.8200000000063188        1.2023257307100385E-008
   8.8400000000063255        1.1023871636030701E-008
   8.8600000000063321        1.0104969155960847E-008
   8.8800000000063388        9.2602933252817207E-009
   8.9000000000063455        8.4840548732275593E-009
   8.9200000000063522        7.7708984810989557E-009
   8.9400000000063589        7.1158717121331608E-009
   8.9600000000063655        6.5143960482187196E-009
   8.9800000000063722        5.9622398998339528E-009
   9.0000000000063789        5.4554934633579842E-009
   9.0200000000063856        4.9905453072725691E-009
   9.0400000000063923        4.5640605757580062E-009
   9.0600000000063989        4.1729607048095923E-009
   9.0800000000064056        3.8144045522695464E-009
   9.1000000000064123        3.4857708491058077E-009
   9.1200000000064190        3.1846418848843662E-009
   9.1400000000064257        2.9087883456915935E-009
   9.1600000000064323        2.6561552277814848E-009
   9.1800000000064390        2.4248487549634191E-009
   9.2000000000064457        2.2131242322214530E-009
   9.2200000000064524        2.0193747722799788E-009
   9.2400000000064590        1.8421208358143574E-009
   9.2600000000064657        1.6800005297605464E-009
   9.2800000000064724        1.5317606117170023E-009
   9.3000000000064791        1.3962481517648577E-009
   9.3200000000064858        1.2724028061704263E-009
   9.3400000000064924        1.1592496603863041E-009
   9.3600000000064991        1.0558926015442471E-009
   9.3800000000065058        9.6150818324332688E-010
   9.4000000000065125        8.7533994788974457E-010
   9.4200000000065192        7.9669317414840034E-010
   9.4400000000065258        7.2493001922896839E-010
   9.4600000000065325        6.5946502775883259E-010
   9.4800000000065392        5.9976098089856385E-010
   9.5000000000065459        5.4532506114037129E-010
   9.5200000000065526        4.9570530990236646E-010
   9.5400000000065592        4.5048735659803092E-010
   9.5600000000065659        4.0929139932721184E-010
   9.5800000000065726        3.7176941870773673E-010
   9.6000000000065793        3.3760260765112263E-010
   9.6200000000065859        3.0649900108686013E-010
   9.6400000000065926        2.7819129076234568E-010
   9.6600000000065993        2.5243481129452520E-010
   9.6800000000066060        2.2900568462890734E-010
   9.7000000000066127        2.0769911097621569E-010
   9.7200000000066193        1.8832779515042280E-010
   9.7400000000066260        1.7072049802804599E-010
   9.7600000000066327        1.5472070359092504E-010
   9.7800000000066394        1.4018539270664940E-010
   9.8000000000066461        1.2698391544541089E-010
   9.8200000000066527        1.1499695433247053E-010
   9.8400000000066594        1.0411557149433993E-010
   9.8600000000066661        9.4240333176909280E-011
   9.8800000000066728        8.5280505597571304E-011
   9.9000000000066795        7.7153316543329800E-011
   9.9200000000066861        6.9783277545020583E-011
   9.9400000000066928        6.3101561846358107E-011
   9.9600000000066995        5.7045433747392295E-011
   9.9800000000067062        5.1557725237018684E-011
