  -10.000000000000000       -1.8831151832474720E-013
  -9.9799999999999933       -2.0813189463979466E-013
  -9.9599999999999866       -2.2995893300810429E-013
  -9.9399999999999800       -2.5398724042730028E-013
  -9.9199999999999733       -2.8042939988966828E-013
  -9.8999999999999666       -3.0951753913838703E-013
  -9.8799999999999599       -3.4150502718893016E-013
  -9.8599999999999532       -3.7666830813074510E-013
  -9.8399999999999466       -4.1530888234753042E-013
  -9.8199999999999399       -4.5775544595023849E-013
  -9.7999999999999332       -5.0436619990614976E-013
  -9.7799999999999265       -5.5553134107089511E-013
  -9.7599999999999199       -6.1167574808893192E-013
  -9.7399999999999132       -6.7326187592198839E-013
  -9.7199999999999065       -7.4079287359537781E-013
  -9.6999999999998998       -8.1481594061865562E-013
  -9.6799999999998931       -8.9592593844038226E-013
  -9.6599999999998865       -9.8476927423673003E-013
  -9.6399999999998798       -1.0820480753095846E-012
  -9.6199999999998731       -1.1885246733821552E-012
  -9.5999999999998664       -1.3050264191268455E-012
  -9.5799999999998597       -1.4324508483413344E-012
  -9.5599999999998531       -1.5717712223021676E-012
  -9.5399999999998464       -1.7240424659694253E-012
  -9.5199999999998397       -1.8904075288880599E-012
  -9.4999999999998330       -2.0721041948298086E-012
  -9.4799999999998263       -2.2704723674391769E-012
  -9.4599999999998197       -2.4869618603852918E-012
  -9.4399999999998130       -2.7231407217731136E-012
  -9.4199999999998063       -2.9807041238270280E-012
  -9.3999999999997996       -3.2614838501219608E-012
  -9.3799999999997929       -3.5674584138931976E-012
  -9.3599999999997863       -3.9007638422000873E-012
  -9.3399999999997796       -4.2637051619396330E-012
  -9.3199999999997729       -4.6587686248948430E-012
  -9.2999999999997662       -5.0886347101472707E-012
  -9.2799999999997596       -5.5561919432712665E-012
  -9.2599999999997529       -6.0645515727443667E-012
  -9.2399999999997462       -6.6170631449377418E-012
  -9.2199999999997395       -7.2173310198757075E-012
  -9.1999999999997328       -7.8692318706552559E-012
  -9.1799999999997262       -8.5769332099712646E-012
  -9.1599999999997195       -9.3449129875800424E-012
  -9.1399999999997128       -1.0177980302725356E-011
  -9.1199999999997061       -1.1081297275519709E-011
  -9.0999999999996994       -1.2060402120987405E-011
  -9.0799999999996928       -1.3121233468902354E-011
  -9.0599999999996861       -1.4270155971653760E-011
  -9.0399999999996794       -1.5513987241111314E-011
  -9.0199999999996727       -1.6860026153786924E-011
  -8.9999999999996660       -1.8316082561465230E-011
  -8.9799999999996594       -1.9890508441838945E-011
  -8.9599999999996527       -2.1592230520493653E-011
  -8.9399999999996460       -2.3430784391765343E-011
  -8.9199999999996393       -2.5416350161501690E-011
  -8.8999999999996326       -2.7559789629494192E-011
  -8.8799999999996260       -2.9872685023274822E-011
  -8.8599999999996193       -3.2367379287977850E-011
  -8.8399999999996126       -3.5057017928985934E-011
  -8.8199999999996059       -3.7955592395019144E-011
  -8.7999999999995993       -4.1077984979075499E-011
  -8.7799999999995926       -4.4440015203106121E-011
  -8.7599999999995859       -4.8058487639381118E-011
  -8.7399999999995792       -5.1951241107060531E-011
  -8.7199999999995725       -5.6137199166415263E-011
  -8.6999999999995659       -6.0636421815276494E-011
  -8.6799999999995592       -6.5470158272541648E-011
  -8.6599999999995525       -7.0660900711724185E-011
  -8.6399999999995458       -7.6232438783482292E-011
  -8.6199999999995391       -8.2209914739615604E-011
  -8.5999999999995325       -8.8619878942002737E-011
  -8.5799999999995258       -9.5490345508177256E-011
  -8.5599999999995191       -1.0285084781051135E-010
  -8.5399999999995124       -1.1073249350809850E-010
  -8.5199999999995057       -1.1916801874913226E-010
  -8.4999999999994991       -1.2819184113673119E-010
  -8.4799999999994924       -1.3784011100240695E-010
  -8.4599999999994857       -1.4815076047855560E-010
  -8.4399999999994790       -1.5916354980416514E-010
  -8.4199999999994724       -1.7092011023609176E-010
  -8.3999999999994657       -1.8346398287152059E-010
  -8.3799999999994590       -1.9684065261523564E-010
  -8.3599999999994523       -2.1109757644784664E-010
  -8.3399999999994456       -2.2628420506773726E-010
  -8.3199999999994390       -2.4245199688997811E-010
  -8.2999999999994323       -2.5965442328938113E-010
  -8.2799999999994256       -2.7794696387190822E-010
  -8.2599999999994189       -2.9738709044843188E-010
  -8.2399999999994122       -3.1803423826706345E-010
  -8.2199999999994056       -3.3994976293432305E-010
  -8.1999999999993989       -3.6319688132123952E-010
  -8.1799999999993922       -3.8784059460732215E-010
  -8.1599999999993855       -4.1394759146302713E-010
  -8.1399999999993788       -4.4158612920933982E-010
  -8.1199999999993722       -4.7082589062100037E-010
  -8.0999999999993655       -5.0173781385723877E-010
  -8.0799999999993588       -5.3439389281034604E-010
  -8.0599999999993521       -5.6886694495725478E-010
  -8.0399999999993454       -6.0523034358254534E-010
  -8.0199999999993388       -6.4355771101194808E-010
  -7.9999999999993321       -6.8392256925343540E-010
  -7.9799999999993254       -7.2639794418785395E-010
  -7.9599999999993187       -7.7105591918207476E-010
  -7.9399999999993121       -8.1796713371470782E-010
  -7.9199999999993054       -8.6720022230699888E-010
  -7.8999999999992987       -9.1882118873894988E-010
  -7.8799999999992920       -9.7289271020312848E-010
  -7.8599999999992853       -1.0294733657050258E-009
  -7.8399999999992787       -1.0886167826592885E-009
  -7.8199999999992720       -1.1503706952552327E-009
  -7.7999999999992653       -1.2147759077722587E-009
  -7.7799999999992586       -1.2818651556161200E-009
  -7.7599999999992519       -1.3516618564199992E-009
  -7.7399999999992453       -1.4241787431098750E-009
  -7.7199999999992386       -1.4994163703716065E-009
  -7.6999999999992319       -1.5773614854773479E-009
  -7.6799999999992252       -1.6579852539311439E-009
  -7.6599999999992185       -1.7412413298783097E-009
  -7.6399999999992119       -1.8270637606896700E-009
  -7.6199999999992052       -1.9153647145811607E-009
  -7.5999999999991985       -2.0060320195607032E-009
  -7.5799999999991918       -2.0989265014090650E-009
  -7.5599999999991851       -2.1938791077987391E-009
  -7.5399999999991785       -2.2906878050368564E-009
  -7.5199999999991718       -2.3891142332829449E-009
  -7.4999999999991651       -2.4888801054435675E-009
  -7.4799999999991584       -2.5896633342814385E-009
  -7.4599999999991518       -2.6910938715994726E-009
  -7.4399999999991451       -2.7927492426704250E-009
  -7.4199999999991384       -2.8941497583815282E-009
  -7.3999999999991317       -2.9947533868524535E-009
  -7.3799999999991250       -3.0939502655653993E-009
  -7.3599999999991184       -3.1910568343189239E-009
  -7.3399999999991117       -3.2853095685859741E-009
  -7.3199999999991050       -3.3758582921204717E-009
  -7.2999999999990983       -3.4617590469211328E-009
  -7.2799999999990916       -3.5419664979251573E-009
  -7.2599999999990850       -3.6153258490732815E-009
  -7.2399999999990783       -3.6805642466611885E-009
  -7.2199999999990716       -3.7362816451765808E-009
  -7.1999999999990649       -3.7809411101159816E-009
  -7.1799999999990582       -3.8128585315871171E-009
  -7.1599999999990516       -3.8301917218318500E-009
  -7.1399999999990449       -3.8309288691580168E-009
  -7.1199999999990382       -3.8128763201472745E-009
  -7.0999999999990315       -3.7736456614165714E-009
  -7.0799999999990249       -3.7106400716559163E-009
  -7.0599999999990182       -3.6210399141507472E-009
  -7.0399999999990115       -3.5017875395271703E-009
  -7.0199999999990048       -3.3495712680388628E-009
  -6.9999999999989981       -3.1608085203498275E-009
  -6.9799999999989915       -2.9316280654638243E-009
  -6.9599999999989848       -2.6578513542151431E-009
  -6.9399999999989781       -2.3349729065718234E-009
  -6.9199999999989714       -1.9581397209183310E-009
  -6.8999999999989647       -1.5221296734867879E-009
  -6.8799999999989581       -1.0213288762000493E-009
  -6.8599999999989514       -4.4970796138502760E-010
  -6.8399999999989447        1.9920273788548738E-010
  -6.8199999999989380        9.3233914264739817E-010
  -6.7999999999989313        1.7571305483853373E-009
  -6.7799999999989247        2.6815279404789474E-009
  -6.7599999999989180        3.7140335335739286E-009
  -6.7399999999989113        4.8637315627447408E-009
  -6.7199999999989046        6.1403203532153315E-009
  -6.6999999999988979        7.5541456941369565E-009
  -6.6799999999988913        9.1162355404909684E-009
  -6.6599999999988846        1.0838336065567888E-008
  -6.6399999999988779        1.2732949084680816E-008
  -6.6199999999988712        1.4813370868770576E-008
  -6.5999999999988646        1.7093732364371559E-008
  -6.5799999999988579        1.9589040833992780E-008
  -6.5599999999988512        2.2315222928349542E-008
  -6.5399999999988445        2.5289169199022527E-008
  -6.5199999999988378        2.8528780057038897E-008
  -6.4999999999988312        3.2053013179540971E-008
  -6.4799999999988245        3.5881932363129445E-008
  -6.4599999999988178        4.0036757818639081E-008
  -6.4399999999988111        4.4539917898012291E-008
  -6.4199999999988044        4.9415102239571889E-008
  -6.3999999999987978        5.4687316313369421E-008
  -6.3799999999987911        6.0382937343365149E-008
  -6.3599999999987844        6.6529771578019125E-008
  -6.3399999999987777        7.3157112875382102E-008
  -6.3199999999987710        8.0295802563027263E-008
  -6.2999999999987644        8.7978290527098176E-008
  -6.2799999999987577        9.6238697478418097E-008
  -6.2599999999987510        1.0511287833696594E-007
  -6.2399999999987443        1.1463848666910547E-007
  -6.2199999999987376        1.2485504010474574E-007
  -6.1999999999987310        1.3580398665411719E-007
  -6.1799999999987243        1.4752877183607357E-007
  -6.1599999999987176        1.6007490652178401E-007
  -6.1399999999987109        1.7349003538936439E-007
  -6.1199999999987043        1.8782400587642297E-007
  -6.0999999999986976        2.0312893750866769E-007
  -6.0799999999986909        2.1945929147366954E-007
  -6.0599999999986842        2.3687194029957702E-007
  -6.0399999999986775        2.5542623748908573E-007
  -6.0199999999986709        2.7518408694927502E-007
  -5.9999999999986642        2.9621001204803875E-007
  -5.9799999999986575        3.1857122411782670E-007
  -5.9599999999986508        3.4233769021723464E-007
  -5.9399999999986441        3.6758219995070565E-007
  -5.9199999999986375        3.9438043113623613E-007
  -5.8999999999986308        4.2281101410056815E-007
  -5.8799999999986241        4.5295559437085411E-007
  -5.8599999999986174        4.8489889352136521E-007
  -5.8399999999986107        5.1872876792334475E-007
  -5.8199999999986041        5.5453626513577471E-007
  -5.7999999999985974        5.9241567766453297E-007
  -5.7799999999985907        6.3246459380735006E-007
  -5.7599999999985840        6.7478394529197647E-007
  -5.7399999999985774        7.1947805140531803E-007
  -5.7199999999985707        7.6665465930181728E-007
  -5.6999999999985640        8.1642498017026613E-007
  -5.6799999999985573        8.6890372092945497E-007
  -5.6599999999985506        9.2420911111470043E-007
  -5.6399999999985440        9.8246292460945830E-007
  -5.6199999999985373        1.0437904958688085E-006
  -5.5999999999985306        1.1083207302748534E-006
  -5.5799999999985239        1.1761861082578428E-006
  -5.5599999999985172        1.2475226828113979E-006
  -5.5399999999985106        1.3224700700254473E-006
  -5.5199999999985039        1.4011714322565290E-006
  -5.4999999999984972        1.4837734535520110E-006
  -5.4799999999984905        1.5704263069426176E-006
  -5.4599999999984838        1.6612836132164627E-006
  -5.4399999999984772        1.7565023907875503E-006
  -5.4199999999984705        1.8562429962727474E-006
  -5.3999999999984638        1.9606690553931518E-006
  -5.3799999999984571        2.0699473838192523E-006
  -5.3599999999984504        2.1842478975836766E-006
  -5.3399999999984438        2.3037435126912517E-006
  -5.3199999999984371        2.4286100335634923E-006
  -5.2999999999984304        2.5590260299630835E-006
  -5.2799999999984237        2.6951727020543256E-006
  -5.2599999999984171        2.8372337332671618E-006
  -5.2399999999984104        2.9853951306456205E-006
  -5.2199999999984037        3.1398450523765514E-006
  -5.1999999999983970        3.3007736222110434E-006
  -5.1799999999983903        3.4683727305092498E-006
  -5.1599999999983837        3.6428358216592893E-006
  -5.1399999999983770        3.8243576676427507E-006
  -5.1199999999983703        4.0131341275429172E-006
  -5.0999999999983636        4.2093618928170549E-006
  -5.0799999999983569        4.4132382181815292E-006
  -5.0599999999983503        4.6249606379873355E-006
  -5.0399999999983436        4.8447266679945961E-006
  -5.0199999999983369        5.0727334924872215E-006
  -4.9999999999983302        5.3091776367034834E-006
  -4.9799999999983235        5.5542546245944173E-006
  -4.9599999999983169        5.8081586219602239E-006
  -4.9399999999983102        6.0710820650545504E-006
  -4.9199999999983035        6.3432152747879759E-006
  -4.8999999999982968        6.6247460567055340E-006
  -4.8799999999982901        6.9158592869573802E-006
  -4.8599999999982835        7.2167364845286575E-006
  -4.8399999999982768        7.5275553700417776E-006
  -4.8199999999982701        7.8484894114941295E-006
  -4.7999999999982634        8.1797073573441793E-006
  -4.7799999999982568        8.5213727574110469E-006
  -4.7599999999982501        8.8736434721052263E-006
  -4.7399999999982434        9.2366711705617711E-006
  -4.7199999999982367        9.6106008183022918E-006
  -4.6999999999982300        9.9955701551070022E-006
  -4.6799999999982234        1.0391709163834395E-005
  -4.6599999999982167        1.0799139530982027E-005
  -4.6399999999982100        1.1217974099839185E-005
  -4.6199999999982033        1.1648316317138228E-005
  -4.5999999999981966        1.2090259674168655E-005
  -4.5799999999981900        1.2543887143373992E-005
  -4.5599999999981833        1.3009270611507825E-005
  -4.5399999999981766        1.3486470310480413E-005
  -4.5199999999981699        1.3975534247082097E-005
  -4.4999999999981632        1.4476497632822810E-005
  -4.4799999999981566        1.4989382315179360E-005
  -4.4599999999981499        1.5514196211593001E-005
  -4.4399999999981432        1.6050932747608172E-005
  -4.4199999999981365        1.6599570300591065E-005
  -4.3999999999981299        1.7160071650510739E-005
  -4.3799999999981232        1.7732383439308664E-005
  -4.3599999999981165        1.8316435640421393E-005
  -4.3399999999981098        1.8912141040058933E-005
  -4.3199999999981031        1.9519394731874388E-005
  -4.2999999999980965        2.0138073626690908E-005
  -4.2799999999980898        2.0768035978979285E-005
  -4.2599999999980831        2.1409120931801436E-005
  -4.2399999999980764        2.2061148081955211E-005
  -4.2199999999980697        2.2723917067068998E-005
  -4.1999999999980631        2.3397207176406306E-005
  -4.1799999999980564        2.4080776987144390E-005
  -4.1599999999980497        2.4774364027892452E-005
  -4.1399999999980430        2.5477684471210051E-005
  -4.1199999999980363        2.6190432856875785E-005
  -4.0999999999980297        2.6912281847642033E-005
  -4.0799999999980230        2.7642882019189420E-005
  -4.0599999999980163        2.8381861685968558E-005
  -4.0399999999980096        2.9128826764583667E-005
  -4.0199999999980029        2.9883360676333968E-005
  -3.9999999999979963        3.0645024290483764E-005
  -3.9799999999979896        3.1413355909781619E-005
  -3.9599999999979829        3.2187871299691097E-005
  -3.9399999999979762        3.2968063762732358E-005
  -3.9199999999979696        3.3753404259263787E-005
  -3.8999999999979629        3.4543341575957173E-005
  -3.8799999999979562        3.5337302543136211E-005
  -3.8599999999979495        3.6134692302060809E-005
  -3.8399999999979428        3.6934894623143458E-005
  -3.8199999999979362        3.7737272275983567E-005
  -3.7999999999979295        3.8541167451998789E-005
  -3.7799999999979228        3.9345902240318315E-005
  -3.7599999999979161        4.0150779157486103E-005
  -3.7399999999979094        4.0955081731396963E-005
  -3.7199999999979028        4.1758075139759427E-005
  -3.6999999999978961        4.2559006903245028E-005
  -3.6799999999978894        4.3357107633344700E-005
  -3.6599999999978827        4.4151591834809443E-005
  -3.6399999999978760        4.4941658762404729E-005
  -3.6199999999978694        4.5726493331557099E-005
  -3.5999999999978627        4.6505267082316078E-005
  -3.5799999999978560        4.7277139195897655E-005
  -3.5599999999978493        4.8041257562914650E-005
  -3.5399999999978427        4.8796759902236261E-005
  -3.5199999999978360        4.9542774929257347E-005
  -3.4999999999978293        5.0278423572189132E-005
  -3.4799999999978226        5.1002820234820810E-005
  -3.4599999999978159        5.1715074104032266E-005
  -3.4399999999978093        5.2414290500174531E-005
  -3.4199999999978026        5.3099572268269299E-005
  -3.3999999999977959        5.3770021207814396E-005
  -3.3799999999977892        5.4424739538823002E-005
  -3.3599999999977825        5.5062831401564133E-005
  -3.3399999999977759        5.5683404387317850E-005
  -3.3199999999977692        5.6285571097306470E-005
  -3.2999999999977625        5.6868450726817372E-005
  -3.2799999999977558        5.7431170671389754E-005
  -3.2599999999977491        5.7972868151803328E-005
  -3.2399999999977425        5.8492691854475824E-005
  -3.2199999999977358        5.8989803583754240E-005
  -3.1999999999977291        5.9463379922469173E-005
  -3.1799999999977224        5.9912613897014188E-005
  -3.1599999999977157        6.0336716643114270E-005
  -3.1399999999977091        6.0734919068356588E-005
  -3.1199999999977024        6.1106473507478704E-005
  -3.0999999999976957        6.1450655366338986E-005
  -3.0799999999976890        6.1766764750435360E-005
  -3.0599999999976824        6.2054128073790870E-005
  -3.0399999999976757        6.2312099643988626E-005
  -3.0199999999976690        6.2540063219114914E-005
  -2.9999999999976623        6.2737433532357372E-005
  -2.9799999999976556        6.2903657780005707E-005
  -2.9599999999976490        6.3038217068617680E-005
  -2.9399999999976423        6.3140627817138888E-005
  -2.9199999999976356        6.3210443109807106E-005
  -2.8999999999976289        6.3247253995724165E-005
  -2.8799999999976222        6.3250690731049146E-005
  -2.8599999999976156        6.3220423959845550E-005
  -2.8399999999976089        6.3156165829713530E-005
  -2.8199999999976022        6.3057671038444445E-005
  -2.7999999999975955        6.2924737808061834E-005
  -2.7799999999975888        6.2757208782746960E-005
  -2.7599999999975822        6.2554971847297215E-005
  -2.7399999999975755        6.2317960862930650E-005
  -2.7199999999975688        6.2046156317424901E-005
  -2.6999999999975621        6.1739585886766632E-005
  -2.6799999999975554        6.1398324905689725E-005
  -2.6599999999975488        6.1022496744692634E-005
  -2.6399999999975421        6.0612273091347796E-005
  -2.6199999999975354        6.0167874133951477E-005
  -2.5999999999975287        5.9689568645805103E-005
  -2.5799999999975221        5.9177673968675065E-005
  -2.5599999999975154        5.8632555894236788E-005
  -2.5399999999975087        5.8054628442581974E-005
  -2.5199999999975020        5.7444353537142989E-005
  -2.4999999999974953        5.6802240575672572E-005
  -2.4799999999974887        5.6128845897205792E-005
  -2.4599999999974820        5.5424772145224153E-005
  -2.4399999999974753        5.4690667527538704E-005
  -2.4199999999974686        5.3927224973708012E-005
  -2.3999999999974619        5.3135181191108136E-005
  -2.3799999999974553        5.2315315621072548E-005
  -2.3599999999974486        5.1468449296821687E-005
  -2.3399999999974419        5.0595443605199773E-005
  -2.3199999999974352        4.9697198954534998E-005
  -2.2999999999974285        4.8774653351229859E-005
  -2.2799999999974219        4.7828780887978348E-005
  -2.2599999999974152        4.6860590146788556E-005
  -2.2399999999974085        4.5871122520263007E-005
  -2.2199999999974018        4.4861450454858421E-005
  -2.1999999999973952        4.3832675620102876E-005
  -2.1799999999973885        4.2785927007997286E-005
  -2.1599999999973818        4.1722358967064608E-005
  -2.1399999999973751        4.0643149175734052E-005
  -2.1199999999973684        3.9549496559961393E-005
  -2.0999999999973618        3.8442619160180905E-005
  -2.0799999999973551        3.7323751952869690E-005
  -2.0599999999973484        3.6194144632171277E-005
  -2.0399999999973417        3.5055059357175407E-005
  -2.0199999999973350        3.3907768470584638E-005
  -1.9999999999973281        3.2753552194614364E-005
  -1.9799999999973212        3.1593696310068544E-005
  -1.9599999999973143        3.0429489824612192E-005
  -1.9399999999973074        2.9262222636319789E-005
  -1.9199999999973005        2.8093183198617118E-005
  -1.8999999999972936        2.6923656192752380E-005
  -1.8799999999972867        2.5754920213929705E-005
  -1.8599999999972798        2.4588245477215340E-005
  -1.8399999999972729        2.3424891549283230E-005
  -1.8199999999972660        2.2266105112000931E-005
  -1.7999999999972591        2.1113117763772854E-005
  -1.7799999999972522        1.9967143864450006E-005
  -1.7599999999972453        1.8829378429489953E-005
  -1.7399999999972384        1.7700995078903791E-005
  -1.7199999999972315        1.6583144046360333E-005
  -1.6999999999972246        1.5476950253632121E-005
  -1.6799999999972177        1.4383511455363615E-005
  -1.6599999999972108        1.3303896458919361E-005
  -1.6399999999972039        1.2239143423830691E-005
  -1.6199999999971970        1.1190258245101999E-005
  -1.5999999999971901        1.0158213024367109E-005
  -1.5799999999971832        9.1439446325981263E-006
  -1.5599999999971763        8.1483533677694995E-006
  -1.5399999999971694        7.1723017105660920E-006
  -1.5199999999971625        6.2166131808994929E-006
  -1.4999999999971556        5.2820712976614787E-006
  -1.4799999999971487        4.3694186437987013E-006
  -1.4599999999971418        3.4793560384409116E-006
  -1.4399999999971349        2.6125418174553094E-006
  -1.4199999999971280        1.7695912234359247E-006
  -1.3999999999971211        9.5107590576866063E-007
  -1.3799999999971142        1.5752353104209880E-007
  -1.3599999999971073       -6.1058249629707357E-007
  -1.3399999999971004       -1.3528032035166213E-006
  -1.3199999999970935       -2.0687441102405789E-006
  -1.2999999999970866       -2.7580551813678353E-006
  -1.2799999999970797       -3.4204306738353630E-006
  -1.2599999999970728       -4.0556088791494101E-006
  -1.2399999999970659       -4.6633717639544904E-006
  -1.2199999999970590       -5.2435445112479884E-006
  -1.1999999999970521       -5.7959949651760595E-006
  -1.1799999999970452       -6.3206329826619576E-006
  -1.1599999999970383       -6.8174096954204903E-006
  -1.1399999999970314       -7.2863166862011803E-006
  -1.1199999999970245       -7.7273850833748241E-006
  -1.0999999999970176       -8.1406845782350063E-006
  -1.0799999999970107       -8.5263223696241838E-006
  -1.0599999999970038       -8.8844420407140929E-006
  -1.0399999999969969       -9.2152223729700600E-006
  -1.0199999999969900       -9.5188761025088478E-006
 -0.99999999999698319       -9.7956486242179670E-006
 -0.97999999999697640       -1.0045816649140891E-005
 -0.95999999999696961       -1.0269686820746931E-005
 -0.93999999999696282       -1.0467594295795436E-005
 -0.91999999999695603       -1.0639901295571678E-005
 -0.89999999999694924       -1.0786995633316240E-005
 -0.87999999999694245       -1.0909289223689257E-005
 -0.85999999999693566       -1.1007216580107838E-005
 -0.83999999999692887       -1.1081233305766685E-005
 -0.81999999999692208       -1.1131814584100699E-005
 -0.79999999999691529       -1.1159453674373209E-005
 -0.77999999999690850       -1.1164660417974853E-005
 -0.75999999999690171       -1.1147959760896664E-005
 -0.73999999999689492       -1.1109890297697674E-005
 -0.71999999999688813       -1.1051002842121215E-005
 -0.69999999999688134       -1.0971859029328074E-005
 -0.67999999999687455       -1.0873029954507727E-005
 -0.65999999999686776       -1.0755094852402687E-005
 -0.63999999999686097       -1.0618639822036887E-005
 -0.61999999999685418       -1.0464256600676871E-005
 -0.59999999999684739       -1.0292541390777163E-005
 -0.57999999999684060       -1.0104093743367879E-005
 -0.55999999999683381       -9.8995155010369612E-006
 -0.53999999999682702       -9.6794098033397527E-006
 -0.51999999999682023       -9.4443801571399049E-006
 -0.49999999999681344       -9.1950295740459752E-006
 -0.47999999999680665       -8.9319597767614148E-006
 -0.45999999999679986       -8.6557704758119598E-006
 -0.43999999999679307       -8.3670587177565681E-006
 -0.41999999999678628       -8.0664183056262133E-006
 -0.39999999999677949       -7.7544392919718671E-006
 -0.37999999999677270       -7.4317075445398029E-006
 -0.35999999999676591       -7.0988043842309125E-006
 -0.33999999999675912       -6.7563062946418301E-006
 -0.31999999999675233       -6.4047847021328188E-006
 -0.29999999999674554       -6.0448058250194212E-006
 -0.27999999999673875       -5.6769305901459158E-006
 -0.25999999999673196       -5.3017146147688021E-006
 -0.23999999999672514       -4.9197082513592081E-006
 -0.21999999999671832       -4.5314566926269320E-006
 -0.19999999999671150       -4.1375001337756011E-006
 -0.17999999999670468       -3.7383739887206829E-006
 -0.15999999999669787       -3.3346091567404262E-006
 -0.13999999999669105       -2.9267323357857983E-006
 -0.11999999999668425       -2.5152663784496598E-006
  -9.9999999996677441E-002  -2.1007306863895473E-006
  -7.9999999996670637E-002  -1.6836416388128860E-006
  -5.9999999996663833E-002  -1.2645130504690723E-006
  -3.9999999996657029E-002  -8.4385665445095110E-007
  -1.9999999996650222E-002  -4.2218260498847491E-007
   3.3565858426065631E-012   4.6786459729659012E-015
   2.0000000003363393E-002   4.2218261433520238E-007
   4.0000000003370201E-002   8.4385666376602293E-007
   6.0000000003377005E-002   1.2645130597315137E-006
   8.0000000003383809E-002   1.6836416480019054E-006
  0.10000000000339061        2.1007306954846317E-006
  0.12000000000339742        2.5152663874306167E-006
  0.14000000000340423        2.9267323446328576E-006
  0.16000000000341105        3.3346091654342995E-006
  0.18000000000341787        3.7383739972426276E-006
  0.20000000000342469        4.1375001421075025E-006
  0.22000000000343151        4.5314567007513349E-006
  0.24000000000343832        4.9197082592594183E-006
  0.26000000000344514        5.3017146224289242E-006
  0.28000000000345193        5.6769305975509023E-006
  0.30000000000345872        6.0448058321551435E-006
  0.32000000000346551        6.4047847089860930E-006
  0.34000000000347230        6.7563063012004824E-006
  0.36000000000347909        7.0988043904838021E-006
  0.38000000000348588        7.4317075504768770E-006
  0.40000000000349267        7.7544392975841465E-006
  0.42000000000349946        8.0664183109059205E-006
  0.44000000000350625        8.3670587226970131E-006
  0.46000000000351304        8.6557704804076726E-006
  0.48000000000351983        8.9319597810080941E-006
  0.50000000000352662        9.1950295779405531E-006
  0.52000000000353341        9.4443801606804738E-006
  0.54000000000354020        9.6794098065256248E-006
  0.56000000000354699        9.8995155038686652E-006
  0.58000000000355378        1.0104093745847109E-005
  0.60000000000356057        1.0292541392906804E-005
  0.62000000000356736        1.0464256602460968E-005
  0.64000000000357415        1.0618639823480600E-005
  0.66000000000358094        1.0755094853512287E-005
  0.68000000000358773        1.0873029955290585E-005
  0.70000000000359452        1.0971859029792580E-005
  0.72000000000360131        1.1051002842276746E-005
  0.74000000000360810        1.1109890297554605E-005
  0.76000000000361490        1.1147959760466233E-005
  0.78000000000362169        1.1164660417269186E-005
  0.80000000000362848        1.1159453673405257E-005
  0.82000000000363527        1.1131814582884138E-005
  0.84000000000364206        1.1081233304315895E-005
  0.86000000000364885        1.1007216578437840E-005
  0.88000000000365564        1.0909289221815644E-005
  0.90000000000366243        1.0786995631255114E-005
  0.92000000000366922        1.0639901293339609E-005
  0.94000000000367601        1.0467594293409334E-005
  0.96000000000368280        1.0269686818224052E-005
  0.98000000000368959        1.0045816646498698E-005
   1.0000000000036964        9.7956486214741275E-006
   1.0200000000037033        9.5188760996811096E-006
   1.0400000000037102        9.2152223700762312E-006
   1.0600000000037171        8.8844420377719341E-006
   1.0800000000037240        8.5263223666513591E-006
   1.1000000000037309        8.1406845752490255E-006
   1.1200000000037378        7.7273850803929479E-006
   1.1400000000037447        7.2863166832403935E-006
   1.1600000000037516        6.8174096924974101E-006
   1.1800000000037585        6.3206329797927758E-006
   1.2000000000037654        5.7959949623765292E-006
   1.2200000000037723        5.2435445085332800E-006
   1.2400000000037792        4.6633717613392626E-006
   1.2600000000037861        4.0556088766476145E-006
   1.2800000000037930        3.4204306714603085E-006
   1.3000000000037999        2.7580551791321164E-006
   1.3200000000038068        2.0687441081560151E-006
   1.3400000000038137        1.3528032015941994E-006
   1.3600000000038206        6.1058249454699011E-007
   1.3800000000038275       -1.5752353261052020E-007
   1.4000000000038344       -9.5107590714699499E-007
   1.4200000000038413       -1.7695912246166882E-006
   1.4400000000038482       -2.6125418184319295E-006
   1.4600000000038551       -3.4793560392077598E-006
   1.4800000000038620       -4.3694186443511251E-006
   1.5000000000038689       -5.2820712979957823E-006
   1.5200000000038758       -6.2166131810130004E-006
   1.5400000000038827       -7.1723017104570408E-006
   1.5600000000038896       -8.1483533674371475E-006
   1.5800000000038965       -9.1439446320426387E-006
   1.6000000000039034       -1.0158213023589660E-005
   1.6200000000039103       -1.1190258244104684E-005
   1.6400000000039172       -1.2239143422616505E-005
   1.6600000000039241       -1.3303896457492250E-005
   1.6800000000039310       -1.4383511453728327E-005
   1.7000000000039379       -1.5476950251794341E-005
   1.7200000000039448       -1.6583144044326516E-005
   1.7400000000039517       -1.7700995076681163E-005
   1.7600000000039586       -1.8829378427086524E-005
   1.7800000000039655       -1.9967143861874491E-005
   1.8000000000039724       -2.1113117761034664E-005
   1.8200000000039793       -2.2266105109110065E-005
   1.8400000000039862       -2.3424891546250316E-005
   1.8600000000039931       -2.4588245474051570E-005
   1.8800000000040000       -2.5754920210646693E-005
   1.9000000000040069       -2.6923656189362276E-005
   1.9200000000040138       -2.8093183195132428E-005
   1.9400000000040207       -2.9262222632753367E-005
   1.9600000000040276       -3.0429489820977249E-005
   1.9800000000040345       -3.1593696306378530E-005
   2.0000000000040412       -3.2753552190882845E-005
   2.0200000000040479       -3.3907768466825410E-005
   2.0400000000040546       -3.5055059353402370E-005
   2.0600000000040612       -3.6194144628398395E-005
   2.0800000000040679       -3.7323751949110883E-005
   2.1000000000040746       -3.8442619156450105E-005
   2.1200000000040813       -3.9549496556272443E-005
   2.1400000000040880       -4.0643149172100538E-005
   2.1600000000040946       -4.1722358963500036E-005
   2.1800000000041013       -4.2785927004514971E-005
   2.2000000000041080       -4.3832675616715747E-005
   2.2200000000041147       -4.4861450451579184E-005
   2.2400000000041214       -4.5871122517104008E-005
   2.2600000000041280       -4.6860590143761741E-005
   2.2800000000041347       -4.7828780885095183E-005
   2.3000000000041414       -4.8774653348501458E-005
   2.3200000000041481       -4.9697198951971998E-005
   2.3400000000041548       -5.0595443602812211E-005
   2.3600000000041614       -5.1468449294619049E-005
   2.3800000000041681       -5.2315315619063921E-005
   2.4000000000041748       -5.3135181189301842E-005
   2.4200000000041815       -5.3927224972111856E-005
   2.4400000000041882       -5.4690667526159883E-005
   2.4600000000041948       -5.5424772144069186E-005
   2.4800000000042015       -5.6128845896280615E-005
   2.5000000000042082       -5.6802240574982464E-005
   2.5200000000042149       -5.7444353536692523E-005
   2.5400000000042215       -5.8054628442375081E-005
   2.5600000000042282       -5.8632555894276693E-005
   2.5800000000042349       -5.9177673968964479E-005
   2.6000000000042416       -5.9689568646345964E-005
   2.6200000000042483       -6.0167874134745065E-005
   2.6400000000042549       -6.0612273092394810E-005
   2.6600000000042616       -6.1022496745992992E-005
   2.6800000000042683       -6.1398324907242858E-005
   2.7000000000042750       -6.1739585888571368E-005
   2.7200000000042817       -6.2046156319479464E-005
   2.7400000000042883       -6.2317960865232574E-005
   2.7600000000042950       -6.2554971849843545E-005
   2.7800000000043017       -6.2757208785534240E-005
   2.8000000000043084       -6.2924737811085972E-005
   2.8200000000043151       -6.3057671041700860E-005
   2.8400000000043217       -6.3156165833197316E-005
   2.8600000000043284       -6.3220423963551231E-005
   2.8800000000043351       -6.3250690734970787E-005
   2.9000000000043418       -6.3247253999855531E-005
   2.9200000000043485       -6.3210443114141570E-005
   2.9400000000043551       -6.3140627821669376E-005
   2.9600000000043618       -6.3038217073336819E-005
   2.9800000000043685       -6.2903657784905907E-005
   3.0000000000043752       -6.2737433537430815E-005
   3.0200000000043818       -6.2540063224353413E-005
   3.0400000000043885       -6.2312099649383711E-005
   3.0600000000043952       -6.2054128079334233E-005
   3.0800000000044019       -6.1766764756118259E-005
   3.1000000000044086       -6.1450655372152573E-005
   3.1200000000044152       -6.1106473513414196E-005
   3.1400000000044219       -6.0734919074404925E-005
   3.1600000000044286       -6.0336716649266500E-005
   3.1800000000044353       -5.9912613903261287E-005
   3.2000000000044420       -5.9463379928802093E-005
   3.2200000000044486       -5.8989803590164016E-005
   3.2400000000044553       -5.8492691860953485E-005
   3.2600000000044620       -5.7972868158340017E-005
   3.2800000000044687       -5.7431170677976709E-005
   3.3000000000044754       -5.6868450733445960E-005
   3.3200000000044820       -5.6285571103968194E-005
   3.3400000000044887       -5.5683404394004308E-005
   3.3600000000044954       -5.5062831408267199E-005
   3.3800000000045021       -5.4424739545534593E-005
   3.4000000000045087       -5.3770021214526794E-005
   3.4200000000045154       -5.3099572274974859E-005
   3.4400000000045221       -5.2414290506865996E-005
   3.4600000000045288       -5.1715074110702427E-005
   3.4800000000045355       -5.1002820241462910E-005
   3.5000000000045421       -5.0278423578796545E-005
   3.5200000000045488       -4.9542774935823682E-005
   3.5400000000045555       -4.8796759908755541E-005
   3.5600000000045622       -4.8041257569381062E-005
   3.5800000000045689       -4.7277139202305730E-005
   3.6000000000045755       -4.6505267088660605E-005
   3.6200000000045822       -4.5726493337833180E-005
   3.6400000000045889       -4.4941658768607802E-005
   3.6600000000045956       -4.4151591840935145E-005
   3.6800000000046023       -4.3357107639389018E-005
   3.7000000000046089       -4.2559006909204224E-005
   3.7200000000046156       -4.1758075145630077E-005
   3.7400000000046223       -4.0955081737175883E-005
   3.7600000000046290       -4.0150779163170446E-005
   3.7800000000046357       -3.9345902245905514E-005
   3.8000000000046423       -3.8541167457486499E-005
   3.8200000000046490       -3.7737272281369802E-005
   3.8400000000046557       -3.6934894628426349E-005
   3.8600000000046624       -3.6134692307238904E-005
   3.8800000000046690       -3.5337302548208190E-005
   3.9000000000046757       -3.4543341580921972E-005
   3.9200000000046824       -3.3753404264120660E-005
   3.9400000000046891       -3.2968063767480696E-005
   3.9600000000046958       -3.2187871304330581E-005
   3.9800000000047024       -3.1413355914311998E-005
   4.0000000000047091       -3.0645024294905106E-005
   4.0200000000047158       -2.9883360680646528E-005
   4.0400000000047225       -2.9128826768787820E-005
   4.0600000000047292       -2.8381861690064854E-005
   4.0800000000047358       -2.7642882023178616E-005
   4.1000000000047425       -2.6912281851524961E-005
   4.1200000000047492       -2.6190432860653508E-005
   4.1400000000047559       -2.5477684474883663E-005
   4.1600000000047626       -2.4774364031463221E-005
   4.1800000000047692       -2.4080776990613674E-005
   4.2000000000047759       -2.3397207179775617E-005
   4.2200000000047826       -2.2723917070339887E-005
   4.2400000000047893       -2.2061148085129280E-005
   4.2600000000047960       -2.1409120934880431E-005
   4.2800000000048026       -2.0768035981964944E-005
   4.3000000000048093       -2.0138073629585104E-005
   4.3200000000048160       -1.9519394734678985E-005
   4.3400000000048227       -1.8912141042775882E-005
   4.3600000000048293       -1.8316435643052623E-005
   4.3800000000048360       -1.7732383441856194E-005
   4.4000000000048427       -1.7160071652976553E-005
   4.4200000000048494       -1.6599570302977174E-005
   4.4400000000048561       -1.6050932749916622E-005
   4.4600000000048627       -1.5514196213825848E-005
   4.4800000000048694       -1.4989382317338588E-005
   4.5000000000048761       -1.4476497634910421E-005
   4.5200000000048828       -1.3975534249100120E-005
   4.5400000000048895       -1.3486470312430822E-005
   4.5600000000048961       -1.3009270613392602E-005
   4.5800000000049028       -1.2543887145195064E-005
   4.6000000000049095       -1.2090259675927936E-005
   4.6200000000049162       -1.1648316318837583E-005
   4.6400000000049229       -1.1217974101480470E-005
   4.6600000000049295       -1.0799139532567042E-005
   4.6800000000049362       -1.0391709165364909E-005
   4.7000000000049429       -9.9955701565847579E-006
   4.7200000000049496       -9.6106008197289477E-006
   4.7400000000049562       -9.2366711719389959E-006
   4.7600000000049629       -8.8736434734346038E-006
   4.7800000000049696       -8.5213727586941426E-006
   4.8000000000049763       -8.1797073585824737E-006
   4.8200000000049830       -7.8484894126891100E-006
   4.8400000000049896       -7.5275553711948461E-006
   4.8600000000049963       -7.2167364856411692E-006
   4.8800000000050030       -6.9158592880306751E-006
   4.9000000000050097       -6.6247460577408582E-006
   4.9200000000050164       -6.3432152757865922E-006
   4.9400000000050230       -6.0710820660176227E-006
   4.9600000000050297       -5.8081586228889126E-006
   4.9800000000050364       -5.5542546254897972E-006
   5.0000000000050431       -5.3091776375666269E-006
   5.0200000000050498       -5.0727334933191425E-006
   5.0400000000050564       -4.8447266687962636E-006
   5.0600000000050631       -4.6249606387596957E-006
   5.0800000000050698       -4.4132382189254664E-006
   5.1000000000050765       -4.2093618935334499E-006
   5.1200000000050832       -4.0131341282325875E-006
   5.1400000000050898       -3.8243576683064992E-006
   5.1600000000050965       -3.6428358222978771E-006
   5.1800000000051032       -3.4683727311234178E-006
   5.2000000000051099       -3.3007736228014893E-006
   5.2200000000051165       -3.1398450529439597E-006
   5.2400000000051232       -2.9853951311906409E-006
   5.2600000000051299       -2.8372337337904219E-006
   5.2800000000051366       -2.6951727025564248E-006
   5.3000000000051433       -2.5590260304446014E-006
   5.3200000000051499       -2.4286100340250011E-006
   5.3400000000051566       -2.3037435131332872E-006
   5.3600000000051633       -2.1842478980067628E-006
   5.3800000000051700       -2.0699473842239015E-006
   5.4000000000051767       -1.9606690557798503E-006
   5.4200000000051833       -1.8562429966419739E-006
   5.4400000000051900       -1.7565023911397673E-006
   5.4600000000051967       -1.6612836135521167E-006
   5.4800000000052034       -1.5704263072621521E-006
   5.5000000000052101       -1.4837734538558489E-006
   5.5200000000052167       -1.4011714325450938E-006
   5.5400000000052234       -1.3224700702991452E-006
   5.5600000000052301       -1.2475226830706266E-006
   5.5800000000052368       -1.1761861085029960E-006
   5.6000000000052435       -1.1083207305063174E-006
   5.6200000000052501       -1.0437904960869565E-006
   5.6400000000052568       -9.8246292481466241E-007
   5.6600000000052635       -9.2420911130733182E-007
   5.6800000000052702       -8.6890372110986939E-007
   5.7000000000052768       -8.1642498033881933E-007
   5.7200000000052835       -7.6665465945885994E-007
   5.7400000000052902       -7.1947805155119733E-007
   5.7600000000052969       -6.7478394542703439E-007
   5.7800000000053036       -6.3246459393192531E-007
   5.8000000000053102       -5.9241567777895770E-007
   5.8200000000053169       -5.5453626524038085E-007
   5.8400000000053236       -5.1872876801845851E-007
   5.8600000000053303       -4.8489889360730983E-007
   5.8800000000053370       -4.5295559444794999E-007
   5.9000000000053436       -4.2281101416912949E-007
   5.9200000000053503       -3.9438043119657717E-007
   5.9400000000053570       -3.6758220000313344E-007
   5.9600000000053637       -3.4233769026205645E-007
   5.9800000000053704       -3.1857122415534194E-007
   6.0000000000053770       -2.9621001207854592E-007
   6.0200000000053837       -2.7518408697306743E-007
   6.0400000000053904       -2.5542623750645287E-007
   6.0600000000053971       -2.3687194031080312E-007
   6.0800000000054037       -2.1945929147903634E-007
   6.1000000000054104       -2.0312893750845112E-007
   6.1200000000054171       -1.8782400587089558E-007
   6.1400000000054238       -1.7349003537879342E-007
   6.1600000000054305       -1.6007490650643127E-007
   6.1800000000054371       -1.4752877181619683E-007
   6.2000000000054438       -1.3580398662996852E-007
   6.2200000000054505       -1.2485504007657183E-007
   6.2400000000054572       -1.1463848663714796E-007
   6.2600000000054639       -1.0511287830146104E-007
   6.2800000000054705       -9.6238697439596076E-008
   6.3000000000054772       -8.7978290485183796E-008
   6.3200000000054839       -8.0295802518239337E-008
   6.3400000000054906       -7.3157112827933844E-008
   6.3600000000054973       -6.6529771528117423E-008
   6.3800000000055039       -6.0382937291211411E-008
   6.4000000000055106       -5.4687316259158214E-008
   6.4200000000055173       -4.9415102183491889E-008
   6.4400000000055240       -4.4539917840245901E-008
   6.4600000000055307       -4.0036757759362789E-008
   6.4800000000055373       -3.5881932302513253E-008
   6.5000000000055440       -3.2053013117748958E-008
   6.5200000000055507       -2.8528779994228281E-008
   6.5400000000055574       -2.5289169135344675E-008
   6.5600000000055640       -2.2315222863949657E-008
   6.5800000000055707       -1.9589040769009788E-008
   6.6000000000055774       -1.7093732298938151E-008
   6.6200000000055841       -1.4813370803013574E-008
   6.6400000000055908       -1.2732949018720850E-008
   6.6600000000055974       -1.0838335999519806E-008
   6.6800000000056041       -9.1162354744635078E-009
   6.7000000000056108       -7.5541456282333959E-009
   6.7200000000056175       -6.1403202875329102E-009
   6.7400000000056242       -4.8637314973753677E-009
   6.7600000000056308       -3.7140334686038872E-009
   6.7800000000056375       -2.6815278759892676E-009
   6.8000000000056442       -1.7571304844517070E-009
   6.8200000000056509       -9.3233907934049298E-010
   6.8400000000056576       -1.9920267527085669E-010
   6.8600000000056642        4.4970802324652572E-010
   6.8800000000056709        1.0213289372524322E-009
   6.9000000000056776        1.5221297336785421E-009
   6.9200000000056843        1.9581397802024718E-009
   6.9400000000056909        2.3349729649055051E-009
   6.9600000000056976        2.6578514115598200E-009
   6.9800000000057043        2.9316281217848225E-009
   7.0000000000057110        3.1608085756163980E-009
   7.0200000000057177        3.3495713222238740E-009
   7.0400000000057243        3.5017875926070772E-009
   7.0600000000057310        3.6210399661053618E-009
   7.0800000000057377        3.7106401224683033E-009
   7.1000000000057444        3.7736457110728671E-009
   7.1200000000057511        3.8128763686365755E-009
   7.1400000000057577        3.8309289164721788E-009
   7.1600000000057644        3.8301917679654234E-009
   7.1800000000057711        3.8128585765370918E-009
   7.2000000000057778        3.7809411538817770E-009
   7.2200000000057845        3.7362816877597717E-009
   7.2400000000057911        3.6805642880655259E-009
   7.2600000000057978        3.6153258893043968E-009
   7.2800000000058045        3.5419665369905600E-009
   7.3000000000058112        3.4617590848299906E-009
   7.3200000000058179        3.3758583288835863E-009
   7.3400000000058245        3.2853096042155771E-009
   7.3600000000058312        3.1910568688286062E-009
   7.3800000000058379        3.0939502989699804E-009
   7.4000000000058446        2.9947534191678987E-009
   7.4200000000058512        2.8941497896247819E-009
   7.4400000000058579        2.7927492728594266E-009
   7.4600000000058646        2.6910939007529276E-009
   7.4800000000058713        2.5896633624188411E-009
   7.5000000000058780        2.4888801325850273E-009
   7.5200000000058846        2.3891142594491488E-009
   7.5400000000058913        2.2906878302489674E-009
   7.5600000000058980        2.1938791320783652E-009
   7.5800000000059047        2.0989265247781088E-009
   7.6000000000059114        2.0060320420413845E-009
   7.6200000000059180        1.9153647361958571E-009
   7.6400000000059247        1.8270637814609261E-009
   7.6600000000059314        1.7412413498287512E-009
   7.6800000000059381        1.6579852730834365E-009
   7.7000000000059448        1.5773615038541274E-009
   7.7200000000059514        1.4994163879954618E-009
   7.7400000000059581        1.4241787600032661E-009
   7.7600000000059648        1.3516618726052594E-009
   7.7800000000059715        1.2818651711153716E-009
   7.8000000000059782        1.2147759226074191E-009
   7.8200000000059848        1.1503707094479658E-009
   7.8400000000059915        1.0886167962309670E-009
   7.8600000000059982        1.0294733786767210E-009
   7.8800000000060049        9.7289272259557660E-010
   7.9000000000060115        9.1882120057253462E-010
   7.9200000000060182        8.6720023360173387E-010
   7.9400000000060249        8.1796714449021367E-010
   7.9600000000060316        7.7105592945756441E-010
   7.9800000000060383        7.2639795398213139E-010
   8.0000000000060449        6.8392257858487271E-010
   8.0200000000060516        6.4355771989848041E-010
   8.0400000000060583        6.0523035204166373E-010
   8.0600000000060650        5.6886695300599583E-010
   8.0800000000060717        5.3439390046530259E-010
   8.1000000000060783        5.0173782113453867E-010
   8.1200000000060850        4.7082589753631291E-010
   8.1400000000060917        4.4158613577787736E-010
   8.1600000000060984        4.1394759769954011E-010
   8.1800000000061051        3.8784060052611030E-010
   8.2000000000061117        3.6319688693614410E-010
   8.2200000000061184        3.3994976825873788E-010
   8.2400000000061251        3.1803424331393581E-010
   8.2600000000061318        2.9738709523026778E-010
   8.2800000000061384        2.7794696840077859E-010
   8.3000000000061451        2.5965442757693426E-010
   8.3200000000061518        2.4245200094743509E-010
   8.3400000000061585        2.2628420890590920E-010
   8.3600000000061652        2.1109758007713904E-010
   8.3800000000061718        1.9684065604565616E-010
   8.4000000000061785        1.8346398611269040E-010
   8.4200000000061852        1.7092011329725074E-010
   8.4400000000061919        1.5916355269418424E-010
   8.4600000000061986        1.4815076320594503E-010
   8.4800000000062052        1.3784011357532631E-010
   8.5000000000062119        1.2819184356299762E-010
   8.5200000000062186        1.1916802103623108E-010
   8.5400000000062253        1.1073249566319323E-010
   8.5600000000062320        1.0285084984045397E-010
   8.5800000000062386        9.5490347419516239E-011
   8.6000000000062453        8.8619880740995135E-011
   8.6200000000062520        8.2209916432233480E-011
   8.6400000000062587        7.6232440375425826E-011
   8.6600000000062654        7.0660902208429425E-011
   8.6800000000062720        6.5470159679189628E-011
   8.7000000000062787        6.0636423136802923E-011
   8.7200000000062854        5.6137200407519820E-011
   8.7400000000062921        5.1951242272215406E-011
   8.7600000000062987        4.8058488732839726E-011
   8.7800000000063054        4.4440016228912677E-011
   8.8000000000063121        4.1077985941071791E-011
   8.8200000000063188        3.7955593296854138E-011
   8.8400000000063255        3.5057018774122660E-011
   8.8600000000063321        3.2367380079702154E-011
   8.8800000000063388        2.9872685764702383E-011
   8.9000000000063455        2.7559790323577731E-011
   8.9200000000063522        2.5416350811038765E-011
   8.9400000000063589        2.3430784999404538E-011
   8.9600000000063655        2.1592231088741586E-011
   8.9800000000063722        1.9890508973067292E-011
   9.0000000000063789        1.8316083057915721E-011
   9.0200000000063856        1.6860026617578841E-011
   9.0400000000063923        1.5513987674246276E-011
   9.0600000000063989        1.4270156376021895E-011
   9.0800000000064056        1.3121233846287483E-011
   9.1000000000064123        1.2060402473072382E-011
   9.1200000000064190        1.1081297603891259E-011
   9.1400000000064257        1.0177980608879197E-011
   9.1600000000064323        9.3449132729252261E-012
   9.1800000000064390        8.5769334758346873E-012
   9.2000000000064457        7.8692321182859636E-012
   9.2200000000064524        7.2173312504489283E-012
   9.2400000000064590        6.6170633595588168E-012
   9.2600000000064657        6.0645517724523591E-012
   9.2800000000064724        5.5561921290426033E-012
   9.3000000000064791        5.0886348828991781E-012
   9.3200000000064858        4.6587687854885363E-012
   9.3400000000064924        4.2637053111833348E-012
   9.3600000000064991        3.9007639808520838E-012
   9.3800000000065058        3.5674585426646013E-012
   9.4000000000065125        3.2614839696793419E-012
   9.4200000000065192        2.9807042347950189E-012
   9.4400000000065258        2.7231408247367459E-012
   9.4600000000065325        2.4869619558923557E-012
   9.4800000000065392        2.2704724560023367E-012
   9.5000000000065459        2.0721042769286916E-012
   9.5200000000065526        1.8904076049712158E-012
   9.5400000000065592        1.7240425364561771E-012
   9.5600000000065659        1.5717712875843631E-012
   9.5800000000065726        1.4324509087849983E-012
   9.6000000000065793        1.3050264750737701E-012
   9.6200000000065859        1.1885247251513680E-012
   9.6400000000065926        1.0820481231987625E-012
   9.6600000000065993        9.8476931852352302E-013
   9.6800000000066060        8.9592597938367213E-013
   9.7000000000066127        8.1481597845971558E-013
   9.7200000000066193        7.4079290855901428E-013
   9.7400000000066260        6.7326190821757267E-013
   9.7600000000066327        6.1167577791139097E-013
   9.7800000000066394        5.5553136860164956E-013
   9.8000000000066461        5.0436622531398375E-013
   9.8200000000066527        4.5775546939213133E-013
   9.8400000000066594        4.1530890396941569E-013
   9.8600000000066661        3.7666832806826310E-013
   9.8800000000066728        3.4150504556809012E-013
   9.9000000000066795        3.0951755607621779E-013
   9.9200000000066861        2.8042941549482418E-013
   9.9400000000066928        2.5398725480062204E-013
   9.9600000000066995        2.2995894624314757E-013
   9.9800000000067062        2.0813190682333114E-013
