  -10.000000000000000       -8.2635525815976875E-014
  -9.9799999999999933       -9.1661341017580392E-014
  -9.9599999999999866       -1.0163537181719331E-013
  -9.9399999999999800       -1.1265317163509382E-013
  -9.9199999999999733       -1.2481949518320038E-013
  -9.8999999999999666       -1.3824914065550817E-013
  -9.8799999999999599       -1.5306786463852136E-013
  -9.8599999999999532       -1.6941337559909176E-013
  -9.8399999999999466       -1.8743641223935385E-013
  -9.8199999999999399       -2.0730191346904840E-013
  -9.7999999999999332       -2.2919028723590842E-013
  -9.7799999999999265       -2.5329878597659710E-013
  -9.7599999999999199       -2.7984299700559852E-013
  -9.7399999999999132       -3.0905845674898627E-013
  -9.7199999999999065       -3.4120239835614244E-013
  -9.6999999999998998       -3.7655564288676955E-013
  -9.6799999999998931       -4.1542464497494237E-013
  -9.6599999999998865       -4.5814370461835446E-013
  -9.6399999999998798       -5.0507735753099429E-013
  -9.6199999999998731       -5.5662295733362689E-013
  -9.5999999999998664       -6.1321346374004456E-013
  -9.5799999999998597       -6.7532045183062517E-013
  -9.5599999999998531       -7.4345735848984085E-013
  -9.5399999999998464       -8.1818298312341208E-013
  -9.5199999999998397       -9.0010526086522947E-013
  -9.4999999999998330       -9.8988532763676469E-013
  -9.4799999999998263       -1.0882418976334943E-012
  -9.4599999999998197       -1.1959559750865159E-012
  -9.4399999999998130       -1.3138759234846113E-012
  -9.4199999999998063       -1.4429229168440926E-012
  -9.3999999999997996       -1.5840967990832353E-012
  -9.3799999999997929       -1.7384823790955431E-012
  -9.3599999999997863       -1.9072561907241488E-012
  -9.3399999999997796       -2.0916937485187268E-012
  -9.3199999999997729       -2.2931773319080343E-012
  -9.2999999999997662       -2.5132043322463896E-012
  -9.2799999999997596       -2.7533961990920770E-012
  -9.2599999999997529       -3.0155080240499540E-012
  -9.2399999999997462       -3.3014388025597728E-012
  -9.2199999999997395       -3.6132424161358395E-012
  -9.1999999999997328       -3.9531393797626712E-012
  -9.1799999999997262       -4.3235294014231282E-012
  -9.1599999999997195       -4.7270048030799520E-012
  -9.1399999999997128       -5.1663648548468278E-012
  -9.1199999999997061       -5.6446310765679683E-012
  -9.0999999999996994       -6.1650635635736865E-012
  -9.0799999999996928       -6.7311783959894284E-012
  -9.0599999999996861       -7.3467661936427923E-012
  -9.0399999999996794       -8.0159118813341063E-012
  -9.0199999999996727       -8.7430157320013637E-012
  -8.9999999999996660       -9.5328157581179814E-012
  -8.9799999999996594       -1.0390411524499507E-011
  -8.9599999999996527       -1.1321289458559254E-011
  -8.9399999999996460       -1.2331349736926357E-011
  -8.9199999999996393       -1.3426934830222325E-011
  -8.8999999999996326       -1.4614859790656610E-011
  -8.8799999999996260       -1.5902444369952183E-011
  -8.8599999999996193       -1.7297547057917074E-011
  -8.8399999999996126       -1.8808601134731098E-011
  -8.8199999999996059       -2.0444652832698194E-011
  -8.7999999999995993       -2.2215401705798294E-011
  -8.7799999999995926       -2.4131243307846689E-011
  -8.7599999999995859       -2.6203314282399998E-011
  -8.7399999999995792       -2.8443539969713757E-011
  -8.7199999999995725       -3.0864684638036789E-011
  -8.6999999999995659       -3.3480404448271247E-011
  -8.6799999999995592       -3.6305303262530355E-011
  -8.6599999999995525       -3.9354991408327671E-011
  -8.6399999999995458       -4.2646147511007459E-011
  -8.6199999999995391       -4.6196583507534234E-011
  -8.5999999999995325       -5.0025312954854779E-011
  -8.5799999999995258       -5.4152622745679150E-011
  -8.5599999999995191       -5.8600148343656352E-011
  -8.5399999999995124       -6.3390952648493115E-011
  -8.5199999999995057       -6.8549608599501506E-011
  -8.4999999999994991       -7.4102285623355570E-011
  -8.4799999999994924       -8.0076840028361317E-011
  -8.4599999999994857       -8.6502909443284143E-011
  -8.4399999999994790       -9.3412011393644585E-011
  -8.4199999999994724       -1.0083764610229962E-010
  -8.3999999999994657       -1.0881540359402909E-010
  -8.3799999999994590       -1.1738307517562493E-010
  -8.3599999999994523       -1.2658076935359597E-010
  -8.3399999999994456       -1.3645103224090793E-010
  -8.3199999999994390       -1.4703897249214738E-010
  -8.2999999999994323       -1.5839239079298546E-010
  -8.2799999999994256       -1.7056191391474349E-010
  -8.2599999999994189       -1.8360113332811537E-010
  -8.2399999999994122       -1.9756674835161732E-010
  -8.2199999999994056       -2.1251871378989008E-010
  -8.1999999999993989       -2.2852039199462741E-010
  -8.1799999999993922       -2.4563870925637035E-010
  -8.1599999999993855       -2.6394431640866130E-010
  -8.1399999999993788       -2.8351175349695864E-010
  -8.1199999999993722       -3.0441961833311586E-010
  -8.0999999999993655       -3.2675073872202965E-010
  -8.0799999999993588       -3.5059234811014992E-010
  -8.0599999999993521       -3.7603626436567772E-010
  -8.0399999999993454       -4.0317907135754606E-010
  -8.0199999999993388       -4.3212230295426937E-010
  -7.9999999999993321       -4.6297262901452720E-010
  -7.9799999999993254       -4.9584204288881652E-010
  -7.9599999999993187       -5.3084804989523476E-010
  -7.9399999999993121       -5.6811385617274847E-010
  -7.9199999999993054       -6.0776855725167562E-010
  -7.8999999999992987       -6.4994732561355697E-010
  -7.8799999999992920       -6.9479159644112906E-010
  -7.8599999999992853       -7.4244925068339266E-010
  -7.8399999999992787       -7.9307479448079806E-010
  -7.8199999999992720       -8.4682953391136668E-010
  -7.7999999999992653       -9.0388174392974813E-010
  -7.7799999999992586       -9.6440683027801884E-010
  -7.7599999999992519       -1.0285874830491075E-009
  -7.7399999999992453       -1.0966138204812612E-009
  -7.7199999999992386       -1.1686835214546925E-009
  -7.6999999999992319       -1.2450019450496429E-009
  -7.6799999999992252       -1.3257822354082586E-009
  -7.6599999999992185       -1.4112454100213988E-009
  -7.6399999999992119       -1.5016204294350893E-009
  -7.6199999999992052       -1.5971442462406184E-009
  -7.5999999999991985       -1.6980618310767194E-009
  -7.5799999999991918       -1.8046261732323467E-009
  -7.5599999999991851       -1.9170982532939699E-009
  -7.5399999999991785       -2.0357469851330758E-009
  -7.5199999999991718       -2.1608491243763325E-009
  -7.4999999999991651       -2.2926891403448046E-009
  -7.4799999999991584       -2.4315590482882605E-009
  -7.4599999999991518       -2.5777581985770912E-009
  -7.4399999999991451       -2.7315930193482891E-009
  -7.4199999999991384       -2.8933767089325336E-009
  -7.3999999999991317       -3.0634288742185435E-009
  -7.3799999999991250       -3.2420751109379252E-009
  -7.3599999999991184       -3.4296465216794110E-009
  -7.3399999999991117       -3.6264791672671312E-009
  -7.3199999999991050       -3.8329134469622727E-009
  -7.2999999999990983       -4.0492934027738398E-009
  -7.2799999999990916       -4.2759659429912156E-009
  -7.2599999999990850       -4.5132799798811307E-009
  -7.2399999999990783       -4.7615854763235400E-009
  -7.2199999999990716       -5.0212323959981941E-009
  -7.1999999999990649       -5.2925695515742677E-009
  -7.1799999999990582       -5.5759433452038413E-009
  -7.1599999999990516       -5.8716963954734820E-009
  -7.1399999999990449       -6.1801660448318638E-009
  -7.1199999999990382       -6.5016827413834125E-009
  -7.0999999999990315       -6.8365682888212744E-009
  -7.0799999999990249       -7.1851339581685566E-009
  -7.0599999999990182       -7.5476784549062200E-009
  -7.0399999999990115       -7.9244857349903616E-009
  -7.0199999999990048       -8.3158226632038990E-009
  -6.9999999999989981       -8.7219365072473279E-009
  -6.9799999999989915       -9.1430522609538703E-009
  -6.9599999999989848       -9.5793697900180638E-009
  -6.9399999999989781       -1.0031060793652557E-008
  -6.9199999999989714       -1.0498265575642133E-008
  -6.8999999999989647       -1.0981089618344521E-008
  -6.8799999999989581       -1.1479599953299149E-008
  -6.8599999999989514       -1.1993821322248959E-008
  -6.8399999999989447       -1.2523732122558252E-008
  -6.8199999999989380       -1.3069260131225083E-008
  -6.7999999999989313       -1.3630278001940315E-008
  -6.7799999999989247       -1.4206598529941859E-008
  -6.7599999999989180       -1.4797969679749892E-008
  -6.7399999999989113       -1.5404069371257127E-008
  -6.7199999999989046       -1.6024500020077982E-008
  -6.6999999999988979       -1.6658782828549362E-008
  -6.6799999999988913       -1.7306351824309481E-008
  -6.6599999999988846       -1.7966547643977169E-008
  -6.6399999999988779       -1.8638611060104129E-008
  -6.6199999999988712       -1.9321676250283868E-008
  -6.5999999999988646       -2.0014763808075475E-008
  -6.5799999999988579       -2.0716773496238266E-008
  -6.5599999999988512       -2.1426476743678704E-008
  -6.5399999999988445       -2.2142508888484808E-008
  -6.5199999999988378       -2.2863361170467502E-008
  -6.4999999999988312       -2.3587372477747094E-008
  -6.4799999999988245       -2.4312720853110145E-008
  -6.4599999999988178       -2.5037414767134798E-008
  -6.4399999999988111       -2.5759284166419025E-008
  -6.4199999999988044       -2.6475971306675524E-008
  -6.3999999999987978       -2.7184921381950508E-008
  -6.3799999999987911       -2.7883372962809432E-008
  -6.3599999999987844       -2.8568348257989990E-008
  -6.3399999999987777       -2.9236643215765534E-008
  -6.3199999999987710       -2.9884817483080172E-008
  -6.2999999999987644       -3.0509184242421463E-008
  -6.2799999999987577       -3.1105799948372061E-008
  -6.2599999999987510       -3.1670453987843109E-008
  -6.2399999999987443       -3.2198658290122006E-008
  -6.2199999999987376       -3.2685636915080334E-008
  -6.1999999999987310       -3.3126315650163511E-008
  -6.1799999999987243       -3.3515311649138631E-008
  -6.1599999999987176       -3.3846923147988115E-008
  -6.1399999999987109       -3.4115119295822365E-008
  -6.1199999999987043       -3.4313530141213992E-008
  -6.0999999999986976       -3.4435436816956823E-008
  -6.0799999999986909       -3.4473761968882913E-008
  -6.0599999999986842       -3.4421060477062456E-008
  -6.0399999999986775       -3.4269510520422884E-008
  -6.0199999999986709       -3.4010905038578068E-008
  -5.9999999999986642       -3.3636643647424869E-008
  -5.9799999999986575       -3.3137725067852471E-008
  -5.9599999999986508       -3.2504740129695735E-008
  -5.9399999999986441       -3.1727865415855429E-008
  -5.9199999999986375       -3.0796857614271713E-008
  -5.8999999999986308       -2.9701048648196821E-008
  -5.8799999999986241       -2.8429341657908220E-008
  -5.8599999999986174       -2.6970207909684377E-008
  -5.8399999999986107       -2.5311684710454626E-008
  -5.8199999999986041       -2.3441374409076562E-008
  -5.7999999999985974       -2.1346444567628757E-008
  -5.7799999999985907       -1.9013629388459912E-008
  -5.7599999999985840       -1.6429232484950131E-008
  -5.7399999999985774       -1.3579131086050617E-008
  -5.7199999999985707       -1.0448781766601476E-008
  -5.6999999999985640       -7.0232277972286026E-009
  -5.6799999999985573       -3.2871082092099150E-009
  -5.6599999999985506        7.7533132887372182E-010
  -5.6399999999985440        5.1802257247130638E-009
  -5.6199999999985373        9.9440756671045529E-009
  -5.5999999999985306        1.5083730722382104E-008
  -5.5799999999985239        2.0616370222340212E-008
  -5.5599999999985172        2.6559481843391027E-008
  -5.5399999999985106        3.2930837776864582E-008
  -5.5199999999985039        3.9748468390831825E-008
  -5.4999999999984972        4.7030633284675271E-008
  -5.4799999999984905        5.4795789638805923E-008
  -5.4599999999984838        6.3062557763523950E-008
  -5.4399999999984772        7.1849683752969422E-008
  -5.4199999999984705        8.1175999152535117E-008
  -5.3999999999984638        9.1060377550910044E-008
  -5.3799999999984571        1.0152168801124593E-007
  -5.3599999999984504        1.1257874525965380E-007
  -5.3399999999984438        1.2425025655350807E-007
  -5.3199999999984371        1.3655476515676297E-007
  -5.2999999999984304        1.4951059035474093E-007
  -5.2799999999984237        1.6313576394662748E-007
  -5.2599999999984171        1.7744796316025370E-007
  -5.2399999999984104        1.9246443994057974E-007
  -5.2199999999984037        2.0820194657075159E-007
  -5.1999999999983970        2.2467665759257943E-007
  -5.1799999999983903        2.4190408800186821E-007
  -5.1599999999983837        2.5989900770315528E-007
  -5.1399999999983770        2.7867535221814236E-007
  -5.1199999999983703        2.9824612965241633E-007
  -5.0999999999983636        3.1862332393591234E-007
  -5.0799999999983569        3.3981779436404462E-007
  -5.0599999999983503        3.6183917147844039E-007
  -5.0399999999983436        3.8469574933879469E-007
  -5.0199999999983369        4.0839437425048824E-007
  -4.9999999999983302        4.3294033002629152E-007
  -4.9799999999983235        4.5833721987463339E-007
  -4.9599999999983169        4.8458684502162276E-007
  -4.9399999999983102        5.1168908018916839E-007
  -4.9199999999983035        5.3964174606713277E-007
  -4.8999999999982968        5.6844047893355865E-007
  -4.8799999999982901        5.9807859759337105E-007
  -4.8599999999982835        6.2854696782284233E-007
  -4.8399999999982768        6.5983386452415906E-007
  -4.8199999999982701        6.9192483181192499E-007
  -4.7999999999982634        7.2480254127102644E-007
  -4.7799999999982568        7.5844664864320668E-007
  -4.7599999999982501        7.9283364921765733E-007
  -4.7399999999982434        8.2793673221908962E-007
  -4.7199999999982367        8.6372563450486786E-007
  -4.6999999999982300        9.0016649390094467E-007
  -4.6799999999982234        9.3722170252439826E-007
  -4.6599999999982167        9.7484976045829189E-007
  -4.6399999999982100        1.0130051301623193E-006
  -4.6199999999982033        1.0516380920201273E-006
  -4.5999999999981966        1.0906946014413296E-006
  -4.5799999999981900        1.1301161479529182E-006
  -4.5599999999981833        1.1698396167309709E-006
  -4.5399999999981766        1.2097971530391994E-006
  -4.5199999999981699        1.2499160300558673E-006
  -4.4999999999981632        1.2901185205848538E-006
  -4.4799999999981566        1.3303217731601116E-006
  -4.4599999999981499        1.3704376930653190E-006
  -4.4399999999981432        1.4103728288021258E-006
  -4.4199999999981365        1.4500282645509002E-006
  -4.3999999999981299        1.4892995191773150E-006
  -4.3799999999981232        1.5280764523462734E-006
  -4.3599999999981165        1.5662431783115011E-006
  -4.3399999999981098        1.6036779879546712E-006
  -4.3199999999981031        1.6402532796519130E-006
  -4.2999999999980965        1.6758354995480047E-006
  -4.2799999999980898        1.7102850918194262E-006
  -4.2599999999980831        1.7434564595065730E-006
  -4.2399999999980764        1.7751979364928289E-006
  -4.2199999999980697        1.8053517712036856E-006
  -4.1999999999980631        1.8337541225928381E-006
  -4.1799999999980564        1.8602350689736946E-006
  -4.1599999999980497        1.8846186302445830E-006
  -4.1399999999980430        1.9067228040433690E-006
  -4.1199999999980363        1.9263596163527023E-006
  -4.0999999999980297        1.9433351870604743E-006
  -4.0799999999980230        1.9574498109610543E-006
  -4.0599999999980163        1.9684980546618819E-006
  -4.0399999999980096        1.9762688698365057E-006
  -4.0199999999980029        1.9805457232396289E-006
  -3.9999999999979963        1.9811067438717426E-006
  -3.9799999999979896        1.9777248876508418E-006
  -3.9599999999979829        1.9701681199161765E-006
  -3.9399999999979762        1.9581996160544367E-006
  -3.9199999999979696        1.9415779805017721E-006
  -3.8999999999979629        1.9200574843359947E-006
  -3.8799999999979562        1.8933883216321253E-006
  -3.8599999999979495        1.8613168847109852E-006
  -3.8399999999979428        1.8235860583654103E-006
  -3.8199999999979362        1.7799355331010361E-006
  -3.7999999999979295        1.7301021373797429E-006
  -3.7799999999979228        1.6738201888025607E-006
  -3.7599999999979161        1.6108218641163713E-006
  -3.7399999999979094        1.5408375878743940E-006
  -3.7199999999979028        1.4635964395247148E-006
  -3.6999999999978961        1.3788265786441187E-006
  -3.6799999999978894        1.2862556879762264E-006
  -3.6599999999978827        1.1856114338735811E-006
  -3.6399999999978760        1.0766219436832736E-006
  -3.6199999999978694        9.5901629955468523E-007
  -3.5999999999978627        8.3252504808649063E-007
  -3.5799999999978560        6.9688072516828926E-007
  -3.5599999999978493        5.5181839531014871E-007
  -3.5399999999978427        3.9707620469138561E-007
  -3.5199999999978360        2.3239594709813801E-007
  -3.4999999999978293        5.7523641857898951E-008
  -3.4799999999978226       -1.2778987718150393E-007
  -3.4599999999978159       -3.2378836264089557E-007
  -3.4399999999978093       -5.3070954563785081E-007
  -3.4199999999978026       -7.4878451998250665E-007
  -3.3999999999977959       -9.7823711972572945E-007
  -3.3799999999977892       -1.2192832912983180E-006
  -3.3599999999977825       -1.4721304615320800E-006
  -3.3399999999977759       -1.7369769029037341E-006
  -3.3199999999977692       -2.0140110973897868E-006
  -3.2999999999977625       -2.3034111003655712E-006
  -3.2799999999977558       -2.6053439060232596E-006
  -3.2599999999977491       -2.9199648158225604E-006
  -3.2399999999977425       -3.2474168115230214E-006
  -3.2199999999977358       -3.5878299343786573E-006
  -3.1999999999977291       -3.9413206721036644E-006
  -3.1799999999977224       -4.3079913552418747E-006
  -3.1599999999977157       -4.6879295645924950E-006
  -3.1399999999977091       -5.0812075513600946E-006
  -3.1199999999977024       -5.4878816717076813E-006
  -3.0999999999976957       -5.9079918373980368E-006
  -3.0799999999976890       -6.3415609842097706E-006
  -3.0599999999976824       -6.7885945598110061E-006
  -3.0399999999976757       -7.2490800327648752E-006
  -3.0199999999976690       -7.7229864243271642E-006
  -2.9999999999976623       -8.2102638646771725E-006
  -2.9799999999976556       -8.7108431751983913E-006
  -2.9599999999976490       -9.2246354783954948E-006
  -2.9399999999976423       -9.7515318369988115E-006
  -2.9199999999976356       -1.0291402923766385E-005
  -2.8999999999976289       -1.0844098723447379E-005
  -2.8799999999976222       -1.1409448268318709E-005
  -2.8599999999976156       -1.1987259408649361E-005
  -2.8399999999976089       -1.2577318619384347E-005
  -2.8199999999976022       -1.3179390844272030E-005
  -2.7999999999975955       -1.3793219378585618E-005
  -2.7799999999975888       -1.4418525791511395E-005
  -2.7599999999975822       -1.5055009889192762E-005
  -2.7399999999975755       -1.5702349719331876E-005
  -2.7199999999975688       -1.6360201618157586E-005
  -2.6999999999975621       -1.7028200300472030E-005
  -2.6799999999975554       -1.7705958993386835E-005
  -2.6599999999975488       -1.8393069614255541E-005
  -2.6399999999975421       -1.9089102993199916E-005
  -2.6199999999975354       -1.9793609140516255E-005
  -2.5999999999975287       -2.0506117559132872E-005
  -2.5799999999975221       -2.1226137602172620E-005
  -2.5599999999975154       -2.1953158875553926E-005
  -2.5399999999975087       -2.2686651685442426E-005
  -2.5199999999975020       -2.3426067530241435E-005
  -2.4999999999974953       -2.4170839636684450E-005
  -2.4799999999974887       -2.4920383539467854E-005
  -2.4599999999974820       -2.5674097703734943E-005
  -2.4399999999974753       -2.6431364189597087E-005
  -2.4199999999974686       -2.7191549357751185E-005
  -2.3999999999974619       -2.7954004615128267E-005
  -2.3799999999974553       -2.8718067199383965E-005
  -2.3599999999974486       -2.9483061000919372E-005
  -2.3399999999974419       -3.0248297421001434E-005
  -2.3199999999974352       -3.1013076264434020E-005
  -2.2999999999974285       -3.1776686665116866E-005
  -2.2799999999974219       -3.2538408042718577E-005
  -2.2599999999974152       -3.3297511088583106E-005
  -2.2399999999974085       -3.4053258778885487E-005
  -2.2199999999974018       -3.4804907412956617E-005
  -2.1999999999973952       -3.5551707674601576E-005
  -2.1799999999973885       -3.6292905714150926E-005
  -2.1599999999973818       -3.7027744248901470E-005
  -2.1399999999973751       -3.7755463679528963E-005
  -2.1199999999973684       -3.8475303219986188E-005
  -2.0999999999973618       -3.9186502038338494E-005
  -2.0799999999973551       -3.9888300405934938E-005
  -2.0599999999973484       -4.0579940852265927E-005
  -2.0399999999973417       -4.1260669322820355E-005
  -2.0199999999973350       -4.1929736337223289E-005
  -1.9999999999973281       -4.2586398144913518E-005
  -1.9799999999973212       -4.3229917875606334E-005
  -1.9599999999973143       -4.3859566681780881E-005
  -1.9399999999973074       -4.4474624870434525E-005
  -1.9199999999973005       -4.5074383021359810E-005
  -1.8999999999972936       -4.5658143089219437E-005
  -1.8799999999972867       -4.6225219486724930E-005
  -1.8599999999972798       -4.6774940146263482E-005
  -1.8399999999972729       -4.7306647557364797E-005
  -1.8199999999972660       -4.7819699777456647E-005
  -1.7999999999972591       -4.8313471413422035E-005
  -1.7799999999972522       -4.8787354571545511E-005
  -1.7599999999972453       -4.9240759773516836E-005
  -1.7399999999972384       -4.9673116836252014E-005
  -1.7199999999972315       -5.0083875713387467E-005
  -1.6999999999972246       -5.0472507296411015E-005
  -1.6799999999972177       -5.0838504173504517E-005
  -1.6599999999972108       -5.1181381344293820E-005
  -1.6399999999972039       -5.1500676888828081E-005
  -1.6199999999971970       -5.1795952589242602E-005
  -1.5999999999971901       -5.2066794502699104E-005
  -1.5799999999971832       -5.2312813484339599E-005
  -1.5599999999971763       -5.2533645659139834E-005
  -1.5399999999971694       -5.2728952841701056E-005
  -1.5199999999971625       -5.2898422903174970E-005
  -1.4999999999971556       -5.3041770084677927E-005
  -1.4799999999971487       -5.3158735256712151E-005
  -1.4599999999971418       -5.3249086124277541E-005
  -1.4399999999971349       -5.3312617377523067E-005
  -1.4199999999971280       -5.3349150787955751E-005
  -1.3999999999971211       -5.3358535250390437E-005
  -1.3799999999971142       -5.3340646770994096E-005
  -1.3599999999971073       -5.3295388401941920E-005
  -1.3399999999971004       -5.3222690123369414E-005
  -1.3199999999970935       -5.3122508673466478E-005
  -1.2999999999970866       -5.2994827327719965E-005
  -1.2799999999970797       -5.2839655628467586E-005
  -1.2599999999970728       -5.2657029066078470E-005
  -1.2399999999970659       -5.2447008713224133E-005
  -1.2199999999970590       -5.2209680813846245E-005
  -1.1999999999970521       -5.1945156328564458E-005
  -1.1799999999970452       -5.1653570438399074E-005
  -1.1599999999970383       -5.1335082008806324E-005
  -1.1399999999970314       -5.0989873016142385E-005
  -1.1199999999970245       -5.0618147938779346E-005
  -1.0999999999970176       -5.0220133115198982E-005
  -1.0799999999970107       -4.9796076071481209E-005
  -1.0599999999970038       -4.9346244820687680E-005
  -1.0399999999969969       -4.8870927136714899E-005
  -1.0199999999969900       -4.8370429805255574E-005
 -0.99999999999698319       -4.7845077854560716E-005
 -0.97999999999697640       -4.7295213768739852E-005
 -0.95999999999696961       -4.6721196686369850E-005
 -0.93999999999696282       -4.6123401587206447E-005
 -0.91999999999695603       -4.5502218469805397E-005
 -0.89999999999694924       -4.4858051522861610E-005
 -0.87999999999694245       -4.4191318293066448E-005
 -0.85999999999693566       -4.3502448852263501E-005
 -0.83999999999692887       -4.2791884966653206E-005
 -0.81999999999692208       -4.2060079270756341E-005
 -0.79999999999691529       -4.1307494448794973E-005
 -0.77999999999690850       -4.0534602426088176E-005
 -0.75999999999690171       -3.9741883572989396E-005
 -0.73999999999689492       -3.8929825923810998E-005
 -0.71999999999688813       -3.8098924413090536E-005
 -0.69999999999688134       -3.7249680131456283E-005
 -0.67999999999687455       -3.6382599603238810E-005
 -0.65999999999686776       -3.5498194087861971E-005
 -0.63999999999686097       -3.4596978906920929E-005
 -0.61999999999685418       -3.3679472798725525E-005
 -0.59999999999684739       -3.2746197301947988E-005
 -0.57999999999684060       -3.1797676169871431E-005
 -0.55999999999683381       -3.0834434816585857E-005
 -0.53999999999682702       -2.9856999796323564E-005
 -0.51999999999682023       -2.8865898316968123E-005
 -0.49999999999681344       -2.7861657788608101E-005
 -0.47999999999680665       -2.6844805407842127E-005
 -0.45999999999679986       -2.5815867778373579E-005
 -0.43999999999679307       -2.4775370568264949E-005
 -0.41999999999678628       -2.3723838204051052E-005
 -0.39999999999677949       -2.2661793601740830E-005
 -0.37999999999677270       -2.1589757934566986E-005
 -0.35999999999676591       -2.0508250437174820E-005
 -0.33999999999675912       -1.9417788245774781E-005
 -0.31999999999675233       -1.8318886273619499E-005
 -0.29999999999674554       -1.7212057121005026E-005
 -0.27999999999673875       -1.6097811018840005E-005
 -0.25999999999673196       -1.4976655804673933E-005
 -0.23999999999672514       -1.3849096929929256E-005
 -0.21999999999671832       -1.2715637496941257E-005
 -0.19999999999671150       -1.1576778324275129E-005
 -0.17999999999670468       -1.0433018038662682E-005
 -0.15999999999669787       -9.2848531917812066E-006
 -0.13999999999669105       -8.1327783999857638E-006
 -0.11999999999668425       -6.9772865050028348E-006
  -9.9999999996677441E-002  -5.8188687534996105E-006
  -7.9999999996670637E-002  -4.6580149933585573E-006
  -5.9999999996663833E-002  -3.4952138844119943E-006
  -3.9999999996657029E-002  -2.3309531213268682E-006
  -1.9999999996650222E-002  -1.1657196662755255E-006
   3.3565858426065631E-012   1.1015521766926058E-014
   2.0000000003363393E-002   1.1657196882797576E-006
   4.0000000003370201E-002   2.3309531432507647E-006
   6.0000000003377005E-002   3.4952139062023230E-006
   8.0000000003383809E-002   4.6580150149625671E-006
  0.10000000000339061        5.8188687748652161E-006
  0.12000000000339742        6.9772865260788170E-006
  0.14000000000340423        8.1327784207219553E-006
  0.16000000000341105        9.2848532121286371E-006
  0.18000000000341787        1.0433018058573815E-005
  0.20000000000342469        1.1576778343703983E-005
  0.22000000000343151        1.2715637515843561E-005
  0.24000000000343832        1.3849096948262651E-005
  0.26000000000344514        1.4976655822398082E-005
  0.28000000000345193        1.6097811035916752E-005
  0.30000000000345872        1.7212057137398519E-005
  0.32000000000346551        1.8318886289296300E-005
  0.34000000000347230        1.9417788260704018E-005
  0.36000000000347909        2.0508250451328256E-005
  0.38000000000348588        2.1589757947919139E-005
  0.40000000000349267        2.2661793614269006E-005
  0.42000000000349946        2.3723838215735445E-005
  0.44000000000350625        2.4775370579088706E-005
  0.46000000000351304        2.5815867788322865E-005
  0.48000000000351983        2.6844805416906094E-005
  0.50000000000352662        2.7861657796778974E-005
  0.52000000000353341        2.8865898324241162E-005
  0.54000000000354020        2.9856999802697159E-005
  0.56000000000354699        3.0834434822061383E-005
  0.58000000000355378        3.1797676174453317E-005
  0.60000000000356057        3.2746197305643613E-005
  0.62000000000356736        3.3679472801545311E-005
  0.64000000000357415        3.4596978908878069E-005
  0.66000000000358094        3.5498194088972560E-005
  0.68000000000358773        3.6382599603521665E-005
  0.70000000000359452        3.7249680130932851E-005
  0.72000000000360131        3.8098924411784818E-005
  0.74000000000360810        3.8929825921749442E-005
  0.76000000000361490        3.9741883570200788E-005
  0.78000000000362169        4.0534602422603455E-005
  0.80000000000362848        4.1307494444647229E-005
  0.82000000000363527        4.2060079265980539E-005
  0.84000000000364206        4.2791884961286032E-005
  0.86000000000364885        4.3502448846343412E-005
  0.88000000000365564        4.4191318286633260E-005
  0.90000000000366243        4.4858051515956482E-005
  0.92000000000366922        4.5502218462470620E-005
  0.94000000000367601        4.6123401579485308E-005
  0.96000000000368280        4.6721196678306422E-005
  0.98000000000368959        4.7295213760378878E-005
   1.0000000000036964        4.7845077845947313E-005
   1.0200000000037033        4.8370429796435190E-005
   1.0400000000037102        4.8870927127733064E-005
   1.0600000000037171        4.9346244811589862E-005
   1.0800000000037240        4.9796076062312667E-005
   1.1000000000037309        5.0220133106004507E-005
   1.1200000000037378        5.0618147929603207E-005
   1.1400000000037447        5.0989873007028135E-005
   1.1600000000037516        5.1335081999796549E-005
   1.1800000000037585        5.1653570429535342E-005
   1.2000000000037654        5.1945156319887168E-005
   1.2200000000037723        5.2209680805394422E-005
   1.2400000000037792        5.2447008705035358E-005
   1.2600000000037861        5.2657029058188663E-005
   1.2800000000037930        5.2839655620911049E-005
   1.3000000000037999        5.2994827320529068E-005
   1.3200000000038068        5.3122508666671681E-005
   1.3400000000038137        5.3222690116999110E-005
   1.3600000000038206        5.3295388396022474E-005
   1.3800000000038275        5.3340646765549572E-005
   1.4000000000038344        5.3358535245442653E-005
   1.4200000000038413        5.3349150783524217E-005
   1.4400000000038482        5.3312617373624940E-005
   1.4600000000038551        5.3249086120927397E-005
   1.4800000000038620        5.3158735253922289E-005
   1.5000000000038689        5.3041770082458084E-005
   1.5200000000038758        5.2898422901532391E-005
   1.5400000000038827        5.2728952840640564E-005
   1.5600000000038896        5.2533645658663741E-005
   1.5800000000038965        5.2312813484447647E-005
   1.6000000000039034        5.2066794503388744E-005
   1.6200000000039103        5.1795952590508774E-005
   1.6400000000039172        5.1500676890663385E-005
   1.6600000000039241        5.1181381346688578E-005
   1.6800000000039310        5.0838504176446730E-005
   1.7000000000039379        5.0472507299886574E-005
   1.7200000000039448        5.0083875717380089E-005
   1.7400000000039517        4.9673116840743437E-005
   1.7600000000039586        4.9240759778486805E-005
   1.7800000000039655        4.8787354576971909E-005
   1.8000000000039724        4.8313471419281097E-005
   1.8200000000039793        4.7819699783722835E-005
   1.8400000000039862        4.7306647564011098E-005
   1.8600000000039931        4.6774940153261438E-005
   1.8800000000040000        4.6225219494044826E-005
   1.9000000000040069        4.5658143096830299E-005
   1.9200000000040138        4.5074383029229647E-005
   1.9400000000040207        4.4474624878530384E-005
   1.9600000000040276        4.3859566690069051E-005
   1.9800000000040345        4.3229917884052343E-005
   2.0000000000040412        4.2586398153482327E-005
   2.0200000000040479        4.1929736345879566E-005
   2.0400000000040546        4.1260669331528368E-005
   2.0600000000040612        4.0579940860989709E-005
   2.0800000000040679        3.9888300414638554E-005
   2.1000000000040746        3.9186502046986111E-005
   2.1200000000040813        3.8475303228542109E-005
   2.1400000000040880        3.7755463687957863E-005
   2.1600000000040946        3.7027744257168369E-005
   2.1800000000041013        3.6292905722221483E-005
   2.2000000000041080        3.5551707682442018E-005
   2.2200000000041147        3.4804907420533984E-005
   2.2400000000041214        3.4053258786167687E-005
   2.2600000000041280        3.3297511095538934E-005
   2.2800000000041347        3.2538408049317953E-005
   2.3000000000041414        3.1776686671330753E-005
   2.3200000000041481        3.1013076270234651E-005
   2.3400000000041548        3.0248297426362289E-005
   2.3600000000041614        2.9483061005815304E-005
   2.3800000000041681        2.8718067203791220E-005
   2.4000000000041748        2.7954004619024547E-005
   2.4200000000041815        2.7191549361115708E-005
   2.4400000000041882        2.6431364192410677E-005
   2.4600000000041948        2.5674097705979970E-005
   2.4800000000042015        2.4920383541128330E-005
   2.5000000000042082        2.4170839637746067E-005
   2.5200000000042149        2.3426067530691511E-005
   2.5400000000042215        2.2686651685269993E-005
   2.5600000000042282        2.1953158874749695E-005
   2.5800000000042349        2.1226137600729005E-005
   2.6000000000042416        2.0506117557043991E-005
   2.6200000000042483        1.9793609137777862E-005
   2.6400000000042549        1.9089102989809460E-005
   2.6600000000042616        1.8393069610212083E-005
   2.6800000000042683        1.7705958988691088E-005
   2.7000000000042750        1.7028200295126263E-005
   2.7200000000042817        1.6360201612165652E-005
   2.7400000000042883        1.5702349712699066E-005
   2.7600000000042950        1.5055009881925914E-005
   2.7800000000043017        1.4418525783618717E-005
   2.8000000000043084        1.3793219370076708E-005
   2.8200000000043151        1.3179390835157753E-005
   2.8400000000043217        1.2577318609676873E-005
   2.8600000000043284        1.1987259398362047E-005
   2.8800000000043351        1.1409448257466023E-005
   2.9000000000043418        1.0844098712044875E-005
   2.9200000000043485        1.0291402911830619E-005
   2.9400000000043551        9.7515318245472629E-006
   2.9600000000043618        9.2246354654465125E-006
   2.9800000000043685        8.7108431617711268E-006
   3.0000000000043752        8.2102638507914904E-006
   3.0200000000043818        7.7229864100035762E-006
   3.0400000000043885        7.2490800180244893E-006
   3.0600000000043952        6.7885945446754319E-006
   3.0800000000044019        6.3415609687010632E-006
   3.1000000000044086        5.9079918215386188E-006
   3.1200000000044152        5.4878816555202735E-006
   3.1400000000044219        5.0812075348676448E-006
   3.1600000000044286        4.6879295478181214E-006
   3.1800000000044353        4.3079913382087934E-006
   3.2000000000044420        3.9413206548351216E-006
   3.2200000000044486        3.5878299168978844E-006
   3.2400000000044553        3.2474167938531556E-006
   3.2600000000044620        2.9199647979865876E-006
   3.2800000000044687        2.6053438880439689E-006
   3.3000000000044754        2.3034110822655025E-006
   3.3200000000044820        2.0140110791911759E-006
   3.3400000000044887        1.7369768846284572E-006
   3.3600000000044954        1.4721304432016168E-006
   3.3800000000045021        1.2192832729337012E-006
   3.4000000000045087        9.7823710134751752E-007
   3.4200000000045154        7.4878450161072932E-007
   3.4400000000045221        5.3070952729199946E-007
   3.4600000000045288        3.2378834433987043E-007
   3.4800000000045355        1.2778985894358083E-007
   3.5000000000045421       -5.7523660015071281E-008
   3.5200000000045488       -2.3239596515757072E-007
   3.5400000000045555       -3.9707622263677720E-007
   3.5600000000045622       -5.5181841312589751E-007
   3.5800000000045689       -6.9688074283950195E-007
   3.6000000000045755       -8.3252506559900449E-007
   3.6200000000045822       -9.5901631689506622E-007
   3.6400000000045889       -1.0766219608388341E-006
   3.6600000000045956       -1.1856114508323720E-006
   3.6800000000046023       -1.2862557047270487E-006
   3.7000000000046089       -1.3788265951765156E-006
   3.7200000000046156       -1.4635964558289704E-006
   3.7400000000046223       -1.5408376039415403E-006
   3.7600000000046290       -1.6108218799381569E-006
   3.7800000000046357       -1.6738202043714614E-006
   3.8000000000046423       -1.7301021526889431E-006
   3.8200000000046490       -1.7799355481444237E-006
   3.8400000000046557       -1.8235860731375461E-006
   3.8600000000046624       -1.8613168992071104E-006
   3.8800000000046690       -1.8933883358481208E-006
   3.9000000000046757       -1.9200574982683881E-006
   3.9200000000046824       -1.9415779941476884E-006
   3.9400000000046891       -1.9581996294116072E-006
   3.9600000000046958       -1.9701681329828981E-006
   3.9800000000047024       -1.9777249004259685E-006
   4.0000000000047091       -1.9811067563546556E-006
   4.0200000000047158       -1.9805457354302122E-006
   4.0400000000047225       -1.9762688817351277E-006
   4.0600000000047292       -1.9684980662693669E-006
   4.0800000000047358       -1.9574498222786634E-006
   4.1000000000047425       -1.9433351980898745E-006
   4.1200000000047492       -1.9263596270959554E-006
   4.1400000000047559       -1.9067228145028894E-006
   4.1600000000047626       -1.8846186404231264E-006
   4.1800000000047692       -1.8602350788743332E-006
   4.2000000000047759       -1.8337541322189305E-006
   4.2200000000047826       -1.8053517805588629E-006
   4.2400000000047893       -1.7751979455809575E-006
   4.2600000000047960       -1.7434564683317516E-006
   4.2800000000048026       -1.7102851003859458E-006
   4.3000000000048093       -1.6758355078603407E-006
   4.3200000000048160       -1.6402532877146974E-006
   4.3400000000048227       -1.6036779957726739E-006
   4.3600000000048293       -1.5662431858896129E-006
   4.3800000000048360       -1.5280764596894855E-006
   4.4000000000048427       -1.4892995262907009E-006
   4.4200000000048494       -1.4500282714395977E-006
   4.4400000000048561       -1.4103728354713267E-006
   4.4600000000048627       -1.3704376995202465E-006
   4.4800000000048694       -1.3303217794060069E-006
   4.5000000000048761       -1.2901185266269679E-006
   4.5200000000048828       -1.2499160358994424E-006
   4.5400000000048895       -1.2097971586894578E-006
   4.5600000000048961       -1.1698396221931078E-006
   4.5800000000049028       -1.1301161532320845E-006
   4.6000000000049095       -1.0906946065426289E-006
   4.6200000000049162       -1.0516380969486006E-006
   4.6400000000049229       -1.0130051349229437E-006
   4.6600000000049295       -9.7484976505596851E-007
   4.6800000000049362       -9.3722170696394485E-007
   4.7000000000049429       -9.0016649818709591E-007
   4.7200000000049496       -8.6372563864226159E-007
   4.7400000000049562       -8.2793673621226996E-007
   4.7600000000049629       -7.9283365307106739E-007
   4.7800000000049696       -7.5844665236118527E-007
   4.8000000000049763       -7.2480254485780493E-007
   4.8200000000049830       -6.9192483527162577E-007
   4.8400000000049896       -6.5983386786079686E-007
   4.8600000000049963       -6.2854697104031784E-007
   4.8800000000050030       -5.9807860069547622E-007
   4.9000000000050097       -5.6844048192396813E-007
   4.9200000000050164       -5.3964174894941596E-007
   4.9400000000050230       -5.1168908296677810E-007
   4.9600000000050297       -4.8458684769790604E-007
   4.9800000000050364       -4.5833722245282323E-007
   5.0000000000050431       -4.3294033250951922E-007
   5.0200000000050498       -4.0839437664177649E-007
   5.0400000000050564       -3.8469575164106253E-007
   5.0600000000050631       -3.6183917369450903E-007
   5.0800000000050698       -3.3981779649663213E-007
   5.1000000000050765       -3.1862332598764541E-007
   5.1200000000050832       -2.9824613162582675E-007
   5.1400000000050898       -2.7867535411567128E-007
   5.1600000000050965       -2.5989900952715746E-007
   5.1800000000051032       -2.4190408975461458E-007
   5.2000000000051099       -2.2467665927625861E-007
   5.2200000000051165       -2.0820194818747634E-007
   5.2400000000051232       -1.9246444149238698E-007
   5.2600000000051299       -1.7744796464910852E-007
   5.2800000000051366       -1.6313576537442703E-007
   5.3000000000051433       -1.4951059172331668E-007
   5.3200000000051499       -1.3655476646788609E-007
   5.3400000000051566       -1.2425025780888721E-007
   5.3600000000051633       -1.1257874646094422E-007
   5.3800000000051700       -1.0152168916004816E-007
   5.4000000000051767       -9.1060378648773852E-008
   5.4200000000051833       -8.1176000200962139E-008
   5.4400000000051900       -7.1849684753417387E-008
   5.4600000000051967       -6.3062558717405538E-008
   5.4800000000052034       -5.4795790547495100E-008
   5.5000000000052101       -4.7030634149506260E-008
   5.5200000000052167       -3.9748469213104510E-008
   5.5400000000052234       -3.2930838557842889E-008
   5.5600000000052301       -2.6559482584308180E-008
   5.5800000000052368       -2.0616370924397853E-008
   5.6000000000052435       -1.5083731386754779E-008
   5.6200000000052501       -9.9440762949380723E-009
   5.6400000000052568       -5.1802263171292479E-009
   5.6600000000052635       -7.7533188696914457E-010
   5.6800000000052702        3.2871076843614163E-009
   5.7000000000052768        7.0232273045751855E-009
   5.7200000000052835        1.0448781305112077E-008
   5.7400000000052902        1.3579130654713674E-008
   5.7600000000052969        1.6429232082773392E-008
   5.7800000000053036        1.9013629014469366E-008
   5.8000000000053102        2.1346444220868100E-008
   5.8200000000053169        2.3441374088606579E-008
   5.8400000000053236        2.5311684415352582E-008
   5.8600000000053303        2.6970207639043500E-008
   5.8800000000053370        2.8429341410837544E-008
   5.9000000000053436        2.9701048423820808E-008
   5.9200000000053503        3.0796857411730081E-008
   5.9400000000053570        3.1727865234302923E-008
   5.9600000000053637        3.2504739968302097E-008
   5.9800000000053704        3.3137724925801837E-008
   6.0000000000053770        3.3636643523916348E-008
   6.0200000000053837        3.4010904932825502E-008
   6.0400000000053904        3.4269510431654764E-008
   6.0600000000053971        3.4421060404522071E-008
   6.0800000000054037        3.4473761911828223E-008
   6.1000000000054104        3.4435436774660841E-008
   6.1200000000054171        3.4313530112964636E-008
   6.1400000000054238        3.4115119280922758E-008
   6.1600000000054305        3.3846923145756355E-008
   6.1800000000054371        3.3515311658908348E-008
   6.2000000000054438        3.3126315671283603E-008
   6.2200000000054505        3.2685636946915385E-008
   6.2400000000054572        3.2198658332052168E-008
   6.2600000000054639        3.1670454039264382E-008
   6.2800000000054705        3.1105800008696199E-008
   6.3000000000054772        3.0509184311076302E-008
   6.3200000000054839        2.9884817559509536E-008
   6.3400000000054906        2.9236643299429417E-008
   6.3600000000054973        2.8568348348364438E-008
   6.3800000000055039        2.7883373059386746E-008
   6.4000000000055106        2.7184921484239170E-008
   6.4200000000055173        2.6475971414200225E-008
   6.4400000000055240        2.5759284278720576E-008
   6.4600000000055307        2.5037414883770302E-008
   6.4800000000055373        2.4312720973652833E-008
   6.5000000000055440        2.3587372601785937E-008
   6.5200000000055507        2.2863361297607673E-008
   6.5400000000055574        2.2142509018346973E-008
   6.5600000000055640        2.1426476875899621E-008
   6.5800000000055707        2.0716773630469863E-008
   6.6000000000055774        2.0014763943985266E-008
   6.6200000000055841        1.9321676387554454E-008
   6.6400000000055908        1.8638611198433135E-008
   6.6600000000055974        1.7966547783076824E-008
   6.6800000000056041        1.7306351963906635E-008
   6.7000000000056108        1.6658782968385059E-008
   6.7200000000056175        1.6024500159907306E-008
   6.7400000000056242        1.5404069510848805E-008
   6.7600000000056308        1.4797969818886176E-008
   6.7800000000056375        1.4206598668417965E-008
   6.8000000000056442        1.3630278139564434E-008
   6.8200000000056509        1.3069260267817693E-008
   6.8400000000056576        1.2523732257952210E-008
   6.8600000000056642        1.1993821456288698E-008
   6.8800000000056709        1.1479600085840685E-008
   6.9000000000056776        1.0981089749254926E-008
   6.9200000000056843        1.0498265704799270E-008
   6.9400000000056909        1.0031060920944620E-008
   6.9600000000056976        9.5793699153433547E-009
   6.9800000000057043        9.1430523842202689E-009
   7.0000000000057110        8.7219366283720650E-009
   7.0200000000057177        8.3158227821131370E-009
   7.0400000000057243        7.9244858516187765E-009
   7.0600000000057310        7.5476785691967048E-009
   7.0800000000057377        7.1851340700718668E-009
   7.1000000000057444        6.8365683982956109E-009
   7.1200000000057511        6.5016828483941404E-009
   7.1400000000057577        6.1801661493510675E-009
   7.1600000000057644        5.8716964974797159E-009
   7.1800000000057711        5.5759434446817282E-009
   7.2000000000057778        5.2925696485141884E-009
   7.2200000000057845        5.0212324903959207E-009
   7.2400000000057911        4.7615855681800114E-009
   7.2600000000057978        4.5132800692020024E-009
   7.2800000000058045        4.2759660297866726E-009
   7.3000000000058112        4.0492934870582180E-009
   7.3200000000058179        3.8329135287538437E-009
   7.3400000000058245        3.6264792465877367E-009
   7.3600000000058312        3.4296465985542490E-009
   7.3800000000058379        3.2420751853952711E-009
   7.4000000000058446        3.0634289462894954E-009
   7.4200000000058512        2.8933767786507438E-009
   7.4400000000058579        2.7315930867497886E-009
   7.4600000000058646        2.5777582636999827E-009
   7.4800000000058713        2.4315591111725705E-009
   7.5000000000058780        2.2926892010322296E-009
   7.5200000000058846        2.1608491829100550E-009
   7.5400000000058913        2.0357470415575796E-009
   7.5600000000058980        1.9170983076548723E-009
   7.5800000000059047        1.8046262255761795E-009
   7.6000000000059114        1.6980618814508282E-009
   7.6200000000059180        1.5971442946929412E-009
   7.6400000000059247        1.5016204760140667E-009
   7.6600000000059314        1.4112454547758138E-009
   7.6800000000059381        1.3257822783871065E-009
   7.7000000000059448        1.2450019863020143E-009
   7.7200000000059514        1.1686835610296679E-009
   7.7400000000059581        1.0966138584277838E-009
   7.7600000000059648        1.0285875194159147E-009
   7.7800000000059715        9.6440686511351955E-010
   7.8000000000059782        9.0388177728196749E-010
   7.8200000000059848        8.4682956582785268E-010
   7.8400000000059915        7.9307482500855348E-010
   7.8600000000059982        7.4244927986881417E-010
   7.8800000000060049        6.9479162432994269E-010
   7.9000000000060115        6.4994735225077064E-010
   7.9200000000060182        6.0776858268153120E-010
   7.9400000000060249        5.6811388043867500E-010
   7.9600000000060316        5.3084807303981189E-010
   7.9800000000060383        4.9584206495374914E-010
   8.0000000000060449        4.6297265004061045E-010
   8.0200000000060516        4.3212232298136246E-010
   8.0400000000060583        4.0317909042456071E-010
   8.0600000000060650        3.7603628251055039E-010
   8.0800000000060717        3.5059236536984389E-010
   8.1000000000060783        3.2675075513251344E-010
   8.1200000000060850        3.0441963392935986E-010
   8.1400000000060917        2.8351176831293486E-010
   8.1600000000060984        2.6394433047733825E-010
   8.1800000000061051        2.4563872260972007E-010
   8.2000000000061117        2.2852040466362429E-010
   8.2200000000061184        2.1251872580452120E-010
   8.2400000000061251        1.9756675974088773E-010
   8.2600000000061318        1.8360114412005858E-010
   8.2800000000061384        1.7056192413643349E-010
   8.3000000000061451        1.5839240047055268E-010
   8.3200000000061518        1.4703898165078695E-010
   8.3400000000061585        1.3645104090490024E-010
   8.3600000000061652        1.2658077754632138E-010
   8.3800000000061718        1.1738308291958157E-010
   8.4000000000061785        1.0881541091085177E-010
   8.4200000000061852        1.0083765301277793E-010
   8.4400000000061919        9.3412017917743446E-011
   8.4600000000061986        8.6502915600163796E-011
   8.4800000000062052        8.0076845836398213E-011
   8.5000000000062119        7.4102291100162427E-011
   8.5200000000062186        6.8549613761948905E-011
   8.5400000000062253        6.3390957512731241E-011
   8.5600000000062320        5.8600152925136201E-011
   8.5800000000062386        5.4152627059173347E-011
   8.6000000000062453        5.0025317014480196E-011
   8.6200000000062520        4.6196587326771536E-011
   8.6400000000062587        4.2646151102724139E-011
   8.6600000000062654        3.9354994784798217E-011
   8.6800000000062720        3.6305306435456638E-011
   8.7000000000062787        3.3480407428803437E-011
   8.7200000000062854        3.0864687436793629E-011
   8.7400000000062921        2.8443542596802156E-011
   8.7600000000062987        2.6203316747434584E-011
   8.7800000000063054        2.4131245619969352E-011
   8.8000000000063121        2.2215403873696120E-011
   8.8200000000063188        2.0444654864622479E-011
   8.8400000000063255        1.8808603038514662E-011
   8.8600000000063321        1.7297548840992074E-011
   8.8800000000063388        1.5902446039366916E-011
   8.9000000000063455        1.4614861353091796E-011
   8.9200000000063522        1.3426936292007527E-011
   8.9400000000063589        1.2331351104055140E-011
   8.9600000000063655        1.1321290736704385E-011
   8.9800000000063722        1.0390412719027784E-011
   9.0000000000063789        9.5328168741037320E-012
   9.0200000000063856        8.7430167742407300E-012
   9.0400000000063923        8.0159128543577260E-012
   9.0600000000063989        7.3467671017287208E-012
   9.0800000000064056        6.7311792431752538E-012
   9.1000000000064123        6.1650643536683308E-012
   9.1200000000064190        5.6446318131629156E-012
   9.1400000000064257        5.1663655413271694E-012
   9.1600000000064323        4.7270054426346597E-012
   9.1800000000064390        4.3235299970551141E-012
   9.2000000000064457        3.9531399342984203E-012
   9.2200000000064524        3.6132429322345811E-012
   9.2400000000064590        3.3014392827223111E-012
   9.2600000000064657        3.0155084706270146E-012
   9.2800000000064724        2.7533966142924091E-012
   9.3000000000064791        2.5132047181444742E-012
   9.3200000000064858        2.2931776904513800E-012
   9.3400000000064924        2.0916940815348531E-012
   9.3600000000064991        1.9072564999272805E-012
   9.3800000000065058        1.7384826660929678E-012
   9.4000000000065125        1.5840970653813203E-012
   9.4200000000065192        1.4429231638540643E-012
   9.4400000000065258        1.3138761525279973E-012
   9.4600000000065325        1.1959561874003622E-012
   9.4800000000065392        1.0882420943752740E-012
   9.5000000000065459        9.8988550988907222E-013
   9.5200000000065526        9.0010542964021038E-013
   9.5400000000065592        8.1818313936697587E-013
   9.5600000000065659        7.4345750308564038E-013
   9.5800000000065726        6.7532058560382015E-013
   9.6000000000065793        6.1321358746088272E-013
   9.6200000000065859        5.5662307172080449E-013
   9.6400000000065926        5.0507746325485295E-013
   9.6600000000065993        4.5814380230388923E-013
   9.6800000000066060        4.1542473520464672E-013
   9.7000000000066127        3.7655572620330896E-013
   9.7200000000066193        3.4120247526489522E-013
   9.7400000000066260        3.0905852772042018E-013
   9.7600000000066327        2.7984306247751683E-013
   9.7800000000066394        2.5329884635625459E-013
   9.8000000000066461        2.2919034290199907E-013
   9.8200000000066527        2.0730196477358165E-013
   9.8400000000066594        1.8743645950940353E-013
   9.8600000000066661        1.6941341913846228E-013
   9.8800000000066728        1.5306790472928961E-013
   9.9000000000066795        1.3824917755948434E-013
   9.9200000000066861        1.2481952914329775E-013
   9.9400000000066928        1.1265320287660829E-013
   9.9600000000066995        1.0163540054900529E-013
   9.9800000000067062        9.1661367433282304E-014
