  -10.000000000000000        6.7636183874674900E-012
  -9.9799999999999933        7.4864736198092871E-012
  -9.9599999999999866        8.2838394034440529E-012
  -9.9399999999999800        9.1631030524032151E-012
  -9.9199999999999733        1.0132353806238636E-011
  -9.8999999999999666        1.1200446443580471E-011
  -9.8799999999999599        1.2377070358642358E-011
  -9.8599999999999532        1.3672824541127008E-011
  -9.8399999999999466        1.5099298932863928E-011
  -9.8199999999999399        1.6669162669609986E-011
  -9.7999999999999332        1.8396259753891135E-011
  -9.7799999999999265        2.0295712744696669E-011
  -9.7599999999999199        2.2384035092402512E-011
  -9.7399999999999132        2.4679252792631392E-011
  -9.7199999999999065        2.7201036081028901E-011
  -9.6999999999998998        2.9970841942285239E-011
  -9.6799999999998931        3.3012068261344945E-011
  -9.6599999999998865        3.6350220502788882E-011
  -9.6399999999998798        4.0013091866013033E-011
  -9.6199999999998731        4.4030957929280264E-011
  -9.5999999999998664        4.8436786865137109E-011
  -9.5799999999998597        5.3266466383305844E-011
  -9.5599999999998531        5.8559048635153395E-011
  -9.5399999999998464        6.4357014396444151E-011
  -9.5199999999998397        7.0706557932479506E-011
  -9.4999999999998330        7.7657894042189784E-011
  -9.4799999999998263        8.5265588875438542E-011
  -9.4599999999998197        9.3588916221008007E-011
  -9.4399999999998130        1.0269224107167036E-010
  -9.4199999999998063        1.1264543238764115E-010
  -9.3999999999997996        1.2352430710084750E-010
  -9.3799999999997929        1.3541110752999995E-010
  -9.3599999999997863        1.4839501451076480E-010
  -9.3399999999997796        1.6257269868657201E-010
  -9.3199999999997729        1.7804891255405758E-010
  -9.2999999999997662        1.9493712601304951E-010
  -9.2799999999997596        2.1336020833465488E-010
  -9.2599999999997529        2.3345115963258411E-010
  -9.2399999999997462        2.5535389510263448E-010
  -9.2199999999997395        2.7922408548347078E-010
  -9.1999999999997328        3.0523005738876301E-010
  -9.1799999999997262        3.3355375736649185E-010
  -9.1599999999997195        3.6439178375612210E-010
  -9.1399999999997128        3.9795649063853444E-010
  -9.1199999999997061        4.3447716840727602E-010
  -9.0999999999996994        4.7420130573301241E-010
  -9.0799999999996928        5.1739593794620587E-010
  -9.0599999999996861        5.6434908712606767E-010
  -9.0399999999996794        6.1537129945703267E-010
  -9.0199999999996727        6.7079728569710905E-010
  -8.9999999999996660        7.3098767089595059E-010
  -8.9799999999996594        7.9633085980395839E-010
  -8.9599999999996527        8.6724502472757049E-010
  -8.9399999999996460        9.4418022290950140E-010
  -8.9199999999996393        1.0276206508467753E-009
  -8.8999999999996326        1.1180870433026438E-009
  -8.8799999999996260        1.2161392251220379E-009
  -8.8599999999996193        1.3223788243225575E-009
  -8.8399999999996126        1.4374521553046058E-009
  -8.8199999999996059        1.5620532814045853E-009
  -8.7999999999995993        1.6969272664032014E-009
  -8.7799999999995926        1.8428736249970197E-009
  -8.7599999999995859        2.0007499826442223E-009
  -8.7399999999995792        2.1714759556045064E-009
  -8.7199999999995725        2.3560372624080000E-009
  -8.6999999999995659        2.5554900784064239E-009
  -8.6799999999995592        2.7709656454829613E-009
  -8.6599999999995525        3.0036751494216111E-009
  -8.6399999999995458        3.2549148778628835E-009
  -8.6199999999995391        3.5260716721982439E-009
  -8.5999999999995325        3.8186286871794616E-009
  -8.5799999999995258        4.1341714724390402E-009
  -8.5599999999995191        4.4743943905328278E-009
  -8.5399999999995124        4.8411073865237691E-009
  -8.5199999999995057        5.2362431245229044E-009
  -8.4999999999994991        5.6618645069911580E-009
  -8.4799999999994924        6.1201725929766906E-009
  -8.4599999999994857        6.6135149318177502E-009
  -8.4399999999994790        7.1443943291769276E-009
  -8.4199999999994724        7.7154780625840667E-009
  -8.3999999999994657        8.3296075639525225E-009
  -8.3799999999994590        8.9898085867890637E-009
  -8.3599999999994523        9.6993018760421363E-009
  -8.3399999999994456        1.0461514358718270E-008
  -8.3199999999994390        1.1280090873541640E-008
  -8.2999999999994323        1.2158906458030993E-008
  -8.2799999999994256        1.3102079211415576E-008
  -8.2599999999994189        1.4113983751805277E-008
  -8.2399999999994122        1.5199265285963999E-008
  -8.2199999999994056        1.6362854309899519E-008
  -8.1999999999993989        1.7609981958280925E-008
  -8.1799999999993922        1.8946196020411710E-008
  -8.1599999999993855        2.0377377640121035E-008
  -8.1399999999993788        2.1909758716480918E-008
  -8.1199999999993722        2.3549940021705576E-008
  -8.0999999999993655        2.5304910051932604E-008
  -8.0799999999993588        2.7182064625824207E-008
  -8.0599999999993521        2.9189227245036749E-008
  -8.0399999999993454        3.1334670229606951E-008
  -8.0199999999993388        3.3627136640154670E-008
  -7.9999999999993321        3.6075862997521003E-008
  -7.9799999999993254        3.8690602809033379E-008
  -7.9599999999993187        4.1481650908992529E-008
  -7.9399999999993121        4.4459868619226143E-008
  -7.9199999999993054        4.7636709733624243E-008
  -7.8999999999992987        5.1024247328452130E-008
  -7.8799999999992920        5.4635201397939308E-008
  -7.8599999999992853        5.8482967312131556E-008
  -7.8399999999992787        6.2581645091275417E-008
  -7.8199999999992720        6.6946069488074699E-008
  -7.7999999999992653        7.1591840865990496E-008
  -7.7799999999992586        7.6535356858360687E-008
  -7.7599999999992519        8.1793844789467954E-008
  -7.7399999999992453        8.7385394834789785E-008
  -7.7199999999992386        9.3328993893503454E-008
  -7.6999999999992319        9.9644560141892228E-008
  -7.6799999999992252        1.0635297823158624E-007
  -7.6599999999992185        1.1347613509159288E-007
  -7.6399999999992119        1.2103695628777433E-007
  -7.6199999999992052        1.2905944288786291E-007
  -7.5999999999991985        1.3756870877421430E-007
  -7.5799999999991918        1.4659101834031280E-007
  -7.5599999999991851        1.5615382450052591E-007
  -7.5399999999991785        1.6628580693581261E-007
  -7.5199999999991718        1.7701691049091189E-007
  -7.4999999999991651        1.8837838363111388E-007
  -7.4799999999991584        2.0040281685891681E-007
  -7.4599999999991518        2.1312418098276994E-007
  -7.4399999999991451        2.2657786512170272E-007
  -7.4199999999991384        2.4080071432087893E-007
  -7.3999999999991317        2.5583106664408977E-007
  -7.3799999999991250        2.7170878959984734E-007
  -7.3599999999991184        2.8847531574807763E-007
  -7.3399999999991117        3.0617367732451097E-007
  -7.3199999999991050        3.2484853970962392E-007
  -7.2999999999990983        3.4454623355854982E-007
  -7.2799999999990916        3.6531478539762985E-007
  -7.2599999999990850        3.8720394648237536E-007
  -7.2399999999990783        4.1026521970039895E-007
  -7.2199999999990716        4.3455188429161437E-007
  -7.1999999999990649        4.6011901814641881E-007
  -7.1799999999990582        4.8702351743104843E-007
  -7.1599999999990516        5.1532411327745885E-007
  -7.1399999999990449        5.4508138526336552E-007
  -7.1199999999990382        5.7635777139621440E-007
  -7.0999999999990315        6.0921757430303508E-007
  -7.0799999999990249        6.4372696331635871E-007
  -7.0599999999990182        6.7995397213470561E-007
  -7.0399999999990115        7.1796849172460831E-007
  -7.0199999999990048        7.5784225811982483E-007
  -6.9999999999989981        7.9964883476228544E-007
  -6.9799999999989915        8.4346358901854833E-007
  -6.9599999999989848        8.8936366249519485E-007
  -6.9399999999989781        9.3742793476655192E-007
  -6.9199999999989714        9.8773698011877412E-007
  -6.8999999999989647        1.0403730169054017E-006
  -6.8799999999989581        1.0954198491013371E-006
  -6.8599999999989514        1.1529627996347248E-006
  -6.8399999999989447        1.2130886350695751E-006
  -6.8199999999989380        1.2758854812062670E-006
  -6.7999999999989313        1.3414427291623388E-006
  -6.7799999999989247        1.4098509314924051E-006
  -6.7599999999989180        1.4812016879034601E-006
  -6.7399999999989113        1.5555875201209692E-006
  -6.7199999999989046        1.6331017354610622E-006
  -6.6999999999988979        1.7138382786662697E-006
  -6.6799999999988913        1.7978915715653322E-006
  -6.6599999999988846        1.8853563401228263E-006
  -6.6399999999988779        1.9763274284513453E-006
  -6.6199999999988712        2.0708995993676372E-006
  -6.5999999999988646        2.1691673210852643E-006
  -6.5799999999988579        2.2712245396492530E-006
  -6.5599999999988512        2.3771644367337563E-006
  -6.5399999999988445        2.4870791724413657E-006
  -6.5199999999988378        2.6010596127632156E-006
  -6.4999999999988312        2.7191950413819215E-006
  -6.4799999999988245        2.8415728555249359E-006
  -6.4599999999988178        2.9682782456048427E-006
  -6.4399999999988111        3.0993938584142379E-006
  -6.4199999999988044        3.2349994436778950E-006
  -6.3999999999987978        3.3751714838023768E-006
  -6.3799999999987911        3.5199828067045602E-006
  -6.3599999999987844        3.6695021816450579E-006
  -6.3399999999987777        3.8237938980403851E-006
  -6.3199999999987710        3.9829173272791781E-006
  -6.2999999999987644        4.1469264676231956E-006
  -6.2799999999987577        4.3158694723322629E-006
  -6.2599999999987510        4.4897881612154779E-006
  -6.2399999999987443        4.6687175158766655E-006
  -6.2199999999987376        4.8526851589932527E-006
  -6.1999999999987310        5.0417108180410383E-006
  -6.1799999999987243        5.2358057739559635E-006
  -6.1599999999987176        5.4349722953056125E-006
  -6.1399999999987109        5.6392030586293269E-006
  -6.1199999999987043        5.8484805556950751E-006
  -6.0999999999986976        6.0627764885154331E-006
  -6.0799999999986909        6.2820511530616764E-006
  -6.0599999999986842        6.5062528127166307E-006
  -6.0399999999986775        6.7353170626110478E-006
  -6.0199999999986709        6.9691661860970734E-006
  -5.9999999999986642        7.2077085047231527E-006
  -5.9799999999986575        7.4508377231903118E-006
  -5.9599999999986508        7.6984322708868810E-006
  -5.9399999999986441        7.9503546417200469E-006
  -5.9199999999986375        8.2064507340851458E-006
  -5.8999999999986308        8.4665491929408087E-006
  -5.8799999999986241        8.7304607560838360E-006
  -5.8599999999986174        8.9979776068498531E-006
  -5.8399999999986107        9.2688727355949553E-006
  -5.8199999999986041        9.5428993124477100E-006
  -5.7999999999985974        9.8197900739527726E-006
  -5.7799999999985907        1.0099256726362861E-005
  -5.7599999999985840        1.0380989368467441E-005
  -5.7399999999985774        1.0664655936982191E-005
  -5.7199999999985707        1.0949901677653649E-005
  -5.6999999999985640        1.1236348645366289E-005
  -5.6799999999985573        1.1523595236666984E-005
  -5.6599999999985506        1.1811215758249550E-005
  -5.6399999999985440        1.2098760035064639E-005
  -5.6199999999985373        1.2385753061841168E-005
  -5.5999999999985306        1.2671694701920540E-005
  -5.5799999999985239        1.2956059437414887E-005
  -5.5599999999985172        1.3238296174807401E-005
  -5.5399999999985106        1.3517828110209250E-005
  -5.5199999999985039        1.3794052658581165E-005
  -5.4999999999984972        1.4066341451309690E-005
  -5.4799999999984905        1.4334040406605354E-005
  -5.4599999999984838        1.4596469877253685E-005
  -5.4399999999984772        1.4852924880307875E-005
  -5.4199999999984705        1.5102675413354691E-005
  -5.3999999999984638        1.5344966862020067E-005
  -5.3799999999984571        1.5579020503399577E-005
  -5.3599999999984504        1.5804034110108062E-005
  -5.3399999999984438        1.6019182659632432E-005
  -5.3199999999984371        1.6223619153653525E-005
  -5.2999999999984304        1.6416475551960326E-005
  -5.2799999999984237        1.6596863825528674E-005
  -5.2599999999984171        1.6763877133261353E-005
  -5.2399999999984104        1.6916591126797849E-005
  -5.2199999999984037        1.7054065387690203E-005
  -5.1999999999983970        1.7175345001113395E-005
  -5.1799999999983903        1.7279462270126792E-005
  -5.1599999999983837        1.7365438574332240E-005
  -5.1399999999983770        1.7432286376580421E-005
  -5.1199999999983703        1.7479011381160588E-005
  -5.0999999999983636        1.7504614846668835E-005
  -5.0799999999983569        1.7508096056487223E-005
  -5.0599999999983503        1.7488454949517030E-005
  -5.0399999999983436        1.7444694913498368E-005
  -5.0199999999983369        1.7375825742908626E-005
  -4.9999999999983302        1.7280866763070989E-005
  -4.9799999999983235        1.7158850121713321E-005
  -4.9599999999983169        1.7008824248804115E-005
  -4.9399999999983102        1.6829857485050278E-005
  -4.9199999999983035        1.6621041878974828E-005
  -4.8999999999982968        1.6381497151999650E-005
  -4.8799999999982901        1.6110374830438413E-005
  -4.8599999999982835        1.5806862542762201E-005
  -4.8399999999982768        1.5470188479928133E-005
  -4.8199999999982701        1.5099626015969058E-005
  -4.7999999999982634        1.4694498485421720E-005
  -4.7799999999982568        1.4254184113529565E-005
  -4.7599999999982501        1.3778121094491494E-005
  -4.7399999999982434        1.3265812812339271E-005
  -4.7199999999982367        1.2716833198321381E-005
  -4.6999999999982300        1.2130832217941227E-005
  -4.6799999999982234        1.1507541480053993E-005
  -4.6599999999982167        1.0846779959661975E-005
  -4.6399999999982100        1.0148459825273253E-005
  -4.6199999999982033        9.4125923608936796E-006
  -4.5999999999981966        8.6392939719213616E-006
  -4.5799999999981900        7.8287922633990879E-006
  -4.5599999999981833        6.9814321782577803E-006
  -4.5399999999981766        6.0976821823601415E-006
  -4.5199999999981699        5.1781404823203366E-006
  -4.4999999999981632        4.2235412612490547E-006
  -4.4799999999981566        3.2347609167412559E-006
  -4.4599999999981499        2.2128242846019052E-006
  -4.4399999999981432        1.1589108309877956E-006
  -4.4199999999981365        7.4360794837716929E-008
  -4.3999999999981299       -1.0393187383292567E-006
  -4.3799999999981232       -2.1804478509436147E-006
  -4.3599999999981165       -3.3471679166943760E-006
  -4.3399999999981098       -4.5374358538015832E-006
  -4.3199999999981031       -5.7490185301406206E-006
  -4.2999999999980965       -6.9794873427822196E-006
  -4.2799999999980898       -8.2262129951524320E-006
  -4.2599999999980831       -9.4863604956177867E-006
  -4.2399999999980764       -1.0756884401865751E-005
  -4.2199999999980697       -1.2034524335960625E-005
  -4.1999999999980631       -1.3315800795426778E-005
  -4.1799999999980564       -1.4597011286119789E-005
  -4.1599999999980497       -1.5874226803005756E-005
  -4.1399999999980430       -1.7143288685262031E-005
  -4.1199999999980363       -1.8399805872344548E-005
  -4.0999999999980297       -1.9639152587829693E-005
  -4.0799999999980230       -2.0856466477927789E-005
  -4.0599999999980163       -2.2046647231580480E-005
  -4.0399999999980096       -2.3204355708990376E-005
  -4.0199999999980029       -2.4324013605281225E-005
  -3.9999999999979963       -2.5399803675755613E-005
  -3.9799999999979896       -2.6425670548892276E-005
  -3.9599999999979829       -2.7395322152809276E-005
  -3.9399999999979762       -2.8302231780409686E-005
  -3.9199999999979696       -2.9139640817813943E-005
  -3.8999999999979629       -2.9900562159976723E-005
  -3.8799999999979562       -3.0577784336570127E-005
  -3.8599999999979495       -3.1163876370298501E-005
  -3.8399999999979428       -3.1651193388785433E-005
  -3.8199999999979362       -3.2031883010039456E-005
  -3.7999999999979295       -3.2297892520264475E-005
  -3.7799999999979228       -3.2440976861423987E-005
  -3.7599999999979161       -3.2452707444510688E-005
  -3.7399999999979094       -3.2324481802889771E-005
  -3.7199999999979028       -3.2047534098404643E-005
  -3.6999999999978961       -3.1612946491134845E-005
  -3.6799999999978894       -3.1011661381787538E-005
  -3.6599999999978827       -3.0234494533689795E-005
  -3.6399999999978760       -2.9272149079231992E-005
  -3.6199999999978694       -2.8115230413377398E-005
  -3.5999999999978627       -2.6754261974534529E-005
  -3.5799999999978560       -2.5179701910655623E-005
  -3.5599999999978493       -2.3381960625904993E-005
  -3.5399999999978427       -2.1351419200627525E-005
  -3.5199999999978360       -1.9078448674644824E-005
  -3.4999999999978293       -1.6553430181128863E-005
  -3.4799999999978226       -1.3766775915435130E-005
  -3.4599999999978159       -1.0708950920358516E-005
  -3.4399999999978093       -7.3704956662671823E-006
  -3.4199999999978026       -3.7420494015321242E-006
  -3.3999999999977959        1.8562575444697371E-007
  -3.3799999999977892        4.4216200064542139E-006
  -3.3599999999977825        8.9748504009276458E-006
  -3.3399999999977759        1.3854034702909762E-005
  -3.3199999999977692        1.9067664672926774E-005
  -3.2999999999977625        2.4623978787472535E-005
  -3.2799999999977558        3.0530934449999896E-005
  -3.2599999999977491        3.6796179742540687E-005
  -3.2399999999977425        4.3427024771262559E-005
  -3.2199999999977358        5.0430412662431600E-005
  -3.1999999999977291        5.7812890268359271E-005
  -3.1799999999977224        6.5580578645967709E-005
  -3.1599999999977157        7.3739143373593373E-005
  -3.1399999999977091        8.2293764774556488E-005
  -3.1199999999977024        9.1249108118830763E-005
  -3.0999999999976957        1.0060929387686304E-004
  -3.0799999999976890        1.1037786810217552E-004
  -3.0599999999976824        1.2055777302184991E-004
  -3.0399999999976757        1.3115131791630418E-004
  -3.0199999999976690        1.4216015037193976E-004
  -2.9999999999976623        1.5358522799223528E-004
  -2.9799999999976556        1.6542679065466935E-004
  -2.9599999999976490        1.7768433340249127E-004
  -2.9399999999976423        1.9035658006177526E-004
  -2.9199999999976356        2.0344145767539504E-004
  -2.8999999999976289        2.1693607184654253E-004
  -2.8799999999976222        2.3083668308515671E-004
  -2.8599999999976156        2.4513868425111394E-004
  -2.8399999999976089        2.5983657918828045E-004
  -2.8199999999976022        2.7492396264348462E-004
  -2.7999999999975955        2.9039350156416906E-004
  -2.7799999999975888        3.0623691786788005E-004
  -2.7599999999975822        3.2244497277587311E-004
  -2.7399999999975755        3.3900745280192709E-004
  -2.7199999999975688        3.5591315748596477E-004
  -2.6999999999975621        3.7314988896028231E-004
  -2.6799999999975554        3.9070444343406059E-004
  -2.6599999999975488        4.0856260467941121E-004
  -2.6399999999975421        4.2670913959943119E-004
  -2.6199999999975354        4.4512779595567222E-004
  -2.5999999999975287        4.6380130232901844E-004
  -2.5799999999975221        4.8271137038423200E-004
  -2.5599999999975154        5.0183869950437543E-004
  -2.5399999999975087        5.2116298385695514E-004
  -2.5199999999975020        5.4066292194892163E-004
  -2.4999999999974953        5.6031622872269079E-004
  -2.4799999999974887        5.8009965024001455E-004
  -2.4599999999974820        5.9998898099497295E-004
  -2.4399999999974753        6.1995908389141606E-004
  -2.4199999999974686        6.3998391291407669E-004
  -2.3999999999974619        6.6003653851608602E-004
  -2.3799999999974553        6.8008917573898753E-004
  -2.3599999999974486        7.0011321507437350E-004
  -2.3399999999974419        7.2007925606913919E-004
  -2.3199999999974352        7.3995714366897349E-004
  -2.2999999999974285        7.5971600728715202E-004
  -2.2799999999974219        7.7932430257796211E-004
  -2.2599999999974152        7.9874985588620346E-004
  -2.2399999999974085        8.1795991133618690E-004
  -2.2199999999974018        8.3692118051551759E-004
  -2.1999999999973952        8.5559989470072330E-004
  -2.1799999999973885        8.7396185956350103E-004
  -2.1599999999973818        8.9197251228801235E-004
  -2.1399999999973751        9.0959698102131262E-004
  -2.1199999999973684        9.2680014657066097E-004
  -2.0999999999973618        9.4354670625313125E-004
  -2.0799999999973551        9.5980123979472263E-004
  -2.0599999999973484        9.7552827716799843E-004
  -2.0399999999973417        9.9069236824924582E-004
  -2.0199999999973350        1.0052581541682647E-003
  -1.9999999999973281        1.0191904402161698E-003
  -1.9799999999973212        1.0324542701690869E-003
  -1.9599999999973143        1.0450150018783417E-003
  -1.9399999999973074        1.0568383839707196E-003
  -1.9199999999973005        1.0678906334956524E-003
  -1.8999999999972936        1.0781385143497730E-003
  -1.8799999999972867        1.0875494163032256E-003
  -1.8599999999972798        1.0960914344464116E-003
  -1.8399999999972729        1.1037334488705919E-003
  -1.8199999999972660        1.1104452043908615E-003
  -1.7999999999972591        1.1161973901156420E-003
  -1.7799999999972522        1.1209617186628777E-003
  -1.7599999999972453        1.1247110048196807E-003
  -1.7399999999972384        1.1274192434392713E-003
  -1.7199999999972315        1.1290616863666705E-003
  -1.6999999999972246        1.1296149181827940E-003
  -1.6799999999972177        1.1290569305553420E-003
  -1.6599999999972108        1.1273671949842759E-003
  -1.6399999999972039        1.1245267337296051E-003
  -1.6199999999971970        1.1205181887097989E-003
  -1.5999999999971901        1.1153258881603980E-003
  -1.5799999999971832        1.1089359108442068E-003
  -1.5599999999971763        1.1013361476070228E-003
  -1.5399999999971694        1.0925163600759768E-003
  -1.5199999999971625        1.0824682363014136E-003
  -1.4999999999971556        1.0711854431477131E-003
  -1.4799999999971487        1.0586636752435864E-003
  -1.4599999999971418        1.0449007003081950E-003
  -1.4399999999971349        1.0298964006758295E-003
  -1.4199999999971280        1.0136528108490158E-003
  -1.3999999999971211        9.9617415091757711E-004
  -1.3799999999971142        9.7746685568949276E-004
  -1.3599999999971073        9.5753959938834905E-004
  -1.3399999999971004        9.3640331578160089E-004
  -1.3199999999970935        9.1407121361398026E-004
  -1.2999999999970866        8.9055878723093458E-004
  -1.2799999999970797        8.6588382228809560E-004
  -1.2599999999970728        8.4006639645437366E-004
  -1.2399999999970659        8.1312887502829980E-004
  -1.2199999999970590        7.8509590139973651E-004
  -1.1999999999970521        7.5599438230192196E-004
  -1.1799999999970452        7.2585346781205303E-004
  -1.1599999999970383        6.9470452607215771E-004
  -1.1399999999970314        6.6258111271583946E-004
  -1.1199999999970245        6.2951893500055292E-004
  -1.0999999999970176        5.9555581065935865E-004
  -1.0799999999970107        5.6073162150054425E-004
  -1.0599999999970038        5.2508826179805648E-004
  -1.0399999999969969        4.8866958153033491E-004
  -1.0199999999969900        4.5152132453978234E-004
 -0.99999999999698319        4.1369106169977132E-004
 -0.97999999999697640        3.7522811919064598E-004
 -0.95999999999696961        3.3618350200065647E-004
 -0.93999999999696282        2.9660981278206011E-004
 -0.91999999999695603        2.5656116620673255E-004
 -0.89999999999694924        2.1609309897946261E-004
 -0.87999999999694245        1.7526247568066036E-004
 -0.85999999999693566        1.3412739062339162E-004
 -0.83999999999692887        9.2747065922456972E-005
 -0.81999999999692208        5.1181745985595843E-005
 -0.79999999999691529        9.4925886487639948E-006
 -0.77999999999690850       -3.2258446811204540E-005
 -0.75999999999690171       -7.4008714542465507E-005
 -0.73999999999689492       -1.1569499960830117E-004
 -0.71999999999688813       -1.5725363783773065E-004
 -0.69999999999688134       -1.9862063776396319E-004
 -0.67999999999687455       -2.3973180436992933E-004
 -0.65999999999686776       -2.8052286435275084E-004
 -0.63999999999686097       -3.2092959261241234E-004
 -0.61999999999685418       -3.6088793966411529E-004
 -0.59999999999684739       -4.0033415966883026E-004
 -0.57999999999684060       -4.3920493877248017E-004
 -0.55999999999683381       -4.7743752344095105E-004
 -0.53999999999682702       -5.1496984847581174E-004
 -0.51999999999682023       -5.5174066439419493E-004
 -0.49999999999681344       -5.8768966385579755E-004
 -0.47999999999680665       -6.2275760682037730E-004
 -0.45999999999679986       -6.5688644412049144E-004
 -0.43999999999679307       -6.9001943913649859E-004
 -0.41999999999678628       -7.2210128726409061E-004
 -0.39999999999677949       -7.5307823286875229E-004
 -0.37999999999677270       -7.8289818342663583E-004
 -0.35999999999676591       -8.1151082055731295E-004
 -0.33999999999675912       -8.3886770766074248E-004
 -0.31999999999675233       -8.6492239387855191E-004
 -0.29999999999674554       -8.8963051410834789E-004
 -0.27999999999673875       -9.1294988480920250E-004
 -0.25999999999673196       -9.3484059534674319E-004
 -0.23999999999672514       -9.5526509463728538E-004
 -0.21999999999671832       -9.7418827286224416E-004
 -0.19999999999671150       -9.9157753803655064E-004
 -0.17999999999670468       -1.0074028872279633E-003
 -0.15999999999669787       -1.0216369722379822E-003
 -0.13999999999669105       -1.0342551595694523E-003
 -0.11999999999668425       -1.0452355845209131E-003
  -9.9999999996677441E-002  -1.0545591992631817E-003
  -7.9999999996670637E-002  -1.0622098147695727E-003
  -5.9999999996663833E-002  -1.0681741364874763E-003
  -3.9999999996657029E-002  -1.0724417936556624E-003
  -1.9999999996650222E-002  -1.0750053621886753E-003
   3.3565858426065631E-012  -1.0758603810668698E-003
   2.0000000003363393E-002  -1.0750053621880870E-003
   4.0000000003370201E-002  -1.0724417936544878E-003
   6.0000000003377005E-002  -1.0681741364857165E-003
   8.0000000003383809E-002  -1.0622098147672311E-003
  0.10000000000339061       -1.0545591992602622E-003
  0.12000000000339742       -1.0452355845174219E-003
  0.14000000000340423       -1.0342551595653941E-003
  0.16000000000341105       -1.0216369722333635E-003
  0.18000000000341787       -1.0074028872227928E-003
  0.20000000000342469       -9.9157753803083689E-004
  0.22000000000343151       -9.7418827285599655E-004
  0.24000000000343832       -9.5526509463051497E-004
  0.26000000000344514       -9.3484059533946104E-004
  0.28000000000345193       -9.1294988480142161E-004
  0.30000000000345872       -8.8963051410008052E-004
  0.32000000000346551       -8.6492239386981248E-004
  0.34000000000347230       -8.3886770765154509E-004
  0.36000000000347909       -8.1151082054767396E-004
  0.38000000000348588       -7.8289818341657042E-004
  0.40000000000349267       -7.5307823285827760E-004
  0.42000000000349946       -7.2210128725322354E-004
  0.44000000000350625       -6.9001943912525726E-004
  0.46000000000351304       -6.5688644410889416E-004
  0.48000000000351983       -6.2275760680844294E-004
  0.50000000000352662       -5.8768966384354596E-004
  0.52000000000353341       -5.5174066438164605E-004
  0.54000000000354020       -5.1496984846298520E-004
  0.56000000000354699       -4.7743752342786750E-004
  0.58000000000355378       -4.3920493875916069E-004
  0.60000000000356057       -4.0033415965529622E-004
  0.62000000000356736       -3.6088793965038750E-004
  0.64000000000357415       -3.2092959259851292E-004
  0.66000000000358094       -2.8052286433870072E-004
  0.68000000000358773       -2.3973180435575057E-004
  0.70000000000359452       -1.9862063774967744E-004
  0.72000000000360131       -1.5725363782335969E-004
  0.74000000000360810       -1.1569499959386667E-004
  0.76000000000361490       -7.4008714527989348E-005
  0.78000000000362169       -3.2258446796707584E-005
  0.80000000000362848        9.4925886632601963E-006
  0.82000000000363527        5.1181746000070071E-005
  0.84000000000364206        9.2747065936888502E-005
  0.86000000000364885        1.3412739063775944E-004
  0.88000000000365564        1.7526247569494503E-004
  0.90000000000366243        2.1609309899364395E-004
  0.92000000000366922        2.5656116622079113E-004
  0.94000000000367601        2.9660981279597672E-004
  0.96000000000368280        3.3618350201441256E-004
  0.98000000000368959        3.7522811920422382E-004
   1.0000000000036964        4.1369106171315314E-004
   1.0200000000037033        4.5152132455295117E-004
   1.0400000000037102        4.8866958154327475E-004
   1.0600000000037171        5.2508826181075108E-004
   1.0800000000037240        5.6073162151297820E-004
   1.1000000000037309        5.9555581067151798E-004
   1.1200000000037378        6.2951893501242309E-004
   1.1400000000037447        6.6258111272740855E-004
   1.1600000000037516        6.9470452608341195E-004
   1.1800000000037585        7.2585346782298125E-004
   1.2000000000037654        7.5599438231251266E-004
   1.2200000000037723        7.8509590140998016E-004
   1.2400000000037792        8.1312887503818632E-004
   1.2600000000037861        8.4006639646389447E-004
   1.2800000000037930        8.6588382229724312E-004
   1.3000000000037999        8.9055878723970090E-004
   1.3200000000038068        9.1407121362236017E-004
   1.3400000000038137        9.3640331578958744E-004
   1.3600000000038206        9.5753959939593814E-004
   1.3800000000038275        9.7746685569667971E-004
   1.4000000000038344        9.9617415092435771E-004
   1.4200000000038413        1.0136528108553896E-003
   1.4400000000038482        1.0298964006817931E-003
   1.4600000000038551        1.0449007003137480E-003
   1.4800000000038620        1.0586636752487289E-003
   1.5000000000038689        1.0711854431524434E-003
   1.5200000000038758        1.0824682363057348E-003
   1.5400000000038827        1.0925163600798904E-003
   1.5600000000038896        1.1013361476105306E-003
   1.5800000000038965        1.1089359108473118E-003
   1.6000000000039034        1.1153258881631042E-003
   1.6200000000039103        1.1205181887121109E-003
   1.6400000000039172        1.1245267337315263E-003
   1.6600000000039241        1.1273671949858137E-003
   1.6800000000039310        1.1290569305565010E-003
   1.7000000000039379        1.1296149181835827E-003
   1.7200000000039448        1.1290616863670951E-003
   1.7400000000039517        1.1274192434393381E-003
   1.7600000000039586        1.1247110048193990E-003
   1.7800000000039655        1.1209617186622558E-003
   1.8000000000039724        1.1161973901146886E-003
   1.8200000000039793        1.1104452043895852E-003
   1.8400000000039862        1.1037334488690036E-003
   1.8600000000039931        1.0960914344445211E-003
   1.8800000000040000        1.0875494163010418E-003
   1.9000000000040069        1.0781385143473076E-003
   1.9200000000040138        1.0678906334929158E-003
   1.9400000000040207        1.0568383839677229E-003
   1.9600000000040276        1.0450150018750963E-003
   1.9800000000040345        1.0324542701656038E-003
   2.0000000000040412        1.0191904402124614E-003
   2.0200000000040479        1.0052581541643414E-003
   2.0400000000040546        9.9069236824511956E-004
   2.0600000000040612        9.7552827716368071E-004
   2.0800000000040679        9.5980123979022558E-004
   2.1000000000040746        9.4354670624846690E-004
   2.1200000000040813        9.2680014656584169E-004
   2.1400000000040880        9.0959698101634881E-004
   2.1600000000040946        8.9197251228291616E-004
   2.1800000000041013        8.7396185955828417E-004
   2.2000000000041080        8.5559989469539749E-004
   2.2200000000041147        8.3692118051009398E-004
   2.2400000000041214        8.1795991133067666E-004
   2.2600000000041280        7.9874985588061721E-004
   2.2800000000041347        7.7932430257231103E-004
   2.3000000000041414        7.5971600728144716E-004
   2.3200000000041481        7.3995714366322548E-004
   2.3400000000041548        7.2007925606335844E-004
   2.3600000000041614        7.0011321506856944E-004
   2.3800000000041681        6.8008917573317024E-004
   2.4000000000041748        6.6003653851026483E-004
   2.4200000000041815        6.3998391290826092E-004
   2.4400000000041882        6.1995908388561504E-004
   2.4600000000041948        5.9998898098919437E-004
   2.4800000000042015        5.8009965023426806E-004
   2.5000000000042082        5.6031622871698398E-004
   2.5200000000042149        5.4066292194326253E-004
   2.5400000000042215        5.2116298385135047E-004
   2.5600000000042282        5.0183869949883234E-004
   2.5800000000042349        4.8271137037875721E-004
   2.6000000000042416        4.6380130232361922E-004
   2.6200000000042483        4.4512779595035350E-004
   2.6400000000042549        4.2670913959419877E-004
   2.6600000000042616        4.0856260467427111E-004
   2.6800000000042683        3.9070444342901770E-004
   2.7000000000042750        3.7314988895534106E-004
   2.7200000000042817        3.5591315748112983E-004
   2.7400000000042883        3.3900745279720192E-004
   2.7600000000042950        3.2244497277126173E-004
   2.7800000000043017        3.0623691786338571E-004
   2.8000000000043084        2.9039350155979474E-004
   2.8200000000043151        2.7492396263923275E-004
   2.8400000000043217        2.5983657918415354E-004
   2.8600000000043284        2.4513868424711437E-004
   2.8800000000043351        2.3083668308128603E-004
   2.9000000000043418        2.1693607184280209E-004
   2.9200000000043485        2.0344145767178559E-004
   2.9400000000043551        1.9035658005829846E-004
   2.9600000000043618        1.7768433339914719E-004
   2.9800000000043685        1.6542679065145846E-004
   3.0000000000043752        1.5358522798915804E-004
   3.0200000000043818        1.4216015036899534E-004
   3.0400000000043885        1.3115131791349241E-004
   3.0600000000043952        1.2055777301917010E-004
   3.0800000000044019        1.1037786809962675E-004
   3.1000000000044086        1.0060929387444450E-004
   3.1200000000044152        9.1249108116541049E-005
   3.1400000000044219        8.2293764772393965E-005
   3.1600000000044286        7.3739143371556238E-005
   3.1800000000044353        6.5580578644054322E-005
   3.2000000000044420        5.7812890266567729E-005
   3.2200000000044486        5.0430412660759476E-005
   3.2400000000044553        4.3427024769707650E-005
   3.2600000000044620        3.6796179741100724E-005
   3.2800000000044687        3.0530934448672304E-005
   3.3000000000044754        2.4623978786254559E-005
   3.3200000000044820        1.9067664671815687E-005
   3.3400000000044887        1.3854034701902889E-005
   3.3600000000044954        8.9748504000219948E-006
   3.3800000000045021        4.4216200056467831E-006
   3.4000000000045087        1.8562575373464261E-007
   3.4200000000045154       -3.7420494021523463E-006
   3.4400000000045221       -7.3704956667983821E-006
   3.4600000000045288       -1.0708950920803984E-005
   3.4800000000045355       -1.3766775915798472E-005
   3.5000000000045421       -1.6553430181412880E-005
   3.5200000000045488       -1.9078448674852855E-005
   3.5400000000045555       -2.1351419200762671E-005
   3.5600000000045622       -2.3381960625971024E-005
   3.5800000000045689       -2.5179701910655271E-005
   3.6000000000045755       -2.6754261974471269E-005
   3.6200000000045822       -2.8115230413254253E-005
   3.6400000000045889       -2.9272149079052424E-005
   3.6600000000045956       -3.0234494533456756E-005
   3.6800000000046023       -3.1011661381504290E-005
   3.7000000000046089       -3.1612946490804448E-005
   3.7200000000046156       -3.2047534098029936E-005
   3.7400000000046223       -3.2324481802473878E-005
   3.7600000000046290       -3.2452707444056624E-005
   3.7800000000046357       -3.2440976860934436E-005
   3.8000000000046423       -3.2297892519742201E-005
   3.8200000000046490       -3.2031883009487454E-005
   3.8400000000046557       -3.1651193388206171E-005
   3.8600000000046624       -3.1163876369694736E-005
   3.8800000000046690       -3.0577784335944231E-005
   3.9000000000046757       -2.9900562159331118E-005
   3.9200000000046824       -2.9139640817151052E-005
   3.9400000000046891       -2.8302231779731792E-005
   3.9600000000046958       -2.7395322152118557E-005
   3.9800000000047024       -2.6425670548190834E-005
   4.0000000000047091       -2.5399803675045633E-005
   4.0200000000047158       -2.4324013604564571E-005
   4.0400000000047225       -2.3204355708268948E-005
   4.0600000000047292       -2.2046647230856108E-005
   4.0800000000047358       -2.0856466477202041E-005
   4.1000000000047425       -1.9639152587104271E-005
   4.1200000000047492       -1.8399805871621030E-005
   4.1400000000047559       -1.7143288684541836E-005
   4.1600000000047626       -1.5874226802290318E-005
   4.1800000000047692       -1.4597011285410399E-005
   4.2000000000047759       -1.3315800794724653E-005
   4.2200000000047826       -1.2034524335266922E-005
   4.2400000000047893       -1.0756884401181468E-005
   4.2600000000047960       -9.4863604949439805E-006
   4.2800000000048026       -8.2262129944900132E-006
   4.3000000000048093       -6.9794873421320489E-006
   4.3200000000048160       -5.7490185295033706E-006
   4.3400000000048227       -4.5374358531780280E-006
   4.3600000000048293       -3.3471679160852221E-006
   4.3800000000048360       -2.1804478503493410E-006
   4.4000000000048427       -1.0393187377504240E-006
   4.4200000000048494        7.4360795400677260E-008
   4.4400000000048561        1.1589108315344600E-006
   4.4600000000048627        2.2128242851320085E-006
   4.4800000000048694        3.2347609172544601E-006
   4.5000000000048761        4.2235412617450832E-006
   4.5200000000048828        5.1781404827990355E-006
   4.5400000000048895        6.0976821828213967E-006
   4.5600000000048961        6.9814321787015061E-006
   4.5800000000049028        7.8287922638251489E-006
   4.6000000000049095        8.6392939723298890E-006
   4.6200000000049162        9.4125923612846853E-006
   4.6400000000049229        1.0148459825646792E-005
   4.6600000000049295        1.0846779960018096E-005
   4.6800000000049362        1.1507541480392879E-005
   4.7000000000049429        1.2130832218263094E-005
   4.7200000000049496        1.2716833198626387E-005
   4.7400000000049562        1.3265812812627647E-005
   4.7600000000049629        1.3778121094763509E-005
   4.7800000000049696        1.4254184113785477E-005
   4.8000000000049763        1.4694498485661762E-005
   4.8200000000049830        1.5099626016193642E-005
   4.8400000000049896        1.5470188480137519E-005
   4.8600000000049963        1.5806862542956751E-005
   4.8800000000050030        1.6110374830618522E-005
   4.9000000000050097        1.6381497152165611E-005
   4.9200000000050164        1.6621041879127101E-005
   4.9400000000050230        1.6829857485189188E-005
   4.9600000000050297        1.7008824248930096E-005
   4.9800000000050364        1.7158850121826786E-005
   5.0000000000050431        1.7280866763172328E-005
   5.0200000000050498        1.7375825742998266E-005
   5.0400000000050564        1.7444694913576712E-005
   5.0600000000050631        1.7488454949584539E-005
   5.0800000000050698        1.7508096056544232E-005
   5.1000000000050765        1.7504614846715859E-005
   5.1200000000050832        1.7479011381197969E-005
   5.1400000000050898        1.7432286376608610E-005
   5.1600000000050965        1.7365438574351644E-005
   5.1800000000051032        1.7279462270137827E-005
   5.2000000000051099        1.7175345001116458E-005
   5.2200000000051165        1.7054065387685697E-005
   5.2400000000051232        1.6916591126786164E-005
   5.2600000000051299        1.6763877133242881E-005
   5.2800000000051366        1.6596863825503764E-005
   5.3000000000051433        1.6416475551929412E-005
   5.3200000000051499        1.6223619153616893E-005
   5.3400000000051566        1.6019182659590510E-005
   5.3600000000051633        1.5804034110061123E-005
   5.3800000000051700        1.5579020503348051E-005
   5.4000000000051767        1.5344966861964180E-005
   5.4200000000051833        1.5102675413294883E-005
   5.4400000000051900        1.4852924880244344E-005
   5.4600000000051967        1.4596469877186807E-005
   5.4800000000052034        1.4334040406535348E-005
   5.5000000000052101        1.4066341451236904E-005
   5.5200000000052167        1.3794052658505828E-005
   5.5400000000052234        1.3517828110131676E-005
   5.5600000000052301        1.3238296174727758E-005
   5.5800000000052368        1.2956059437333484E-005
   5.6000000000052435        1.2671694701837588E-005
   5.6200000000052501        1.2385753061756905E-005
   5.6400000000052568        1.2098760034979194E-005
   5.6600000000052635        1.1811215758163230E-005
   5.6800000000052702        1.1523595236579926E-005
   5.7000000000052768        1.1236348645278667E-005
   5.7200000000052835        1.0949901677565674E-005
   5.7400000000052902        1.0664655936894010E-005
   5.7600000000052969        1.0380989368379188E-005
   5.7800000000053036        1.0099256726274707E-005
   5.8000000000053102        9.8197900738648370E-006
   5.8200000000053169        9.5428993123601336E-006
   5.8400000000053236        9.2688727355078651E-006
   5.8600000000053303        8.9979776067633575E-006
   5.8800000000053370        8.7304607559980383E-006
   5.9000000000053436        8.4665491928557920E-006
   5.9200000000053503        8.2064507340010202E-006
   5.9400000000053570        7.9503546416368801E-006
   5.9600000000053637        7.6984322708048035E-006
   5.9800000000053704        7.4508377231093321E-006
   6.0000000000053770        7.2077085046433571E-006
   6.0200000000053837        6.9691661860185264E-006
   6.0400000000053904        6.7353170625337883E-006
   6.0600000000053971        6.5062528126407010E-006
   6.0800000000054037        6.2820511529871282E-006
   6.1000000000054104        6.0627764884422961E-006
   6.1200000000054171        5.8484805556233856E-006
   6.1400000000054238        5.6392030585591265E-006
   6.1600000000054305        5.4349722952369046E-006
   6.1800000000054371        5.2358057738887760E-006
   6.2000000000054438        5.0417108179753789E-006
   6.2200000000054505        4.8526851589291417E-006
   6.2400000000054572        4.6687175158140952E-006
   6.2600000000054639        4.4897881611544687E-006
   6.2800000000054705        4.3158694722728063E-006
   6.3000000000054772        4.1469264675652831E-006
   6.3200000000054839        3.9829173272228182E-006
   6.3400000000054906        3.8237938979855668E-006
   6.3600000000054973        3.6695021815917672E-006
   6.3800000000055039        3.5199828066527954E-006
   6.4000000000055106        3.3751714837521207E-006
   6.4200000000055173        3.2349994436291296E-006
   6.4400000000055240        3.0993938583669341E-006
   6.4600000000055307        2.9682782455589966E-006
   6.4800000000055373        2.8415728554805361E-006
   6.5000000000055440        2.7191950413389325E-006
   6.5200000000055507        2.6010596127216217E-006
   6.5400000000055574        2.4870791724011244E-006
   6.5600000000055640        2.3771644366948597E-006
   6.5800000000055707        2.2712245396116685E-006
   6.6000000000055774        2.1691673210489668E-006
   6.6200000000055841        2.0708995993326030E-006
   6.6400000000055908        1.9763274284175508E-006
   6.6600000000055974        1.8853563400902357E-006
   6.6800000000056041        1.7978915715339217E-006
   6.7000000000056108        1.7138382786360101E-006
   6.7200000000056175        1.6331017354319228E-006
   6.7400000000056242        1.5555875200929221E-006
   6.7600000000056308        1.4812016878764790E-006
   6.7800000000056375        1.4098509314664547E-006
   6.8000000000056442        1.3414427291373967E-006
   6.8200000000056509        1.2758854811822983E-006
   6.8400000000056576        1.2130886350465617E-006
   6.8600000000056642        1.1529627996126310E-006
   6.8800000000056709        1.0954198490801368E-006
   6.9000000000056776        1.0403730168850653E-006
   6.9200000000056843        9.8773698009927648E-007
   6.9400000000056909        9.3742793474786468E-007
   6.9600000000056976        8.8936366247729419E-007
   6.9800000000057043        8.4346358900140576E-007
   7.0000000000057110        7.9964883474587630E-007
   7.0200000000057177        7.5784225810412645E-007
   7.0400000000057243        7.1796849170959369E-007
   7.0600000000057310        6.7995397212034936E-007
   7.0800000000057377        6.4372696330263783E-007
   7.1000000000057444        6.0921757428992639E-007
   7.1200000000057511        5.7635777138369705E-007
   7.1400000000057577        5.4508138525141516E-007
   7.1600000000057644        5.1532411326605535E-007
   7.1800000000057711        4.8702351742016988E-007
   7.2000000000057778        4.6011901813604610E-007
   7.2200000000057845        4.3455188428172558E-007
   7.2400000000057911        4.1026521969097803E-007
   7.2600000000057978        3.8720394647340088E-007
   7.2800000000058045        3.6531478538908525E-007
   7.3000000000058112        3.4454623355041582E-007
   7.3200000000058179        3.2484853970188532E-007
   7.3400000000058245        3.0617367731715020E-007
   7.3600000000058312        2.8847531574107881E-007
   7.3800000000058379        2.7170878959319522E-007
   7.4000000000058446        2.5583106663776963E-007
   7.4200000000058512        2.4080071431487500E-007
   7.4400000000058579        2.2657786511600269E-007
   7.4600000000058646        2.1312418097735914E-007
   7.4800000000058713        2.0040281685378287E-007
   7.5000000000058780        1.8837838362624426E-007
   7.5200000000058846        1.7701691048629389E-007
   7.5400000000058913        1.6628580693143448E-007
   7.5600000000058980        1.5615382449637794E-007
   7.5800000000059047        1.4659101833638307E-007
   7.6000000000059114        1.3756870877049397E-007
   7.6200000000059180        1.2905944288434073E-007
   7.6400000000059247        1.2103695628444102E-007
   7.6600000000059314        1.1347613508843953E-007
   7.6800000000059381        1.0635297822860403E-007
   7.7000000000059448        9.9644560139072456E-008
   7.7200000000059514        9.3328993890838714E-008
   7.7400000000059581        8.7385394832271861E-008
   7.7600000000059648        8.1793844787090094E-008
   7.7800000000059715        7.6535356856115203E-008
   7.8000000000059782        7.1591840863870876E-008
   7.8200000000059848        6.6946069486074603E-008
   7.8400000000059915        6.2581645089388585E-008
   7.8600000000059982        5.8482967310352310E-008
   7.8800000000060049        5.4635201396261839E-008
   7.9000000000060115        5.1024247326871130E-008
   7.9200000000060182        4.7636709732134822E-008
   7.9400000000060249        4.4459868617823370E-008
   7.9600000000060316        4.1481650907671481E-008
   7.9800000000060383        3.8690602807789942E-008
   8.0000000000060449        3.6075862996350993E-008
   8.0200000000060516        3.3627136639053984E-008
   8.0400000000060583        3.1334670228571903E-008
   8.0600000000060650        2.9189227244063478E-008
   8.0800000000060717        2.7182064624909524E-008
   8.1000000000060783        2.5304910051073250E-008
   8.1200000000060850        2.3549940020898321E-008
   8.1400000000060917        2.1909758715722940E-008
   8.1600000000060984        2.0377377639409385E-008
   8.1800000000061051        1.8946196019743894E-008
   8.2000000000061117        1.7609981957654356E-008
   8.2200000000061184        1.6362854309311897E-008
   8.2400000000061251        1.5199265285413063E-008
   8.2600000000061318        1.4113983751288824E-008
   8.2800000000061384        1.3102079210931557E-008
   8.3000000000061451        1.2158906457577634E-008
   8.3200000000061518        1.1280090873117042E-008
   8.3400000000061585        1.0461514358320723E-008
   8.3600000000061652        9.6993018756700489E-009
   8.3800000000061718        8.9898085864408885E-009
   8.4000000000061785        8.3296075636268483E-009
   8.4200000000061852        7.7154780622794872E-009
   8.4400000000061919        7.1443943288921707E-009
   8.4600000000061986        6.6135149315516023E-009
   8.4800000000062052        6.1201725927280253E-009
   8.5000000000062119        5.6618645067588964E-009
   8.5200000000062186        5.2362431243060069E-009
   8.5400000000062253        4.8411073863212811E-009
   8.5600000000062320        4.4743943903438542E-009
   8.5800000000062386        4.1341714722627192E-009
   8.6000000000062453        3.8186286870150239E-009
   8.6200000000062520        3.5260716720448899E-009
   8.6400000000062587        3.2549148777199227E-009
   8.6600000000062654        3.0036751492883900E-009
   8.6800000000062720        2.7709656453588445E-009
   8.7000000000062787        2.5554900782908167E-009
   8.7200000000062854        2.3560372623003552E-009
   8.7400000000062921        2.1714759555043038E-009
   8.7600000000062987        2.0007499825509572E-009
   8.7800000000063054        1.8428736249102594E-009
   8.8000000000063121        1.6969272663225023E-009
   8.8200000000063188        1.5620532813295550E-009
   8.8400000000063255        1.4374521552348564E-009
   8.8600000000063321        1.3223788242577404E-009
   8.8800000000063388        1.2161392250618271E-009
   8.9000000000063455        1.1180870432467179E-009
   8.9200000000063522        1.0276206507948528E-009
   8.9400000000063589        9.4418022286130655E-010
   8.9600000000063655        8.6724502468284132E-010
   8.9800000000063722        7.9633085976247052E-010
   9.0000000000063789        7.3098767085746632E-010
   9.0200000000063856        6.7079728566142975E-010
   9.0400000000063923        6.1537129942395940E-010
   9.0600000000063989        5.6434908709542114E-010
   9.0800000000064056        5.1739593791781610E-010
   9.1000000000064123        4.7420130570672171E-010
   9.1200000000064190        4.3447716838293241E-010
   9.1400000000064257        3.9795649061600333E-010
   9.1600000000064323        3.6439178373527430E-010
   9.1800000000064390        3.3355375734720613E-010
   9.2000000000064457        3.0523005737092740E-010
   9.2200000000064524        2.7922408546698114E-010
   9.2400000000064590        2.5535389508739518E-010
   9.2600000000064657        2.3345115961850301E-010
   9.2800000000064724        2.1336020832164679E-010
   9.3000000000064791        1.9493712600103696E-010
   9.3200000000064858        1.7804891254296858E-010
   9.3400000000064924        1.6257269867633775E-010
   9.3600000000064991        1.4839501450132191E-010
   9.3800000000065058        1.3541110752129046E-010
   9.4000000000065125        1.2352430709281622E-010
   9.4200000000065192        1.1264543238023792E-010
   9.4400000000065258        1.0269224106484767E-010
   9.4600000000065325        9.3588916214722637E-011
   9.4800000000065392        8.5265588869649699E-011
   9.5000000000065459        7.7657894036859755E-011
   9.5200000000065526        7.0706557927573213E-011
   9.5400000000065592        6.4357014391929309E-011
   9.5600000000065659        5.8559048631000289E-011
   9.5800000000065726        5.3266466379486447E-011
   9.6000000000065793        4.8436786861625760E-011
   9.6200000000065859        4.4030957926052999E-011
   9.6400000000065926        4.0013091863047817E-011
   9.6600000000065993        3.6350220500065215E-011
   9.6800000000066060        3.3012068258844145E-011
   9.7000000000066127        2.9970841939989522E-011
   9.7200000000066193        2.7201036078922214E-011
   9.7400000000066260        2.4679252790698830E-011
   9.7600000000066327        2.2384035090630112E-011
   9.7800000000066394        2.0295712743071731E-011
   9.8000000000066461        1.8396259752401813E-011
   9.8200000000066527        1.6669162668245542E-011
   9.8400000000066594        1.5099298931614059E-011
   9.8600000000066661        1.3672824539982675E-011
   9.8800000000066728        1.2377070357594931E-011
   9.9000000000066795        1.1200446442622006E-011
   9.9200000000066861        1.0132353805361899E-011
   9.9400000000066928        9.1631030516015187E-012
   9.9600000000066995        8.2838394027111871E-012
   9.9800000000067062        7.4864736191395649E-012
