  -10.000000000000000        1.3412066466836659E-005
  -9.9799999999999933        1.6180626728796198E-005
  -9.9599999999999866        1.8900249668040950E-005
  -9.9399999999999800        2.1556599880917738E-005
  -9.9199999999999733        2.4135644688763767E-005
  -9.8999999999999666        2.6623746526984363E-005
  -9.8799999999999599        2.9007742062457389E-005
  -9.8599999999999532        3.1275007301303037E-005
  -9.8399999999999466        3.3413508538486115E-005
  -9.8199999999999399        3.5411839591114762E-005
  -9.7999999999999332        3.7259246324990851E-005
  -9.7799999999999265        3.8945640007018052E-005
  -9.7599999999999199        4.0461601472314362E-005
  -9.7399999999999132        4.1798378465855635E-005
  -9.7199999999999065        4.2947878788106907E-005
  -9.6999999999998998        4.3902662029829226E-005
  -9.6799999999998931        4.4655932715495034E-005
  -9.6599999999998865        4.5201537583759656E-005
  -9.6399999999998798        4.5533969518978262E-005
  -9.6199999999998731        4.5648380315937896E-005
  -9.5999999999998664        4.5540604022052191E-005
  -9.5799999999998597        4.5207192072622878E-005
  -9.5599999999998531        4.4645460834688975E-005
  -9.5399999999998464        4.3853551525947628E-005
  -9.5199999999998397        4.2830501802168728E-005
  -9.4999999999998330        4.1576327635433435E-005
  -9.4799999999998263        4.0092113463700337E-005
  -9.4599999999998197        3.8380108004874502E-005
  -9.4399999999998130        3.6443822621210005E-005
  -9.4199999999998063        3.4288128713781496E-005
  -9.3999999999997996        3.1919350340569696E-005
  -9.3799999999997929        2.9345348099531860E-005
  -9.3599999999997863        2.6575590309421349E-005
  -9.3399999999997796        2.3621207659540249E-005
  -9.3199999999997729        2.0495027783776439E-005
  -9.2999999999997662        1.7211586636909658E-005
  -9.2799999999997596        1.3787114099556636E-005
  -9.2599999999997529        1.0239491894458489E-005
  -9.2399999999997462        6.5881826393710446E-006
  -9.2199999999997395        2.8541296643677859E-006
  -9.1999999999997328       -9.4037194363804144E-007
  -9.1799999999997262       -4.7718317702375144E-006
  -9.1599999999997195       -8.6157458689525312E-006
  -9.1399999999997128       -1.2446801065671837E-005
  -9.1199999999997061       -1.6239098250595622E-005
  -9.0999999999996994       -1.9966390583188010E-005
  -9.0799999999996928       -2.3602332114168993E-005
  -9.0599999999996861       -2.7120732054565124E-005
  -9.0399999999996794       -3.0495809805860581E-005
  -9.0199999999996727       -3.3702445911381574E-005
  -8.9999999999996660       -3.6716424295822373E-005
  -8.9799999999996594       -3.9514661517982639E-005
  -8.9599999999996527       -4.2075419258490304E-005
  -8.9399999999996460       -4.4378496878636307E-005
  -8.9199999999996393       -4.6405401594348332E-005
  -8.8999999999996326       -4.8139494582799033E-005
  -8.8799999999996260       -4.9566112146411718E-005
  -8.8599999999996193       -5.0672661868011169E-005
  -8.8399999999996126       -5.1448694468833825E-005
  -8.8199999999996059       -5.1885952795926787E-005
  -8.7999999999995993       -5.1978399988791847E-005
  -8.7799999999995926       -5.1722229380492882E-005
  -8.7599999999995859       -5.1115859056252960E-005
  -8.7399999999995792       -5.0159914206798709E-005
  -8.7199999999995725       -4.8857200466210048E-005
  -8.6999999999995659       -4.7212671313361482E-005
  -8.6799999999995592       -4.5233392346202929E-005
  -8.6599999999995525       -4.2928504822913825E-005
  -8.6399999999995458       -4.0309190320022041E-005
  -8.6199999999995391       -3.7388637710827845E-005
  -8.5999999999995325       -3.4182012946279159E-005
  -8.5799999999995258       -3.0706431357455730E-005
  -8.5599999999995191       -2.6980931430670740E-005
  -8.5399999999995124       -2.3026448267214265E-005
  -8.5199999999995057       -1.8865784267717100E-005
  -8.4999999999994991       -1.4523574007716096E-005
  -8.4799999999994924       -1.0026239828310858E-005
  -8.4599999999994857       -5.4019343772897958E-006
  -8.4399999999994790       -6.8046622282785174E-007
  -8.4199999999994724        4.1067952652912348E-006
  -8.3999999999994657        8.9270393068071575E-006
  -8.3799999999994590        1.3746160461208126E-005
  -8.3599999999994523        1.8528935192444914E-005
  -8.3399999999994456        2.3239229913677315E-005
  -8.3199999999994390        2.7840241254669028E-005
  -8.2999999999994323        3.2294768269605709E-005
  -8.2799999999994256        3.6565515214594017E-005
  -8.2599999999994189        4.0615422410479780E-005
  -8.2399999999994122        4.4408021611786849E-005
  -8.2199999999994056        4.7907811267300158E-005
  -8.1999999999993989        5.1080646125303189E-005
  -8.1799999999993922        5.3894134841820736E-005
  -8.1599999999993855        5.6318038629774962E-005
  -8.1399999999993788        5.8324663564124681E-005
  -8.1199999999993722        5.9889238956369837E-005
  -8.0999999999993655        6.0990274238708094E-005
  -8.0799999999993588        6.1609887059855447E-005
  -8.0599999999993521        6.1734095782029378E-005
  -8.0399999999993454        6.1353070268216627E-005
  -8.0199999999993388        6.0461335736451467E-005
  -7.9999999999993321        5.9057925502913579E-005
  -7.9799999999993254        5.7146479600314152E-005
  -7.9599999999993187        5.4735287501677376E-005
  -7.9399999999993121        5.1837274455506375E-005
  -7.9199999999993054        4.8469932202946698E-005
  -7.8999999999992987        4.4655196051282561E-005
  -7.8799999999992920        4.0419271383407263E-005
  -7.8599999999992853        3.5792413645736260E-005
  -7.8399999999992787        3.0808666648911720E-005
  -7.8199999999992720        2.5505564609226977E-005
  -7.7999999999992653        1.9923803738073067E-005
  -7.7799999999992586        1.4106889343756636E-005
  -7.7599999999992519        8.1007643480598957E-006
  -7.7399999999992453        1.9534248488678498E-006
  -7.7199999999992386       -4.2854720980292066E-006
  -7.6999999999992319       -1.0565003922176529E-005
  -7.6799999999992252       -1.6833377391482786E-005
  -7.6599999999992185       -2.3038319882168570E-005
  -7.6399999999992119       -2.9127464933648632E-005
  -7.6199999999992052       -3.5048730807389113E-005
  -7.5999999999991985       -4.0750691566826423E-005
  -7.5799999999991918       -4.6182940895292003E-005
  -7.5599999999991851       -5.1296449432665195E-005
  -7.5399999999991785       -5.6043916809080739E-005
  -7.5199999999991718       -6.0380119756427629E-005
  -7.4999999999991651       -6.4262257676318653E-005
  -7.4799999999991584       -6.7650296827956180E-005
  -7.4599999999991518       -7.0507313876939896E-005
  -7.4399999999991451       -7.2799838934031787E-005
  -7.4199999999991384       -7.4498197434884675E-005
  -7.3999999999991317       -7.5576849303817564E-005
  -7.3799999999991250       -7.6014722849078629E-005
  -7.3599999999991184       -7.5795539800333612E-005
  -7.3399999999991117       -7.4908126875563653E-005
  -7.3199999999991050       -7.3346708304960866E-005
  -7.2999999999990983       -7.1111172899098607E-005
  -7.2799999999990916       -6.8207308574543202E-005
  -7.2599999999990850       -6.4646996788634723E-005
  -7.2399999999990783       -6.0448359121525792E-005
  -7.2199999999990716       -5.5635848305949634E-005
  -7.1999999999990649       -5.0240276359921093E-005
  -7.1799999999990582       -4.4298773130268222E-005
  -7.1599999999990516       -3.7854669498097756E-005
  -7.1399999999990449       -3.0957300712138467E-005
  -7.1199999999990382       -2.3661726770475520E-005
  -7.0999999999990315       -1.6028368427033991E-005
  -7.0799999999990249       -8.1225592009264272E-006
  -7.0599999999990182       -1.4015662859564538E-008
  -7.0399999999990115        8.2237698052430887E-006
  -7.0199999999990048        1.6514207692916334E-005
  -6.9999999999989981        2.4778353616273425E-005
  -6.9799999999989915        3.2935704651391940E-005
  -6.9599999999989848        4.0905038846531456E-005
  -6.9399999999989781        4.8605285877165486E-005
  -6.9199999999989714        5.5956415975146260E-005
  -6.8999999999989647        6.2880333766192508E-005
  -6.8799999999989581        6.9301763499103708E-005
  -6.8599999999989514        7.5149112349771408E-005
  -6.8399999999989447        8.0355299018972464E-005
  -6.8199999999989380        8.4858535693298971E-005
  -6.7999999999989313        8.8603052562827306E-005
  -6.7799999999989247        9.1539755445624099E-005
  -6.7599999999989180        9.3626808598537250E-005
  -6.7399999999989113        9.4830136439712567E-005
  -6.7199999999989046        9.5123839604085723E-005
  -6.6999999999988979        9.4490522438268196E-005
  -6.6799999999988913        9.2921530651612455E-005
  -6.6599999999988846        9.0417099323971518E-005
  -6.6399999999988779        8.6986412774828028E-005
  -6.6199999999988712        8.2647578890618801E-005
  -6.5999999999988646        7.7427521355386694E-005
  -6.5799999999988579        7.1361793824792423E-005
  -6.5599999999988512        6.4494320420875227E-005
  -6.5399999999988445        5.6877067020435660E-005
  -6.5199999999988378        4.8569647686590248E-005
  -6.4999999999988312        3.9638870286397041E-005
  -6.4799999999988245        3.0158224897850022E-005
  -6.4599999999988178        2.0207318082711390E-005
  -6.4399999999988111        9.8712555511972088E-006
  -6.4199999999988044       -7.6002477388583638E-007
  -6.3999999999987978       -1.1592467715124536E-005
  -6.3799999999987911       -2.2528662525954208E-005
  -6.3599999999987844       -3.3468650107689706E-005
  -6.3399999999987777       -4.4310774431559931E-005
  -6.3199999999987710       -5.4952576464343883E-005
  -6.2999999999987644       -6.5291728258430918E-005
  -6.2799999999987577       -7.5227003976459681E-005
  -6.2599999999987510       -8.4659283491949009E-005
  -6.2399999999987443       -9.3492582875333860E-005
  -6.2199999999987376       -1.0163510458613466E-004
  -6.1999999999987310       -1.0900029860251735E-004
  -6.1799999999987243       -1.1550792409927188E-004
  -6.1599999999987176       -1.2108509970582428E-004
  -6.1399999999987109       -1.2566732891523488E-004
  -6.1199999999987043       -1.2919948594910646E-004
  -6.0999999999986976       -1.3163674638779936E-004
  -6.0799999999986909       -1.3294544621264532E-004
  -6.0599999999986842       -1.3310385263739065E-004
  -6.0399999999986775       -1.3210283027043551E-004
  -6.0199999999986709       -1.2994638677607767E-004
  -5.9999999999986642       -1.2665208330454156E-004
  -5.9799999999986575       -1.2225129652785366E-004
  -5.9599999999986508       -1.1678932112972800E-004
  -5.9399999999986441       -1.1032530400735190E-004
  -5.9199999999986375       -1.0293200419643662E-004
  -5.8999999999986308       -9.4695375550724932E-005
  -5.8799999999986241       -8.5713972417056190E-005
  -5.8599999999986174       -7.6098181845788660E-005
  -5.8399999999986107       -6.5969289176497341E-005
  -5.8199999999986041       -5.5458387037360172E-005
  -5.7999999999985974       -4.4705140800872473E-005
  -5.7799999999985907       -3.3856426263936647E-005
  -5.7599999999985840       -2.3064857686514033E-005
  -5.7399999999985774       -1.2487226269539186E-005
  -5.7199999999985707       -2.2828706323395319E-006
  -5.6999999999985640        7.3879981709692125E-006
  -5.6799999999985573        1.6365994080964592E-005
  -5.6599999999985506        2.4494252923550020E-005
  -5.6399999999985440        3.1620106277258883E-005
  -5.6199999999985373        3.7596710768686885E-005
  -5.5999999999985306        4.2284612556310827E-005
  -5.5799999999985239        4.5553228381207408E-005
  -5.5599999999985172        4.7282226409824441E-005
  -5.5399999999985106        4.7362792091900918E-005
  -5.5199999999985039        4.5698766322955019E-005
  -5.4999999999984972        4.2207645257035701E-005
  -5.4799999999984905        3.6821433092871386E-005
  -5.4599999999984838        2.9487340992244949E-005
  -5.4399999999984772        2.0168326937682111E-005
  -5.4199999999984705        8.8434727662308027E-006
  -5.3999999999984638       -4.4918041914435018E-006
  -5.3799999999984571       -1.9825706476487809E-005
  -5.3599999999984504       -3.7130179737385970E-005
  -5.3399999999984438       -5.6361204137270210E-005
  -5.3199999999984371       -7.7459253806737554E-005
  -5.2999999999984304       -1.0034992386355561E-004
  -5.2799999999984237       -1.2494472418371312E-004
  -5.2599999999984171       -1.5114203871370425E-004
  -5.2399999999984104       -1.7882824859990356E-004
  -5.2199999999984037       -2.0787901671254035E-004
  -5.1999999999983970       -2.3816073020643407E-004
  -5.1799999999983903       -2.6953209654951991E-004
  -5.1599999999983837       -3.0184588693452037E-004
  -5.1399999999983770       -3.3495081916708229E-004
  -5.1199999999983703       -3.6869357000014080E-004
  -5.0999999999983636       -4.0292090449950267E-004
  -5.0799999999983569       -4.3748190742245145E-004
  -5.0599999999983503       -4.7223029884788700E-004
  -5.0399999999983436       -5.0702681348811904E-004
  -5.0199999999983369       -5.4174162034910465E-004
  -4.9999999999983302       -5.7625675678180512E-004
  -4.9799999999983235       -6.1046854860091445E-004
  -4.9599999999983169       -6.4428998594836899E-004
  -4.9399999999983102       -6.7765302304674232E-004
  -4.9199999999983035       -7.1051076902165508E-004
  -4.8999999999982968       -7.4283953665086255E-004
  -4.8799999999982901       -7.7464071627775905E-004
  -4.8599999999982835       -8.0594244325026725E-004
  -4.8399999999982768       -8.3680102912528310E-004
  -4.8199999999982701       -8.6730212950031078E-004
  -4.7999999999982634       -8.9756162465945302E-004
  -4.7799999999982568       -9.2772619318815203E-004
  -4.7599999999982501       -9.5797356323041552E-004
  -4.7399999999982434       -9.8851243102716512E-004
  -4.7199999999982367       -1.0195820416605448E-003
  -4.6999999999982300       -1.0514514323998780E-003
  -4.6799999999982234       -1.0844183445586015E-003
  -4.6599999999982167       -1.1188078151815664E-003
  -4.6399999999982100       -1.1549704650529876E-003
  -4.6199999999982033       -1.1932805043114350E-003
  -4.5999999999981966       -1.2341334812695432E-003
  -4.5799999999981900       -1.2779438037597306E-003
  -4.5599999999981833       -1.3251420653975223E-003
  -4.5399999999981766       -1.3761722115080020E-003
  -4.5199999999981699       -1.4314885810896637E-003
  -4.4999999999981632       -1.4915528620823323E-003
  -4.4799999999981566       -1.5568309973975265E-003
  -4.4599999999981499       -1.6277900787062237E-003
  -4.4399999999981432       -1.7048952639306017E-003
  -4.4199999999981365       -1.7886067528408956E-003
  -4.3999999999981299       -1.8793768532069535E-003
  -4.3799999999981232       -1.9776471677022209E-003
  -4.3599999999981165       -2.0838459293091747E-003
  -4.3399999999981098       -2.1983855104228981E-003
  -4.3199999999981031       -2.3216601282869055E-003
  -4.2999999999980965       -2.4540437668972084E-003
  -4.2799999999980898       -2.5958883331312771E-003
  -4.2599999999980831       -2.7475220626434049E-003
  -4.2399999999980764       -2.9092481890309200E-003
  -4.2199999999980697       -3.0813438879147962E-003
  -4.1999999999980631       -3.2640595058756818E-003
  -4.1799999999980564       -3.4576180825959344E-003
  -4.1599999999980497       -3.6622151730367970E-003
  -4.1399999999980430       -3.8780189749494163E-003
  -4.1199999999980363       -4.1051707654260550E-003
  -4.0999999999980297       -4.3437856484619267E-003
  -4.0799999999980230       -4.5939536135604355E-003
  -4.0599999999980163       -4.8557409032200741E-003
  -4.0399999999980096       -5.1291916846508724E-003
  -4.0199999999980029       -5.4143300182614065E-003
  -3.9999999999979963       -5.7111621123371471E-003
  -3.9799999999979896       -6.0196788499220846E-003
  -3.9599999999979829       -6.3398585702701508E-003
  -3.9399999999979762       -6.6716700834241419E-003
  -3.9199999999979696       -7.0150758926084489E-003
  -3.8999999999979629       -7.3700355952992184E-003
  -3.8799999999979562       -7.7365094301963342E-003
  -3.8599999999979495       -8.1144619340058916E-003
  -3.8399999999979428       -8.5038656690892452E-003
  -3.8199999999979362       -8.9047049807911387E-003
  -3.7999999999979295       -9.3169797417464988E-003
  -3.7799999999979228       -9.7407090398058151E-003
  -3.7599999999979161       -1.0175934766491229E-002
  -3.7399999999979094       -1.0622725064168748E-002
  -3.7199999999979028       -1.1081177592423150E-002
  -3.6999999999978961       -1.1551422577438422E-002
  -3.6799999999978894       -1.2033625612480411E-002
  -3.6599999999978827       -1.2527990182763028E-002
  -3.6399999999978760       -1.3034759893936321E-002
  -3.6199999999978694       -1.3554220390016459E-002
  -3.5999999999978627       -1.4086700953600343E-002
  -3.5799999999978560       -1.4632575788477582E-002
  -3.5599999999978493       -1.5192264992042192E-002
  -3.5399999999978427       -1.5766235232007753E-002
  -3.5199999999978360       -1.6355000148600710E-002
  -3.4999999999978293       -1.6959120509452384E-002
  -3.4799999999978226       -1.7579204149615373E-002
  -3.4599999999978159       -1.8215905733333509E-002
  -3.4399999999978093       -1.8869926377244283E-002
  -3.4199999999978026       -1.9542013176482870E-002
  -3.3999999999977959       -2.0232958675615757E-002
  -3.3799999999977892       -2.0943600325431494E-002
  -3.3599999999977825       -2.1674819964364482E-002
  -3.3399999999977759       -2.2427543359774500E-002
  -3.3199999999977692       -2.3202739839545437E-002
  -3.2999999999977625       -2.4001422038606633E-002
  -3.2799999999977558       -2.4824645778181231E-002
  -3.2599999999977491       -2.5673510087983440E-002
  -3.2399999999977425       -2.6549157373409786E-002
  -3.2199999999977358       -2.7452773721181069E-002
  -3.1999999999977291       -2.8385589328082862E-002
  -3.1799999999977224       -2.9348879028606407E-002
  -3.1599999999977157       -3.0343962888569099E-002
  -3.1399999999977091       -3.1372206823362343E-002
  -3.1199999999977024       -3.2435023191455019E-002
  -3.0999999999976957       -3.3533871306289723E-002
  -3.0799999999976890       -3.4670257802844814E-002
  -3.0599999999976824       -3.5845736788951463E-002
  -3.0399999999976757       -3.7061909706025395E-002
  -3.0199999999976690       -3.8320424819220246E-002
  -2.9999999999976623       -3.9622976253171835E-002
  -2.9799999999976556       -4.0971302486503970E-002
  -2.9599999999976490       -4.2367184216137117E-002
  -2.9399999999976423       -4.3812441501211566E-002
  -2.9199999999976356       -4.5308930096157905E-002
  -2.8999999999976289       -4.6858536883182568E-002
  -2.8799999999976222       -4.8463174316262916E-002
  -2.8599999999976156       -5.0124773791772444E-002
  -2.8399999999976089       -5.1845277865196757E-002
  -2.8199999999976022       -5.3626631239205524E-002
  -2.7999999999975955       -5.5470770455752202E-002
  -2.7799999999975888       -5.7379612234060767E-002
  -2.7599999999975822       -5.9355040407473650E-002
  -2.7399999999975755       -6.1398891425345492E-002
  -2.7199999999975688       -6.3512938401597357E-002
  -2.6999999999975621       -6.5698873709318192E-002
  -2.6799999999975554       -6.7958290140981509E-002
  -2.6599999999975488       -7.0292660676455371E-002
  -2.6399999999975421       -7.2703316926007497E-002
  -2.6199999999975354       -7.5191426342833295E-002
  -2.5999999999975287       -7.7757968329104268E-002
  -2.5799999999975221       -8.0403709390919273E-002
  -2.5599999999975154       -8.3129177530497658E-002
  -2.5399999999975087       -8.5934636098131623E-002
  -2.5199999999975020       -8.8820057361312363E-002
  -2.4999999999974953       -9.1785096083556950E-002
  -2.4799999999974887       -9.4829063440207348E-002
  -2.4599999999974820       -9.7950901632182036E-002
  -2.4399999999974753      -0.10114915959071470     
  -2.4199999999974686      -0.10442197019576444     
  -2.3999999999974619      -0.10776702945737722     
  -2.3799999999974553      -0.11118157813207820     
  -2.3599999999974486      -0.11466238626473882     
  -2.3399999999974419      -0.11820574115962022     
  -2.3199999999974352      -0.12180743929187288     
  -2.2999999999974285      -0.12546278267210573     
  -2.2799999999974219      -0.12916658017129398     
  -2.2599999999974152      -0.13291315430082037     
  -2.2399999999974085      -0.13669635392257498     
  -2.2199999999974018      -0.14050957333650202     
  -2.1999999999973952      -0.14434577815763097     
  -2.1799999999973885      -0.14819753835140859     
  -2.1599999999973818      -0.15205706874504438     
  -2.1399999999973751      -0.15591627727369897     
  -2.1199999999973684      -0.15976682115384400     
  -2.0999999999973618      -0.16360017110222139     
  -2.0799999999973551      -0.16740768363784964     
  -2.0599999999973484      -0.17118068141680814     
  -2.0399999999973417      -0.17491054145552426     
  -2.0199999999973350      -0.17858879099844835     
  -1.9999999999973281      -0.18220721068093867     
  -1.9799999999973212      -0.18575794452842062     
  -1.9599999999973143      -0.18923361621922849     
  -1.9399999999973074      -0.19262745092164862     
  -1.9199999999973005      -0.19593340189647745     
  -1.8999999999972936      -0.19914628093579456     
  -1.8799999999972867      -0.20226189158766153     
  -1.8599999999972798      -0.20527716399625801     
  -1.8399999999972729      -0.20819029006876297     
  -1.8199999999972660      -0.21100085756550105     
  -1.7999999999972591      -0.21370998159991259     
  -1.7799999999972522      -0.21632043193142142     
  -1.7599999999972453      -0.21883675433891731     
  -1.7399999999972384      -0.22126538427715958     
  -1.7199999999972315      -0.22361475094480290     
  -1.6999999999972246      -0.22589536983290362     
  -1.6799999999972177      -0.22811992177865881     
  -1.6599999999972108      -0.23030331652274233     
  -1.6399999999972039      -0.23246273876196891     
  -1.6199999999971970      -0.23461767470398689     
  -1.5999999999971901      -0.23678991716921680     
  -1.5799999999971832      -0.23900354734895096     
  -1.5599999999971763      -0.24128489141902076     
  -1.5399999999971694      -0.24366245032704725     
  -1.5199999999971625      -0.24616680121912579     
  -1.4999999999971556      -0.24883046914967083     
  -1.4799999999971487      -0.25168776792655079     
  -1.4599999999971418      -0.25477460918273692     
  -1.4399999999971349      -0.25812827903516122     
  -1.4199999999971280      -0.26178718199074996     
  -1.3999999999971211      -0.26579055208744495     
  -1.3799999999971142      -0.27017813161300613     
  -1.3599999999971073      -0.27498981812434031     
  -1.3399999999971004      -0.28026528089259350     
  -1.3199999999970935      -0.28604354832121670     
  -1.2999999999970866      -0.29236256832218749     
  -1.2799999999970797      -0.29925874408554021     
  -1.2599999999970728      -0.30676644813492376     
  -1.2399999999970659      -0.31491751802208046     
  -1.2199999999970590      -0.32374073747066173     
  -1.1999999999970521      -0.33326130722883374     
  -1.1799999999970452      -0.34350031032463146     
  -1.1599999999970383      -0.35447417683143678     
  -1.1399999999970314      -0.36619415363664087     
  -1.1199999999970245      -0.37866578505743193     
  -1.0999999999970176      -0.39188841045665135     
  -1.0799999999970107      -0.40585468527154983     
  -1.0599999999970038      -0.42055013207180503     
  -1.0399999999969969      -0.43595272840325461     
  -1.0199999999969900      -0.45203253824353340     
 -0.99999999999698319      -0.46875139388860665     
 -0.97999999999697640      -0.48606263499897251     
 -0.95999999999696961      -0.50391091135559907     
 -0.93999999999696282      -0.52223205560366059     
 -0.91999999999695603      -0.54095303189313204     
 -0.89999999999694924      -0.55999196585647226     
 -0.87999999999694245      -0.57925826079349552     
 -0.85999999999693566      -0.59865280426198275     
 -0.83999999999692887      -0.61806826850105223     
 -0.81999999999692208      -0.63738950724579801     
 -0.79999999999691529      -0.65649405053120458     
 -0.77999999999690850      -0.67525269803739985     
 -0.75999999999690171      -0.69353021040574947     
 -0.73999999999689492      -0.71118609676655442     
 -0.71999999999688813      -0.72807549547682360     
 -0.69999999999688134      -0.74405014378511813     
 -0.67999999999687455      -0.75895943083592077     
 -0.65999999999686776      -0.77265152711630969     
 -0.63999999999686097      -0.78497458215187121     
 -0.61999999999685418      -0.79577798099741592     
 -0.59999999999684739      -0.80491364886212480     
 -0.57999999999684060      -0.81223739208014201     
 -0.55999999999683381      -0.81761026260820457     
 -0.53999999999682702      -0.82089993232314296     
 -0.51999999999682023      -0.82198206262498807     
 -0.49999999999681344      -0.82074165424556045     
 -0.47999999999680665      -0.81707436173587700     
 -0.45999999999679986      -0.81088775687438153     
 -0.43999999999679307      -0.80210252521528702     
 -0.41999999999678628      -0.79065358019261256     
 -0.39999999999677949      -0.77649107961790653     
 -0.37999999999677270      -0.75958133006156681     
 -0.35999999999676591      -0.73990756548874081     
 -0.33999999999675912      -0.71747058762632432     
 -0.31999999999675233      -0.69228925685897968     
 -0.29999999999674554      -0.66440082397637079     
 -0.27999999999673875      -0.63386109480396846     
 -0.25999999999673196      -0.60074442162477670     
 -0.23999999999672514      -0.56514351731467549     
 -0.21999999999671832      -0.52716909024164693     
 -0.19999999999671150      -0.48694930018824129     
 -0.17999999999670468      -0.44462903781414054     
 -0.15999999999669787      -0.40036903244657202     
 -0.13999999999669105      -0.35434479523472939     
 -0.11999999999668425      -0.30674540689382057     
  -9.9999999996677441E-002 -0.25777216135880010     
  -7.9999999996670637E-002 -0.20763707863214581     
  -5.9999999996663833E-002 -0.15656130191090128     
  -3.9999999996657029E-002 -0.10477339568470682     
  -1.9999999996650222E-002  -5.2507562880814151E-002
   3.3565858426065631E-012  -1.8002700123491864E-006
   2.0000000003363393E-002   5.2503987781086003E-002
   4.0000000003370201E-002  0.10476989653615466     
   6.0000000003377005E-002  0.15655792812084557     
   8.0000000003383809E-002  0.20763387778715794     
  0.10000000000339061       0.25776917853498144     
  0.12000000000339742       0.30674268400491939     
  0.14000000000340423       0.35434237042787065     
  0.16000000000341105       0.40036693955462227     
  0.18000000000341787       0.44462730587282567     
  0.20000000000342469       0.48694795302512650     
  0.22000000000343151       0.52716814614294383     
  0.24000000000343832       0.56514298877463387     
  0.26000000000344514       0.60074431518112492     
  0.28000000000345193       0.63386141096153292     
  0.30000000000345872       0.66440155721962191     
  0.32000000000346551       0.69229039575292639     
  0.34000000000347230       0.71747211500379560     
  0.36000000000347909       0.73990945872078329     
  0.38000000000348588       0.75958356140648176     
  0.40000000000349267       0.77649361664323790     
  0.42000000000349946       0.79065638626335044     
  0.44000000000350625       0.80210556004059819     
  0.46000000000351304       0.81089097710435920     
  0.48000000000351983       0.81707772159909331     
  0.50000000000352662       0.82074510621770236     
  0.52000000000353341       0.82198555811845764     
  0.54000000000354020       0.82090342238728653     
  0.56000000000354699       0.81761369862977584     
  0.58000000000355378       0.81224072647371792     
  0.60000000000356057       0.80491683574042994     
  0.62000000000356736       0.79578097681194360     
  0.64000000000357415       0.78497734629470217     
  0.66000000000358094       0.77265402247474979     
  0.68000000000358773       0.75896162429233227     
  0.70000000000359452       0.74405200665525328     
  0.72000000000360131       0.72807700388093488     
  0.74000000000360810       0.71118723192861388     
  0.76000000000361490       0.69353095887723915     
  0.78000000000362169       0.67525305184326057     
  0.80000000000362848       0.65649400723671458     
  0.82000000000363527       0.63738906994430777     
  0.84000000000364206       0.61806744572365779     
  0.86000000000364885       0.59865160981132892     
  0.88000000000365564       0.57925671350497188     
  0.90000000000366243       0.55999008929106386     
  0.92000000000366922       0.54095085396709319     
  0.94000000000367601       0.52222960816105002     
  0.96000000000368280       0.50390822969038507     
  0.98000000000368959       0.48605975733410756     
   1.0000000000036964       0.46874836081992216     
   1.0200000000037033       0.45202939215671034     
   1.0400000000037102       0.43594951287238365     
   1.0600000000037171       0.42054689124819095     
   1.0800000000037240       0.40585146327140242     
   1.1000000000037309       0.39188525075621516     
   1.1200000000037378       0.37866272990386229     
   1.1400000000037447       0.36619124348258636     
   1.1600000000037516       0.35447144980084816     
   1.1800000000037585       0.34349780171675770     
   1.2000000000037654       0.33325904906673692     
   1.2200000000037723       0.32373875809986619     
   1.2400000000037792       0.31491584176420173     
   1.2600000000037861       0.30676509500027072     
   1.2800000000037930       0.29925772954783902     
   1.3000000000037999       0.29236190315765170     
   1.3200000000038068       0.28604323851328672     
   1.3400000000038137       0.28026532760274164     
   1.3600000000038206       0.27499021772843768     
   1.3800000000038275       0.27017887580185440     
   1.4000000000038344       0.26579162802923656     
   1.4200000000038413       0.26178857255240467     
   1.4400000000038482       0.25812996305873909     
   1.4600000000038551       0.25477656181244751     
   1.4800000000038620       0.25168996098126134     
   1.5000000000038689       0.24883287153527381     
   1.5200000000038758       0.24616937937469857     
   1.5400000000038827       0.24366516869834917     
   1.5600000000038896       0.24128771295263185     
   1.5800000000038965       0.23900643400016339     
   1.6000000000039034       0.23679283041672752     
   1.6200000000039103       0.23462057606444509     
   1.6400000000039172       0.23246559029755029     
   1.6600000000039241       0.23030608133511180     
   1.6800000000039310       0.22812256448297344     
   1.7000000000039379       0.22589785700586507     
   1.7200000000039448       0.22361705154120265     
   1.7400000000039517       0.22126747000987201     
   1.7600000000039586       0.21883860001784081     
   1.7800000000039655       0.21632201575749174     
   1.8000000000039724       0.21371128541095266     
   1.8200000000039793       0.21100186703136151     
   1.8400000000039862       0.20819099483390555     
   1.8600000000039931       0.20527755776865761     
   1.8800000000040000       0.20226197217361541     
   1.9000000000040069       0.19914605022094364     
   1.9200000000040138       0.19593286577404481     
   1.9400000000040207       0.19262661916956267     
   1.9600000000040276       0.18923250232845021     
   1.9800000000040345       0.18575656548538247     
   2.0000000000040412       0.18220558670756065     
   2.0200000000040479       0.17858694525368757     
   2.0400000000040546       0.17490849970285871     
   2.0600000000040612       0.17117847166242381     
   2.0800000000040679       0.16740533574460301     
   2.1000000000040746       0.16359771638469586     
   2.1200000000040813       0.15976429195996619     
   2.1400000000040880       0.15591370655848377     
   2.1600000000040946       0.15205448964204599     
   2.1800000000041013       0.14819498374740428     
   2.2000000000041080       0.14434328027593696     
   2.2200000000041147       0.14050716333412999     
   2.2400000000041214       0.13669406150618110     
   2.2600000000041280       0.13291100736608266     
   2.2800000000041347       0.12916460446999256     
   2.3000000000041414       0.12546100151074849     
   2.3200000000041481       0.12180587326526726     
   2.3400000000041548       0.11820440792228121     
   2.3600000000041614       0.11466130034250718     
   2.3800000000041681       0.11118075077577791     
   2.4000000000041748       0.10776646853977138     
   2.4200000000041815       0.10442168015251285     
   2.4400000000041882       0.10114914140546227     
   2.4600000000041948        9.7951152865347738E-002
   2.4800000000042015        9.4829578300499276E-002
   2.5000000000042082        9.1785865540714731E-002
   2.5200000000042149        8.8821069298076982E-002
   2.5400000000042215        8.5935875498985445E-002
   2.5600000000042282        8.3130626704282715E-002
   2.5800000000042349        8.0405348224068196E-002
   2.6000000000042416        7.7759774565874060E-002
   2.6200000000042483        7.5193375888653602E-002
   2.6400000000042549        7.2705384169823223E-002
   2.6600000000042616        7.0294818827759967E-002
   2.6800000000042683        6.7960511577130969E-002
   2.7000000000042750        6.5701130328639959E-002
   2.7200000000042817        6.3515201977815169E-002
   2.7400000000042883        6.1401133958885280E-002
   2.7600000000042950        5.9357234469323429E-002
   2.7800000000043017        5.7381731298017949E-002
   2.8000000000043084        5.5472789215097622E-002
   2.8200000000043151        5.3628525904096655E-002
   2.8400000000043217        5.1847026437372788E-002
   2.8600000000043284        5.0126356313492090E-002
   2.8800000000043351        4.8464573090767370E-002
   2.9000000000043418        4.6859736664367276E-002
   2.9200000000043485        4.5309918245556129E-002
   2.9400000000043551        4.3813208110823128E-002
   2.9600000000043618        4.2367722196083889E-002
   2.9800000000043685        4.0971607616939847E-002
   3.0000000000043752        3.9623047200328304E-002
   3.0200000000043818        3.8320263115908727E-002
   3.0400000000043885        3.7061519697352045E-002
   3.0600000000043952        3.5845125544416115E-002
   3.0800000000044019        3.4669434996387867E-002
   3.1000000000044086        3.3532849066222226E-002
   3.1200000000044152        3.2433815922544726E-002
   3.1400000000044219        3.1370831003652566E-002
   3.1600000000044286        3.0342436843777555E-002
   3.1800000000044353        2.9347222687179798E-002
   3.2000000000044420        2.8383823960168107E-002
   3.2200000000044486        2.7450921664923047E-002
   3.2400000000044553        2.6547241752081299E-002
   3.2600000000044620        2.5671554521512135E-002
   3.2800000000044687        2.4822674092649145E-002
   3.3000000000044754        2.3999457977264622E-002
   3.3200000000044820        2.3200806778811329E-002
   3.3400000000044887        2.2425664033568972E-002
   3.3600000000044954        2.1673016199982100E-002
   3.3800000000045021        2.0941892793956279E-002
   3.4000000000045087        2.0231366659665628E-002
   3.4200000000045154        1.9540554357814849E-002
   3.4400000000045221        1.8868616646471301E-002
   3.4600000000045288        1.8214759023703345E-002
   3.4800000000045355        1.7578232296479705E-002
   3.5000000000045421        1.6958333136720825E-002
   3.5200000000045488        1.6354404583129093E-002
   3.5400000000045555        1.5765836446520839E-002
   3.5600000000045622        1.5192065576838814E-002
   3.5800000000045689        1.4632575951817696E-002
   3.6000000000045755        1.4086898550334312E-002
   3.6200000000045822        1.3554610977683719E-002
   3.6400000000045889        1.3035336815249245E-002
   3.6600000000045956        1.2528744673091341E-002
   3.6800000000046023        1.2034546930680311E-002
   3.7000000000046089        1.1552498158116606E-002
   3.7200000000046156        1.1082393217505487E-002
   3.7400000000046223        1.0624065051447570E-002
   3.7600000000046290        1.0177382172663188E-002
   3.7800000000046357        9.7422458753810975E-003
   3.8000000000046423        9.3185871951142040E-003
   3.8200000000046490        8.9063636486613716E-003
   3.8400000000046557        8.5055557905046597E-003
   3.8600000000046624        8.1161636251195161E-003
   3.8800000000046690        7.7382029170513216E-003
   3.9000000000046757        7.3717014419150562E-003
   3.9200000000046824        7.0166952217808210E-003
   3.9400000000046891        6.6732247877732765E-003
   3.9600000000046958        6.3413315112296085E-003
   3.9800000000047024        6.0210540425410979E-003
   4.0000000000047091        5.7124248939716092E-003
   4.0200000000047158        5.4154671994500617E-003
   4.0400000000047225        5.1301916807107396E-003
   4.0600000000047292        4.8565938453456218E-003
   4.0800000000047358        4.5946514384708897E-003
   4.1000000000047425        4.3443221659071685E-003
   4.1200000000047492        4.1055417031306413E-003
   4.1400000000047559        3.8782220008449259E-003
   4.1600000000047626        3.6622498948967364E-003
   4.1800000000047692        3.4574860254485695E-003
   4.2000000000047759        3.2637640678198727E-003
   4.2200000000047826        3.0808902752026452E-003
   4.2400000000047893        2.9086433315040662E-003
   4.2600000000047960        2.7467745108183585E-003
   4.2800000000048026        2.5950081384148345E-003
   4.3000000000048093        2.4530423465830035E-003
   4.3200000000048160        2.3205501171267317E-003
   4.3400000000048227        2.1971806006898468E-003
   4.3600000000048293        2.0825607013657326E-003
   4.3800000000048360        1.9762969131587103E-003
   4.4000000000048427        1.8779773928034506E-003
   4.4200000000048494        1.7871742512058689E-003
   4.4400000000048561        1.7034460433669768E-003
   4.4600000000048627        1.6263404341271802E-003
   4.4800000000048694        1.5553970144823492E-003
   4.5000000000048761        1.4901502406485085E-003
   4.5200000000048828        1.4301324655821394E-003
   4.5400000000048895        1.3748770303903602E-003
   4.5600000000048961        1.3239213810970448E-003
   4.5800000000049028        1.2768101746691268E-003
   4.6000000000049095        1.2330983371436608E-003
   4.6200000000049162        1.1923540362227332E-003
   4.6400000000049229        1.1541615308837312E-003
   4.6600000000049295        1.1181238614387866E-003
   4.6800000000049362        1.0838653450992240E-003
   4.7000000000049429        1.0510338444544782E-003
   4.7200000000049496        1.0193027793420966E-003
   4.7400000000049562        9.8837285631362911E-004
   4.7600000000049629        9.5797349421360741E-004
   4.7800000000049696        9.2786392919491309E-004
   4.8000000000049763        8.9783398766850612E-004
   4.8200000000049830        8.6770452110970548E-004
   4.8400000000049896        8.3732750216543577E-004
   4.8600000000049963        8.0658578699341951E-004
   4.8800000000050030        7.7539255406309984E-004
   4.9000000000050097        7.4369043463004146E-004
   4.9200000000050164        7.1145035463191658E-004
   4.9400000000050230        6.7867011173727420E-004
   4.9600000000050297        6.4537271462339980E-004
   4.9800000000050364        6.1160451419941381E-004
   5.0000000000050431        5.7743315838676586E-004
   5.0200000000050498        5.4294540321251771E-004
   5.0400000000050564        5.0824481336837421E-004
   5.0600000000050631        4.7344938508435451E-004
   5.0800000000050698        4.3868912321644472E-004
   5.1000000000050765        4.0410360293177948E-004
   5.1200000000050832        3.6983954439150416E-004
   5.1400000000050898        3.3604842647655273E-004
   5.1600000000050965        3.0288416299284276E-004
   5.1800000000051032        2.7050086203766859E-004
   5.2000000000051099        2.3905068641171570E-004
   5.2200000000051165        2.0868183022424995E-004
   5.2400000000051232        1.7953662424476308E-004
   5.2600000000051299        1.5174978017046649E-004
   5.2800000000051366        1.2544678186242260E-004
   5.3000000000051433        1.0074242977946784E-004
   5.3200000000051499        7.7739543324498940E-005
   5.3400000000051566        5.6527824604995312E-005
   5.3600000000051633        3.7182886169266830E-005
   5.3800000000051700        1.9765444578890769E-005
   5.4000000000051767        4.3206811557882221E-006
   5.4200000000051833       -9.1222291586325640E-006
   5.4400000000051900       -2.0550420240580993E-005
   5.4600000000051967       -2.9967468287432485E-005
   5.4800000000052034       -3.7393356596902796E-005
   5.5000000000052101       -4.2864272405083938E-005
   5.5200000000052167       -4.6432237323933209E-005
   5.5400000000052234       -4.8164573890322147E-005
   5.5600000000052301       -4.8143211946472373E-005
   5.5800000000052368       -4.6463840010660049E-005
   5.6000000000052435       -4.3234908461315336E-005
   5.6200000000052501       -3.8576493204065246E-005
   5.6400000000052568       -3.2619030481621602E-005
   5.6600000000052635       -2.5501935555312083E-005
   5.6800000000052702       -1.7372120064495061E-005
   5.7000000000052768       -8.3824248787815889E-006
   5.7200000000052835        1.3100128840621109E-006
   5.7400000000052902        1.1545438374950949E-005
   5.7600000000052969        2.2163181447206619E-005
   5.7800000000053036        3.3003360446645651E-005
   5.8000000000053102        4.3908564288584128E-005
   5.8200000000053169        5.4725489719079608E-005
   5.8400000000053236        6.5306511125735230E-005
   5.8600000000053303        7.5511161241521860E-005
   5.8800000000053370        8.5207502560320317E-005
   5.9000000000053436        9.4273371229805844E-005
   5.9200000000053503        1.0259747755144326E-004
   5.9400000000053570        1.1008034994496893E-004
   5.9600000000053637        1.1663511223974950E-004
   5.9800000000053704        1.2218808735785927E-004
   6.0000000000053770        1.2667922375606664E-004
   6.0200000000053837        1.3006234429886553E-004
   6.0400000000053904        1.3230522044844760E-004
   6.0600000000053971        1.3338947768499061E-004
   6.0800000000054037        1.3331034082909076E-004
   6.1000000000054104        1.3207623035718974E-004
   6.1200000000054171        1.2970822281755228E-004
   6.1400000000054238        1.2623939003191030E-004
   6.1600000000054305        1.2171403287619861E-004
   6.1800000000054371        1.1618682606941470E-004
   6.2000000000054438        1.0972189057347495E-004
   6.2200000000054505        1.0239180994507507E-004
   6.2400000000054572        9.4276606326214405E-005
   6.2600000000054639        8.5462690774543837E-005
   6.2800000000054705        7.6041801374620430E-005
   6.3000000000054772        6.6109941119407015E-005
   6.3200000000054839        5.5766325979420006E-005
   6.3400000000054906        4.5112351962621846E-005
   6.3600000000054973        3.4250588385388310E-005
   6.3800000000055039        2.3283803092670897E-005
   6.4000000000055106        1.2314024036829175E-005
   6.4200000000055173        1.4416405022143680E-006
   6.4400000000055240       -9.2354536262942347E-006
   6.4600000000055307       -1.9622672785393239E-005
   6.4800000000055373       -2.9629507455523376E-005
   6.5000000000055440       -3.9170245418990346E-005
   6.5200000000055507       -4.8164645192950012E-005
   6.5400000000055574       -5.6538559990333943E-005
   6.5600000000055640       -6.4224510133904954E-005
   6.5800000000055707       -7.1162201331944410E-005
   6.6000000000055774       -7.7298985673395610E-005
   6.6200000000055841       -8.2590261679040789E-005
   6.6400000000055908       -8.6999809305341911E-005
   6.6600000000055974       -9.0500055496627656E-005
   6.6800000000056041       -9.3072265760544396E-005
   6.7000000000056108       -9.4706657342246266E-005
   6.7200000000056175       -9.5402429914144356E-005
   6.7400000000056242       -9.5167710298019206E-005
   6.7600000000056308       -9.4019408589952219E-005
   6.7800000000056375       -9.1982984155349759E-005
   6.8000000000056442       -8.9092121271625913E-005
   6.8200000000056509       -8.5388315684357903E-005
   6.8400000000056576       -8.0920374959575451E-005
   6.8600000000056642       -7.5743837204420600E-005
   6.8800000000056709       -6.9920314430119862E-005
   6.9000000000056776       -6.3516768482191300E-005
   6.9200000000056843       -5.6604728997228518E-005
   6.9400000000056909       -4.9259464206134731E-005
   6.9600000000056976       -4.1559116533839483E-005
   6.9800000000057043       -3.3583815798263341E-005
   7.0000000000057110       -2.5414783352681042E-005
   7.0200000000057177       -1.7133440717364231E-005
   7.0400000000057243       -8.8205360999657119E-006
   7.0600000000057310       -5.5530170851716693E-007
   7.0800000000057377        7.5853460685278335E-006
   7.1000000000057444        1.5527552676190612E-005
   7.1200000000057511        2.3201208065300154E-005
   7.1400000000057577        3.0540558110827053E-005
   7.1600000000057644        3.7484738649444902E-005
   7.1800000000057711        4.3978227896287587E-005
   7.2000000000057778        4.9971214924991188E-005
   7.2200000000057845        5.5419883789557650E-005
   7.2400000000057911        6.0286614671575993E-005
   7.2600000000057978        6.4540105091993134E-005
   7.2800000000058045        6.8155415683199925E-005
   7.3000000000058112        7.1113946235049105E-005
   7.3200000000058179        7.3403348672241201E-005
   7.3400000000058245        7.5017384277104471E-005
   7.3600000000058312        7.5955732828761704E-005
   7.3800000000058379        7.6223761394582018E-005
   7.4000000000058446        7.5832260300174239E-005
   7.4200000000058512        7.4797153344957631E-005
   7.4400000000058579        7.3139188660253969E-005
   7.4600000000058646        7.0883615769110417E-005
   7.4800000000058713        6.8059853451673096E-005
   7.5000000000058780        6.4701151998665379E-005
   7.5200000000058846        6.0844252402922797E-005
   7.5400000000058913        5.6529044045911111E-005
   7.5600000000058980        5.1798221531754300E-005
   7.5800000000059047        4.6696940545552054E-005
   7.6000000000059114        4.1272472004153624E-005
   7.6200000000059180        3.5573853347414703E-005
   7.6400000000059247        2.9651535605584137E-005
   7.6600000000059314        2.3557024877406675E-005
   7.6800000000059381        1.7342517059555614E-005
   7.7000000000059448        1.1060525066334923E-005
   7.7200000000059514        4.7634983437009221E-006
   7.7400000000059581       -1.4965648162498489E-006
   7.7600000000059648       -7.6685108561264967E-006
   7.7800000000059715       -1.3702428272728613E-005
   7.8000000000059782       -1.9550045657286804E-005
   7.8200000000059848       -2.5165126616028762E-005
   7.8400000000059915       -3.0503856989674276E-005
   7.8600000000059982       -3.5525219173630453E-005
   7.8800000000060049       -4.0191347882342333E-005
   7.9000000000060115       -4.4467861431515502E-005
   7.9200000000060182       -4.8324162549530483E-005
   7.9400000000060249       -5.1733702888548757E-005
   7.9600000000060316       -5.4674205785245986E-005
   7.9800000000060383       -5.7127842416651089E-005
   8.0000000000060449       -5.9081357288947613E-005
   8.0200000000060516       -6.0526139962439814E-005
   8.0400000000060583       -6.1458241021630747E-005
   8.0600000000060650       -6.1878331505435468E-005
   8.0800000000060717       -6.1791606278589878E-005
   8.1000000000060783       -6.1207633103042050E-005
   8.1200000000060850       -6.0140150413314992E-005
   8.1400000000060917       -5.8606817966428790E-005
   8.1600000000060984       -5.6628925583959982E-005
   8.1800000000061051       -5.4231066092987369E-005
   8.2000000000061117       -5.1440779273940687E-005
   8.2200000000061184       -4.8288174113122075E-005
   8.2400000000061251       -4.4805536920291290E-005
   8.2600000000061318       -4.1026932901010352E-005
   8.2800000000061384       -3.6987808572399936E-005
   8.3000000000061451       -3.2724601990560706E-005
   8.3200000000061518       -2.8274367137843040E-005
   8.3400000000061585       -2.3674418025493439E-005
   8.3600000000061652       -1.8961997135428436E-005
   8.3800000000061718       -1.4173971790684495E-005
   8.4000000000061785       -9.3465609502031257E-006
   8.4200000000061852       -4.5150938109759501E-006
   8.4400000000061919        2.8619948786812465E-007
   8.4600000000061986        5.0243657879894008E-006
   8.4800000000062052        9.6678771139543170E-006
   8.5000000000062119        1.4186751595851705E-005
   8.5200000000062186        1.8552650185194443E-005
   8.5400000000062253        2.2738952689688187E-005
   8.5600000000062320        2.6720816918071382E-005
   8.5800000000062386        3.0475224799067530E-005
   8.6000000000062453        3.3981019225458145E-005
   8.6200000000062520        3.7218935086402571E-005
   8.6400000000062587        4.0171627508694982E-005
   8.6600000000062654        4.2823699755075227E-005
   8.6800000000062720        4.5161732555939395E-005
   8.7000000000062787        4.7174315913072916E-005
   8.7200000000062854        4.8852083646075518E-005
   8.7400000000062921        5.0187750190319105E-005
   8.7600000000062987        5.1176148435013568E-005
   8.7800000000063054        5.1814266743584783E-005
   8.8000000000063121        5.2101282756322569E-005
   8.8200000000063188        5.2038591160067870E-005
   8.8400000000063255        5.1629822341555551E-005
   8.8600000000063321        5.0880848730842436E-005
   8.8800000000063388        4.9799775694588242E-005
   8.9000000000063455        4.8396914054528223E-005
   8.9200000000063522        4.6684731674571363E-005
   8.9400000000063589        4.4677782066610710E-005
   8.9600000000063655        4.2392608588944285E-005
   8.9800000000063722        3.9847623526934965E-005
   9.0000000000063789        3.7062962124227136E-005
   9.0200000000063856        3.4060312442330020E-005
   9.0400000000063923        3.0862722734509579E-005
   9.0600000000063989        2.7494388793725884E-005
   9.0800000000064056        2.3980424442872187E-005
   9.1000000000064123        2.0346618950641409E-005
   9.1200000000064190        1.6619185652877936E-005
   9.1400000000064257        1.2824506418413539E-005
   9.1600000000064323        8.9888768051520933E-006
   9.1800000000064390        5.1382567985120693E-006
   9.2000000000064457        1.2980319087271177E-006
   9.2200000000064524       -2.5072108705550710E-006
   9.2400000000064590       -6.2538881610130046E-006
   9.2600000000064657       -9.9196028278147754E-006
   9.2800000000064724       -1.3483301272872299E-005
   9.3000000000064791       -1.6925403279258462E-005
   9.3200000000064858       -2.0227903100774093E-005
   9.3400000000064924       -2.3374441327652815E-005
   9.3600000000064991       -2.6350347894004813E-005
   9.3800000000065058       -2.9142657395805473E-005
   9.4000000000065125       -3.1740098630606853E-005
   9.4200000000065192       -3.4133060927100645E-005
   9.4400000000065258       -3.6313540381133872E-005
   9.4600000000065325       -3.8275069537778769E-005
   9.4800000000065392       -4.0012634343538325E-005
   9.5000000000065459       -4.1522582331759006E-005
   9.5200000000065526       -4.2802525995758025E-005
   9.5400000000065592       -4.3851245152678835E-005
   9.5600000000065659       -4.4668591815141862E-005
   9.5800000000065726       -4.5255400682198418E-005
   9.6000000000065793       -4.5613407853989228E-005
   9.6200000000065859       -4.5745179787800089E-005
   9.6400000000065926       -4.5654053871628946E-005
   9.6600000000065993       -4.5344091320776534E-005
   9.6800000000066060       -4.4820042430263073E-005
   9.7000000000066127       -4.4087323567212710E-005
   9.7200000000066193       -4.3152004687664031E-005
   9.7400000000066260       -4.2020805633977174E-005
   9.7600000000066327       -4.0701099031261018E-005
   9.7800000000066394       -3.9200917270015319E-005
   9.8000000000066461       -3.7528960847677543E-005
   9.8200000000066527       -3.5694605251342115E-005
   9.8400000000066594       -3.3707903598112120E-005
   9.8600000000066661       -3.1579582405742120E-005
   9.8800000000066728       -2.9321028135884518E-005
   9.9000000000066795       -2.6944262523376442E-005
   9.9200000000066861       -2.4461905161549858E-005
   9.9400000000066928       -2.1887122336467365E-005
   9.9600000000066995       -1.9233561670974769E-005
   9.9800000000067062       -1.6515272729809257E-005
