  -10.000000000000000        1.2732790085425704E-013
  -9.9799999999999933        1.4095778965015126E-013
  -9.9599999999999866        1.5599162545842040E-013
  -9.9399999999999800        1.7256808159500317E-013
  -9.9199999999999733        1.9083890418130128E-013
  -9.8999999999999666        2.1097008062114291E-013
  -9.8799999999999599        2.3314310615903662E-013
  -9.8599999999999532        2.5755635613674031E-013
  -9.8399999999999466        2.8442657209851453E-013
  -9.8199999999999399        3.1399047046075261E-013
  -9.7999999999999332        3.4650648306023998E-013
  -9.7799999999999265        3.8225663952868545E-013
  -9.7599999999999199        4.2154860211075672E-013
  -9.7399999999999132        4.6471786424989316E-013
  -9.7199999999999065        5.1213012501241915E-013
  -9.6999999999998998        5.6418385220692446E-013
  -9.6799999999998931        6.2131304788417746E-013
  -9.6599999999998865        6.8399023077424708E-013
  -9.6399999999998798        7.5272965113300516E-013
  -9.6199999999998731        8.2809075443159669E-013
  -9.5999999999998664        9.1068191133005461E-013
  -9.5799999999998597        1.0011644324318172E-012
  -9.5599999999998531        1.1002568874197857E-012
  -9.5399999999998464        1.2087397493278697E-012
  -9.5199999999998397        1.3274603859048015E-012
  -9.4999999999998330        1.4573384212805479E-012
  -9.4799999999998263        1.5993714924490363E-012
  -9.4599999999998197        1.7546414264349511E-012
  -9.4399999999998130        1.9243208654162965E-012
  -9.4199999999998063        2.1096803685273624E-012
  -9.3999999999997996        2.3120960205683818E-012
  -9.3799999999997929        2.5330575793959826E-012
  -9.3599999999997863        2.7741771953619137E-012
  -9.3399999999997796        3.0371987378030822E-012
  -9.3199999999997729        3.3240077652613579E-012
  -9.2999999999997662        3.6366421778230069E-012
  -9.2799999999997596        3.9773035917115829E-012
  -9.2599999999997529        4.3483694780389053E-012
  -9.2399999999997462        4.7524061094111974E-012
  -9.2199999999997395        5.1921823598950285E-012
  -9.1999999999997328        5.6706844056637605E-012
  -9.1799999999997262        6.1911313754593539E-012
  -9.1599999999997195        6.7569920018093419E-012
  -9.1399999999997128        7.3720023257226467E-012
  -9.1199999999997061        8.0401845093392411E-012
  -9.0999999999996994        8.7658668127135732E-012
  -9.0799999999996928        9.5537047925561774E-012
  -9.0599999999996861        1.0408703782324256E-011
  -9.0399999999996794        1.1336242714525355E-011
  -9.0199999999996727        1.2342099347452912E-011
  -8.9999999999996660        1.3432476959793621E-011
  -8.9799999999996594        1.4614032577603552E-011
  -8.9599999999996527        1.5893906799023306E-011
  -8.9399999999996460        1.7279755282754678E-011
  -8.9199999999996393        1.8779781966735376E-011
  -8.8999999999996326        2.0402774083570177E-011
  -8.8799999999996260        2.2158139039093586E-011
  -8.8599999999996193        2.4055943219891461E-011
  -8.8399999999996126        2.6106952794662681E-011
  -8.8199999999996059        2.8322676572916219E-011
  -8.7999999999995993        3.0715410982608552E-011
  -8.7799999999995926        3.3298287225897284E-011
  -8.7599999999995859        3.6085320669145877E-011
  -8.7399999999995792        3.9091462519607313E-011
  -8.7199999999995725        4.2332653836783718E-011
  -8.6999999999995659        4.5825881921206348E-011
  -8.6799999999995592        4.9589239117277480E-011
  -8.6599999999995525        5.3641984059732815E-011
  -8.6399999999995458        5.8004605385172545E-011
  -8.6199999999995391        6.2698887920863545E-011
  -8.5999999999995325        6.7747981352546487E-011
  -8.5799999999995258        7.3176471361179650E-011
  -8.5599999999995191        7.9010453205323757E-011
  -8.5399999999995124        8.5277607711099795E-011
  -8.5199999999995057        9.2007279615195108E-011
  -8.4999999999994991        9.9230558188182764E-011
  -8.4799999999994924        1.0698036004525047E-010
  -8.4599999999994857        1.1529151402922844E-010
  -8.4399999999994790        1.2420084802639760E-010
  -8.4199999999994724        1.3374727754877457E-010
  -8.3999999999994657        1.4397189588730176E-010
  -8.3799999999994590        1.5491806560838786E-010
  -8.3599999999994523        1.6663151113145391E-010
  -8.3399999999994456        1.7916041208726819E-010
  -8.3199999999994390        1.9255549711580804E-010
  -8.2999999999994323        2.0687013771791605E-010
  -8.2799999999994256        2.2216044172692379E-010
  -8.2599999999994189        2.3848534591452160E-010
  -8.2399999999994122        2.5590670718925338E-010
  -8.2199999999994056        2.7448939178578706E-010
  -8.1999999999993989        2.9430136177851852E-010
  -8.1799999999993922        3.1541375818368074E-010
  -8.1599999999993855        3.3790097983984430E-010
  -8.1399999999993788        3.6184075717722505E-010
  -8.1199999999993722        3.8731421990131013E-010
  -8.0999999999993655        4.1440595752572279E-010
  -8.0799999999993588        4.4320407159277563E-010
  -8.0599999999993521        4.7380021831739625E-010
  -8.0399999999993454        5.0628964028108204E-010
  -8.0199999999993388        5.4077118568662494E-010
  -7.9999999999993321        5.7734731356156860E-010
  -7.9799999999993254        6.1612408316846004E-010
  -7.9599999999993187        6.5721112574236564E-010
  -7.9399999999993121        7.0072159653105166E-010
  -7.9199999999993054        7.4677210496009605E-010
  -7.8999999999992987        7.9548262058379069E-010
  -7.8799999999992920        8.4697635231307635E-010
  -7.8599999999992853        9.0137959823328730E-010
  -7.8399999999992787        9.5882156313722343E-010
  -7.8199999999992720        1.0194341407028695E-009
  -7.7999999999992653        1.0833516570394922E-009
  -7.7799999999992586        1.1507105721109843E-009
  -7.7599999999992519        1.2216491353209244E-009
  -7.7399999999992453        1.2963069913097301E-009
  -7.7199999999992386        1.3748247317704922E-009
  -7.6999999999992319        1.4573433888365548E-009
  -7.6799999999992252        1.5440038653303340E-009
  -7.6599999999992185        1.6349462968898366E-009
  -7.6399999999992119        1.7303093407060522E-009
  -7.6199999999992052        1.8302293853118645E-009
  -7.5999999999991985        1.9348396755605929E-009
  -7.5799999999991918        2.0442693466206961E-009
  -7.5599999999991851        2.1586423604919165E-009
  -7.5399999999991785        2.2780763382186966E-009
  -7.5199999999991718        2.4026812806376406E-009
  -7.4999999999991651        2.5325581701495945E-009
  -7.4799999999991584        2.6677974456522112E-009
  -7.4599999999991518        2.8084773424072349E-009
  -7.4399999999991451        2.9546620882486881E-009
  -7.4199999999991384        3.1063999471637047E-009
  -7.3999999999991317        3.2637211008985741E-009
  -7.3799999999991250        3.4266353588590674E-009
  -7.3599999999991184        3.5951296861867158E-009
  -7.3399999999991117        3.7691655395040280E-009
  -7.3199999999991050        3.9486759994305040E-009
  -7.2999999999990983        4.1335626885814429E-009
  -7.2799999999990916        4.3236924633720950E-009
  -7.2599999999990850        4.5188938675640387E-009
  -7.2399999999990783        4.7189533351084858E-009
  -7.2199999999990716        4.9236111294661984E-009
  -7.1999999999990649        5.1325570062155490E-009
  -7.1799999999990582        5.3454255854035544E-009
  -7.1599999999990516        5.5617914197476758E-009
  -7.1399999999990449        5.7811637444661252E-009
  -7.1199999999990382        6.0029808941983460E-009
  -7.0999999999990315        6.2266043721820034E-009
  -7.0799999999990249        6.4513125565781312E-009
  -7.0599999999990182        6.6762940285863130E-009
  -7.0399999999990115        6.9006405067682792E-009
  -7.0199999999990048        7.1233393718070867E-009
  -6.9999999999989981        7.3432657657683243E-009
  -6.9799999999989915        7.5591742498083954E-009
  -6.9599999999989848        7.7696900041925797E-009
  -6.9399999999989781        7.9732995544464482E-009
  -6.9199999999989714        8.1683410074735903E-009
  -6.8999999999989647        8.3529937815325345E-009
  -6.8799999999989581        8.5252678140808702E-009
  -6.8599999999989514        8.6829922316694087E-009
  -6.8399999999989447        8.8238034663066361E-009
  -6.8199999999989380        8.9451328030199282E-009
  -6.7999999999989313        9.0441933437167603E-009
  -6.7799999999989247        9.1179663729047050E-009
  -6.7599999999989180        9.1631871113619386E-009
  -6.7399999999989113        9.1763298444732116E-009
  -6.7199999999989046        9.1535924126544848E-009
  -6.6999999999988979        9.0908800520979624E-009
  -6.6799999999988913        8.9837885749716323E-009
  -6.6599999999988846        8.8275868792195657E-009
  -6.6399999999988779        8.6171987792251182E-009
  -6.6199999999988712        8.3471841498334176E-009
  -6.5999999999988646        8.0117193775770336E-009
  -6.5799999999988579        7.6045771144227180E-009
  -6.5599999999988512        7.1191053309560081E-009
  -6.5399999999988445        6.5482056676502099E-009
  -6.5199999999988378        5.8843110847327695E-009
  -6.4999999999988312        5.1193628131671057E-009
  -6.4799999999988245        4.2447866114138136E-009
  -6.4599999999988178        3.2514683349330173E-009
  -6.4399999999988111        2.1297288278278839E-009
  -6.4199999999988044        8.6929814863197015E-010
  -6.3999999999987978       -5.4071085501272976E-010
  -6.3799999999987911       -2.1118296051252003E-009
  -6.3599999999987844       -3.8562614648789614E-009
  -6.3399999999987777       -5.7869099988632051E-009
  -6.3199999999987710       -7.9174077947715320E-009
  -6.2999999999987644       -1.0262145815621861E-008
  -6.2799999999987577       -1.2836303247904434E-008
  -6.2599999999987510       -1.5655877807177984E-008
  -6.2399999999987443       -1.8737716458604328E-008
  -6.2199999999987376       -2.2099546505722256E-008
  -6.1999999999987310       -2.5760006996417301E-008
  -6.1799999999987243       -2.9738680390549025E-008
  -6.1599999999987176       -3.4056124429059368E-008
  -6.1399999999987109       -3.8733904139597664E-008
  -6.1199999999987043       -4.3794623908787233E-008
  -6.0999999999986976       -4.9261959546201743E-008
  -6.0799999999986909       -5.5160690259964696E-008
  -6.0599999999986842       -6.1516730458592499E-008
  -6.0399999999986775       -6.8357161288329588E-008
  -6.0199999999986709       -7.5710261809746003E-008
  -5.9999999999986642       -8.3605539711813623E-008
  -5.9799999999986575       -9.2073761456059785E-008
  -5.9599999999986508       -1.0114698173772374E-007
  -5.9399999999986441       -1.1085857214512420E-007
  -5.9199999999986375       -1.2124324889272365E-007
  -5.8999999999986308       -1.3233709949762793E-007
  -5.8799999999986241       -1.4417760826354447E-007
  -5.8599999999986174       -1.5680368043052806E-007
  -5.8399999999986107       -1.7025566484321091E-007
  -5.8199999999986041       -1.8457537498465691E-007
  -5.7999999999985974       -1.9980610821751941E-007
  -5.7799999999985907       -2.1599266306885056E-007
  -5.7599999999985840       -2.3318135438971874E-007
  -5.7399999999985774       -2.5142002621579181E-007
  -5.7199999999985707       -2.7075806215022604E-007
  -5.6999999999985640       -2.9124639308563006E-007
  -5.6799999999985573       -3.1293750207756878E-007
  -5.6599999999985506       -3.3588542617801774E-007
  -5.6399999999985440       -3.6014575503352282E-007
  -5.6199999999985373       -3.8577562604942640E-007
  -5.5999999999985306       -4.1283371591860369E-007
  -5.5799999999985239       -4.4138022831056445E-007
  -5.5599999999985172       -4.7147687751473778E-007
  -5.5399999999985106       -5.0318686783011930E-007
  -5.5199999999985039       -5.3657486849240468E-007
  -5.4999999999984972       -5.7170698392920625E-007
  -5.4799999999984905       -6.0865071913400945E-007
  -5.4599999999984838       -6.4747493995026285E-007
  -5.4399999999984772       -6.8824982805829032E-007
  -5.4199999999984705       -7.3104683045985049E-007
  -5.3999999999984638       -7.7593860325786045E-007
  -5.3799999999984571       -8.2299894953245878E-007
  -5.3599999999984504       -8.7230275111881736E-007
  -5.3399999999984438       -9.2392589409733930E-007
  -5.3199999999984371       -9.7794518781294379E-007
  -5.2999999999984304       -1.0344382772469586E-006
  -5.2799999999984237       -1.0934835485730464E-006
  -5.2599999999984171       -1.1551600277373645E-006
  -5.2399999999984104       -1.2195472719128275E-006
  -5.2199999999984037       -1.2867252536881519E-006
  -5.1999999999983970       -1.3567742378640116E-006
  -5.1799999999983903       -1.4297746507414859E-006
  -5.1599999999983837       -1.5058069418016541E-006
  -5.1399999999983770       -1.5849514376901711E-006
  -5.1199999999983703       -1.6672881884364630E-006
  -5.0999999999983636       -1.7528968058542297E-006
  -5.0799999999983569       -1.8418562940879476E-006
  -5.0599999999983503       -1.9342448722891963E-006
  -5.0399999999983436       -2.0301397894268132E-006
  -5.0199999999983369       -2.1296171312560842E-006
  -4.9999999999983302       -2.2327516194945338E-006
  -4.9799999999983235       -2.3396164032750290E-006
  -4.9599999999983169       -2.4502828429713679E-006
  -4.9399999999983102       -2.5648202865166957E-006
  -4.9199999999983035       -2.6832958383612919E-006
  -4.8999999999982968       -2.8057741212435240E-006
  -4.8799999999982901       -2.9323170309755279E-006
  -4.8599999999982835       -3.0629834844742372E-006
  -4.8399999999982768       -3.1978291612976846E-006
  -4.8199999999982701       -3.3369062389770353E-006
  -4.7999999999982634       -3.4802631224654961E-006
  -4.7799999999982568       -3.6279441680569254E-006
  -4.7599999999982501       -3.7799894021588840E-006
  -4.7399999999982434       -3.9364342353372800E-006
  -4.7199999999982367       -4.0973091720826327E-006
  -4.6999999999982300       -4.2626395167808664E-006
  -4.6799999999982234       -4.4324450764048789E-006
  -4.6599999999982167       -4.6067398604761643E-006
  -4.6399999999982100       -4.7855317788792372E-006
  -4.6199999999982033       -4.9688223381443472E-006
  -4.5999999999981966       -5.1566063368469330E-006
  -4.5799999999981900       -5.3488715608046202E-006
  -4.5599999999981833       -5.5455984787843039E-006
  -4.5399999999981766       -5.7467599394631892E-006
  -4.5199999999981699       -5.9523208704181957E-006
  -4.4999999999981632       -6.1622379799474096E-006
  -4.4799999999981566       -6.3764594625560691E-006
  -4.4599999999981499       -6.5949247089668182E-006
  -4.4399999999981432       -6.8175640215398043E-006
  -4.4199999999981365       -7.0442983360130692E-006
  -4.3999999999981299       -7.2750389504962959E-006
  -4.3799999999981232       -7.5096872626725637E-006
  -4.3599999999981165       -7.7481345161815436E-006
  -4.3399999999981098       -7.9902615571753999E-006
  -4.3199999999981031       -8.2359386020533574E-006
  -4.2999999999980965       -8.4850250173937514E-006
  -4.2799999999980898       -8.7373691131127889E-006
  -4.2599999999980831       -8.9928079498866932E-006
  -4.2399999999980764       -9.2511671618792399E-006
  -4.2199999999980697       -9.5122607958181887E-006
  -4.1999999999980631       -9.7758911674640323E-006
  -4.1799999999980564       -1.0041848736509492E-005
  -4.1599999999980497       -1.0309912000941881E-005
  -4.1399999999980430       -1.0579847411889259E-005
  -4.1199999999980363       -1.0851409309957432E-005
  -4.0999999999980297       -1.1124339884047612E-005
  -4.0799999999980230       -1.1398369153622896E-005
  -4.0599999999980163       -1.1673214975367429E-005
  -4.0399999999980096       -1.1948583075153167E-005
  -4.0199999999980029       -1.2224167106197010E-005
  -3.9999999999979963       -1.2499648734254731E-005
  -3.9799999999979896       -1.2774697750658191E-005
  -3.9599999999979829       -1.3048972213958320E-005
  -3.9399999999979762       -1.3322118620888440E-005
  -3.9199999999979696       -1.3593772107310813E-005
  -3.8999999999979629       -1.3863556679753874E-005
  -3.8799999999979562       -1.4131085478087965E-005
  -3.8599999999979495       -1.4395961069824360E-005
  -3.8399999999979428       -1.4657775776455533E-005
  -3.8199999999979362       -1.4916112032184003E-005
  -3.7999999999979295       -1.5170542775313515E-005
  -3.7799999999979228       -1.5420631872498248E-005
  -3.7599999999979161       -1.5665934575965838E-005
  -3.7399999999979094       -1.5905998013745730E-005
  -3.7199999999979028       -1.6140361712848047E-005
  -3.6999999999978961       -1.6368558155248183E-005
  -3.6799999999978894       -1.6590113366441169E-005
  -3.6599999999978827       -1.6804547536234163E-005
  -3.6399999999978760       -1.7011375671350443E-005
  -3.6199999999978694       -1.7210108279318301E-005
  -3.5999999999978627       -1.7400252083019534E-005
  -3.5799999999978560       -1.7581310765169918E-005
  -3.5599999999978493       -1.7752785741902107E-005
  -3.5399999999978427       -1.7914176964517765E-005
  -3.5199999999978360       -1.8064983748372712E-005
  -3.4999999999978293       -1.8204705627754229E-005
  -3.4799999999978226       -1.8332843235506783E-005
  -3.4599999999978159       -1.8448899206059175E-005
  -3.4399999999978093       -1.8552379100403614E-005
  -3.4199999999978026       -1.8642792351477425E-005
  -3.3999999999977959       -1.8719653228297319E-005
  -3.3799999999977892       -1.8782481817100737E-005
  -3.3599999999977825       -1.8830805017652641E-005
  -3.3399999999977759       -1.8864157552784696E-005
  -3.3199999999977692       -1.8882082989145263E-005
  -3.2999999999977625       -1.8884134767052573E-005
  -3.2799999999977558       -1.8869877237262783E-005
  -3.2599999999977491       -1.8838886702387515E-005
  -3.2399999999977425       -1.8790752460622593E-005
  -3.2199999999977358       -1.8725077849383249E-005
  -3.1999999999977291       -1.8641481286378579E-005
  -3.1799999999977224       -1.8539597305602169E-005
  -3.1599999999977157       -1.8419077585666042E-005
  -3.1399999999977091       -1.8279591967861163E-005
  -3.1199999999977024       -1.8120829461291369E-005
  -3.0999999999976957       -1.7942499232397638E-005
  -3.0799999999976890       -1.7744331576167457E-005
  -3.0599999999976824       -1.7526078866309192E-005
  -3.0399999999976757       -1.7287516481664259E-005
  -3.0199999999976690       -1.7028443706131716E-005
  -2.9999999999976623       -1.6748684599388632E-005
  -2.9799999999976556       -1.6448088835707676E-005
  -2.9599999999976490       -1.6126532508200178E-005
  -2.9399999999976423       -1.5783918895847472E-005
  -2.9199999999976356       -1.5420179190727999E-005
  -2.8999999999976289       -1.5035273182899676E-005
  -2.8799999999976222       -1.4629189900459349E-005
  -2.8599999999976156       -1.4201948202371597E-005
  -2.8399999999976089       -1.3753597321738125E-005
  -2.8199999999976022       -1.3284217357267989E-005
  -2.7999999999975955       -1.2793919710804906E-005
  -2.7799999999975888       -1.2282847468874030E-005
  -2.7599999999975822       -1.1751175726324019E-005
  -2.7399999999975755       -1.1199111850262104E-005
  -2.7199999999975688       -1.0626895682610138E-005
  -2.6999999999975621       -1.0034799679746781E-005
  -2.6799999999975554       -9.4231289878460147E-006
  -2.6599999999975488       -8.7922214526743727E-006
  -2.6399999999975421       -8.1424475627671930E-006
  -2.6199999999975354       -7.4742103250698790E-006
  -2.5999999999975287       -6.7879450722996954E-006
  -2.5799999999975221       -6.0841192014605687E-006
  -2.5599999999975154       -5.3632318431233747E-006
  -2.5399999999975087       -4.6258134612695693E-006
  -2.5199999999975020       -3.8724253836847811E-006
  -2.4999999999974953       -3.1036592630808173E-006
  -2.4799999999974887       -2.3201364693193971E-006
  -2.4599999999974820       -1.5225074133070540E-006
  -2.4399999999974753       -7.1145080332883294E-007
  -2.4199999999974686        1.1232716521340557E-007
  -2.3999999999974619        9.4809368549340129E-007
  -2.3799999999974553        1.7950902790217888E-006
  -2.3599999999974486        2.6525337979171746E-006
  -2.3399999999974419        3.5196174879344567E-006
  -2.3199999999974352        4.3955121103057270E-006
  -2.2999999999974285        5.2793671202613384E-006
  -2.2799999999974219        6.1703118999148939E-006
  -2.2599999999974152        7.0674570430169481E-006
  -2.2399999999974085        7.9698956889089868E-006
  -2.2199999999974018        8.8767049028422627E-006
  -2.1999999999973952        9.7869470996658519E-006
  -2.1799999999973885        1.0699671507736213E-005
  -2.1599999999973818        1.1613915669756072E-005
  -2.1399999999973751        1.2528706977115343E-005
  -2.1199999999973684        1.3443064234181012E-005
  -2.0999999999973618        1.4355999248867089E-005
  -2.0799999999973551        1.5266518445710668E-005
  -2.0599999999973484        1.6173624497585920E-005
  -2.0399999999973417        1.7076317972105589E-005
  -2.0199999999973350        1.7973598988688692E-005
  -1.9999999999973281        1.8864468882215221E-005
  -1.9799999999973212        1.9747931869143275E-005
  -1.9599999999973143        2.0622996711931532E-005
  -1.9399999999973074        2.1488678377590970E-005
  -1.9199999999973005        2.2343999686184462E-005
  -1.8999999999972936        2.3187992945100491E-005
  -1.8799999999972867        2.4019701564949867E-005
  -1.8599999999972798        2.4838181652969727E-005
  -1.8399999999972729        2.5642503579868820E-005
  -1.8199999999972660        2.6431753516111884E-005
  -1.7999999999972591        2.7205034933717819E-005
  -1.7799999999972522        2.7961470069737725E-005
  -1.7599999999972453        2.8700201347682410E-005
  -1.7399999999972384        2.9420392753287185E-005
  -1.7199999999972315        3.0121231161130959E-005
  -1.6999999999972246        3.0801927608770163E-005
  -1.6799999999972177        3.1461718515201949E-005
  -1.6599999999972108        3.2099866840637341E-005
  -1.6399999999972039        3.2715663184742834E-005
  -1.6199999999971970        3.3308426820695378E-005
  -1.5999999999971901        3.3877506662594164E-005
  -1.5799999999971832        3.4422282163978777E-005
  -1.5599999999971763        3.4942164145418224E-005
  -1.5399999999971694        3.5436595549358470E-005
  -1.5199999999971625        3.5905052120645550E-005
  -1.4999999999971556        3.6347043011377489E-005
  -1.4799999999971487        3.6762111308978702E-005
  -1.4599999999971418        3.7149834486637356E-005
  -1.4399999999971349        3.7509824775493436E-005
  -1.4199999999971280        3.7841729458218573E-005
  -1.3999999999971211        3.8145231083880392E-005
  -1.3799999999971142        3.8420047604239786E-005
  -1.3599999999971073        3.8665932431881045E-005
  -1.3399999999971004        3.8882674420828914E-005
  -1.3199999999970935        3.9070097770556052E-005
  -1.2999999999970866        3.9228061854531193E-005
  -1.2799999999970797        3.9356460974701608E-005
  -1.2599999999970728        3.9455224043540563E-005
  -1.2399999999970659        3.9524314195522752E-005
  -1.2199999999970590        3.9563728330114759E-005
  -1.1999999999970521        3.9573496588584891E-005
  -1.1799999999970452        3.9553681767144461E-005
  -1.1599999999970383        3.9504378669131329E-005
  -1.1399999999970314        3.9425713399134488E-005
  -1.1199999999970245        3.9317842602135481E-005
  -1.0999999999970176        3.9180952650907441E-005
  -1.0799999999970107        3.9015258785065356E-005
  -1.0599999999970038        3.8821004205299838E-005
  -1.0399999999969969        3.8598459126453428E-005
  -1.0199999999969900        3.8347919793207762E-005
 -0.99999999999698319        3.8069707462248869E-005
 -0.97999999999697640        3.7764167354856650E-005
 -0.95999999999696961        3.7431667583932539E-005
 -0.93999999999696282        3.7072598059527378E-005
 -0.91999999999695603        3.6687369376966625E-005
 -0.89999999999694924        3.6276411691687261E-005
 -0.87999999999694245        3.5840173584902090E-005
 -0.85999999999693566        3.5379120924191804E-005
 -0.83999999999692887        3.4893735723094839E-005
 -0.81999999999692208        3.4384515003716412E-005
 -0.79999999999691529        3.3851969666316011E-005
 -0.77999999999690850        3.3296623369752011E-005
 -0.75999999999690171        3.2719011426569241E-005
 -0.73999999999689492        3.2119679716404074E-005
 -0.71999999999688813        3.1499183621258767E-005
 -0.69999999999688134        3.0858086986057756E-005
 -0.67999999999687455        3.0196961107747364E-005
 -0.65999999999686776        2.9516383756035460E-005
 -0.63999999999686097        2.8816938228691217E-005
 -0.61999999999685418        2.8099212444136654E-005
 -0.59999999999684739        2.7363798073863084E-005
 -0.57999999999684060        2.6611289716996639E-005
 -0.55999999999683381        2.5842284119120183E-005
 -0.53999999999682702        2.5057379437232621E-005
 -0.51999999999682023        2.4257174552494602E-005
 -0.49999999999681344        2.3442268432171172E-005
 -0.47999999999680665        2.2613259541937704E-005
 -0.45999999999679986        2.1770745309468784E-005
 -0.43999999999679307        2.0915321639978468E-005
 -0.41999999999678628        2.0047582484128632E-005
 -0.39999999999677949        1.9168119458468792E-005
 -0.37999999999677270        1.8277521518318210E-005
 -0.35999999999676591        1.7376374682749898E-005
 -0.33999999999675912        1.6465261811087386E-005
 -0.31999999999675233        1.5544762430080037E-005
 -0.29999999999674554        1.4615452610682247E-005
 -0.27999999999673875        1.3677904893127051E-005
 -0.25999999999673196        1.2732688258757023E-005
 -0.23999999999672514        1.1780368146854480E-005
 -0.21999999999671832        1.0821506514502020E-005
 -0.19999999999671150        9.8566619373020717E-006
 -0.17999999999670468        8.8863897485926688E-006
 -0.15999999999669787        7.9112422146166728E-006
 -0.13999999999669105        6.9317687429332810E-006
 -0.11999999999668425        5.9485161212057996E-006
  -9.9999999996677441E-002   4.9620287833574496E-006
  -7.9999999996670637E-002   3.9728490999599634E-006
  -5.9999999996663833E-002   2.9815176896063615E-006
  -3.9999999996657029E-002   1.9885737479218785E-006
  -1.9999999996650222E-002   9.9455539078482742E-007
   3.3565858426065631E-012   8.2631731422260069E-015
   2.0000000003363393E-002  -9.9455537427733456E-007
   4.0000000003370201E-002  -1.9885737314708800E-006
   6.0000000003377005E-002  -2.9815176732492973E-006
   8.0000000003383809E-002  -3.9728490837339241E-006
  0.10000000000339061       -4.9620287672990661E-006
  0.12000000000339742       -5.9485161053510928E-006
  0.14000000000340423       -6.9317687273175425E-006
  0.16000000000341105       -7.9112421992743176E-006
  0.18000000000341787       -8.8863897335571631E-006
  0.20000000000342469       -9.8566619226057536E-006
  0.22000000000343151       -1.0821506500176026E-005
  0.24000000000343832       -1.1780368132928615E-005
  0.26000000000344514       -1.2732688245259655E-005
  0.28000000000345193       -1.3677904880085039E-005
  0.30000000000345872       -1.4615452598120809E-005
  0.32000000000346551       -1.5544762418022716E-005
  0.34000000000347230       -1.6465261799555910E-005
  0.36000000000347909       -1.7376374671764149E-005
  0.38000000000348588       -1.8277521507896161E-005
  0.40000000000349267       -1.9168119448626415E-005
  0.42000000000349946       -2.0047582474879882E-005
  0.44000000000350625       -2.0915321631335228E-005
  0.46000000000351304       -2.1770745301440843E-005
  0.48000000000351983       -2.2613259534532742E-005
  0.50000000000352662       -2.3442268425394688E-005
  0.52000000000353341       -2.4257174546349964E-005
  0.54000000000354020       -2.5057379431721022E-005
  0.56000000000354699       -2.5842284114240724E-005
  0.58000000000355378       -2.6611289712746238E-005
  0.60000000000356057       -2.7363798070236614E-005
  0.62000000000356736       -2.8099212441126905E-005
  0.64000000000357415       -2.8816938226288913E-005
  0.66000000000358094       -2.9516383754229372E-005
  0.68000000000358773       -3.0196961106524336E-005
  0.70000000000359452       -3.0858086985402776E-005
  0.72000000000360131       -3.1499183621155029E-005
  0.74000000000360810       -3.2119679716833100E-005
  0.76000000000361490       -3.2719011427510844E-005
  0.78000000000362169       -3.3296623371184500E-005
  0.80000000000362848       -3.3851969668216204E-005
  0.82000000000363527       -3.4384515006059847E-005
  0.84000000000364206       -3.4893735725855733E-005
  0.86000000000364885       -3.5379120927343288E-005
  0.88000000000365564       -3.5840173588416220E-005
  0.90000000000366243       -3.6276411695535156E-005
  0.92000000000366922       -3.6687369381118659E-005
  0.94000000000367601       -3.7072598063953247E-005
  0.96000000000368280       -3.7431667588601337E-005
  0.98000000000368959       -3.7764167359736976E-005
   1.0000000000036964       -3.8069707467309112E-005
   1.0200000000037033       -3.8347919798416053E-005
   1.0400000000037102       -3.8598459131777843E-005
   1.0600000000037171       -3.8821004210708516E-005
   1.0800000000037240       -3.9015258790526509E-005
   1.1000000000037309       -3.9180952656389729E-005
   1.1200000000037378       -3.9317842607607829E-005
   1.1400000000037447       -3.9425713404566402E-005
   1.1600000000037516       -3.9504378674492933E-005
   1.1800000000037585       -3.9553681772406622E-005
   1.2000000000037654       -3.9573496593719273E-005
   1.2200000000037723       -3.9563728335094039E-005
   1.2400000000037792       -3.9524314200320617E-005
   1.2600000000037861       -3.9455224048131760E-005
   1.2800000000037930       -3.9356460979062174E-005
   1.3000000000037999       -3.9228061858638435E-005
   1.3200000000038068       -3.9070097774388612E-005
   1.3400000000038137       -3.8882674424366890E-005
   1.3600000000038206       -3.8665932435106018E-005
   1.3800000000038275       -3.8420047607134870E-005
   1.4000000000038344       -3.8145231086430314E-005
   1.4200000000038413       -3.7841729460409664E-005
   1.4400000000038482       -3.7509824777313805E-005
   1.4600000000038551       -3.7149834488076669E-005
   1.4800000000038620       -3.6762111310028433E-005
   1.5000000000038689       -3.6347043012030830E-005
   1.5200000000038758       -3.5905052120897485E-005
   1.5400000000038827       -3.5436595549205665E-005
   1.5600000000038896       -3.4942164144859135E-005
   1.5800000000038965       -3.4422282163013539E-005
   1.6000000000039034       -3.3877506661224681E-005
   1.6200000000039103       -3.3308426818925215E-005
   1.6400000000039172       -3.2715663182577228E-005
   1.6600000000039241       -3.2099866838083130E-005
   1.6800000000039310       -3.1461718512267624E-005
   1.7000000000039379       -3.0801927605465671E-005
   1.7200000000039448       -3.0121231157467732E-005
   1.7400000000039517       -2.9420392749278130E-005
   1.7600000000039586       -2.8700201343341789E-005
   1.7800000000039655       -2.7961470065081066E-005
   1.8000000000039724       -2.7205034928761893E-005
   1.8200000000039793       -2.6431753510874605E-005
   1.8400000000039862       -2.5642503574369225E-005
   1.8600000000039931       -2.4838181647227806E-005
   1.8800000000040000       -2.4019701558986545E-005
   1.9000000000040069       -2.3187992938937510E-005
   1.9200000000040138       -2.2343999679844339E-005
   1.9400000000040207       -2.1488678371096853E-005
   1.9600000000040276       -2.0622996705307128E-005
   1.9800000000040345       -1.9747931862412822E-005
   2.0000000000040412       -1.8864468875403331E-005
   2.0200000000040479       -1.7973598981820255E-005
   2.0400000000040546       -1.7076317965205693E-005
   2.0600000000040612       -1.6173624490679799E-005
   2.0800000000040679       -1.5266518438823561E-005
   2.1000000000040746       -1.4355999242024215E-005
   2.1200000000040813       -1.3443064227407428E-005
   2.1400000000040880       -1.2528706970435899E-005
   2.1600000000040946       -1.1613915663195303E-005
   2.1800000000041013       -1.0699671501318275E-005
   2.2000000000041080       -9.7869470934144285E-006
   2.2200000000041147       -8.8767048967805341E-006
   2.2400000000041214       -7.9698956830595026E-006
   2.2600000000041280       -7.0674570374015821E-006
   2.2800000000041347       -6.1703118945548254E-006
   2.3000000000041414       -5.2793671151769224E-006
   2.3200000000041481       -4.3955121055164858E-006
   2.3400000000041548       -3.5196174834590069E-006
   2.3600000000041614       -2.6525337937731781E-006
   2.3800000000041681       -1.7950902752259371E-006
   2.4000000000041748       -9.4809368206134533E-007
   2.4200000000041815       -1.1232716215971299E-007
   2.4400000000041882        7.1145080599064796E-007
   2.4600000000041948        1.5225074155646399E-006
   2.4800000000042015        2.3201364711615341E-006
   2.5000000000042082        3.1036592644974286E-006
   2.5200000000042149        3.8724253846669759E-006
   2.5400000000042215        4.6258134618096494E-006
   2.5600000000042282        5.3632318432147959E-006
   2.5800000000042349        6.0841192010980233E-006
   2.6000000000042416        6.7879450714790297E-006
   2.6200000000042483        7.4742103237881182E-006
   2.6400000000042549        8.1424475610225389E-006
   2.6600000000042616        8.7922214504661578E-006
   2.6800000000042683        9.4231289851747353E-006
   2.7000000000042750        1.0034799676614013E-005
   2.7200000000042817        1.0626895679018573E-005
   2.7400000000042883        1.1199111846215460E-005
   2.7600000000042950        1.1751175721827070E-005
   2.7800000000043017        1.2282847463932529E-005
   2.8000000000043084        1.2793919705425564E-005
   2.8200000000043151        1.3284217351458441E-005
   2.8400000000043217        1.3753597315506900E-005
   2.8600000000043284        1.4201948195728018E-005
   2.8800000000043351        1.4629189893413570E-005
   2.9000000000043418        1.5035273175462585E-005
   2.9200000000043485        1.5420179182911210E-005
   2.9400000000043551        1.5783918887663209E-005
   2.9600000000043618        1.6126532499661303E-005
   2.9800000000043685        1.6448088826827600E-005
   3.0000000000043752        1.6748684590181255E-005
   3.0200000000043818        1.7028443696611424E-005
   3.0400000000043885        1.7287516471845809E-005
   3.0600000000043952        1.7526078856207752E-005
   3.0800000000044019        1.7744331565798446E-005
   3.1000000000044086        1.7942499221776753E-005
   3.1200000000044152        1.8120829450434531E-005
   3.1400000000044219        1.8279591956784432E-005
   3.1600000000044286        1.8419077574385600E-005
   3.1800000000044353        1.8539597294134284E-005
   3.2000000000044420        1.8641481274739520E-005
   3.2200000000044486        1.8725077837589284E-005
   3.2400000000044553        1.8790752448689895E-005
   3.2600000000044620        1.8838886690332155E-005
   3.2800000000044687        1.8869877225100734E-005
   3.3000000000044754        1.8884134754799578E-005
   3.3200000000044820        1.8882082976816929E-005
   3.3400000000044887        1.8864157540396301E-005
   3.3600000000044954        1.8830805005219213E-005
   3.3800000000045021        1.8782481804637010E-005
   3.4000000000045087        1.8719653215817657E-005
   3.4200000000045154        1.8642792338995835E-005
   3.4400000000045221        1.8552379087933765E-005
   3.4600000000045288        1.8448899193614231E-005
   3.4800000000045355        1.8332843223099604E-005
   3.5000000000045421        1.8204705615397120E-005
   3.5200000000045488        1.8064983736077551E-005
   3.5400000000045555        1.7914176952295971E-005
   3.5600000000045622        1.7752785729764596E-005
   3.5800000000045689        1.7581310753127108E-005
   3.6000000000045755        1.7400252071081337E-005
   3.6200000000045822        1.7210108267494101E-005
   3.6400000000045889        1.7011375659649143E-005
   3.6600000000045956        1.6804547524664130E-005
   3.6800000000046023        1.6590113355010225E-005
   3.7000000000046089        1.6368558143963667E-005
   3.7200000000046156        1.6140361701716746E-005
   3.7400000000046223        1.5905998002773970E-005
   3.7600000000046290        1.5665934565159361E-005
   3.7800000000046357        1.5420631861862347E-005
   3.8000000000046423        1.5170542764852979E-005
   3.8200000000046490        1.4916112021903141E-005
   3.8400000000046557        1.4657775766358159E-005
   3.8600000000046624        1.4395961059913846E-005
   3.8800000000046690        1.4131085468367214E-005
   3.9000000000046757        1.3863556670225338E-005
   3.9200000000046824        1.3593772097976547E-005
   3.9400000000046891        1.3322118611750073E-005
   3.9600000000046958        1.3048972205017079E-005
   3.9800000000047024        1.2774697741914901E-005
   4.0000000000047091        1.2499648725709897E-005
   4.0200000000047158        1.2224167097850773E-005
   4.0400000000047225        1.1948583067005303E-005
   4.0600000000047292        1.1673214967417419E-005
   4.0800000000047358        1.1398369145869930E-005
   4.1000000000047425        1.1124339876490564E-005
   4.1200000000047492        1.0851409302594955E-005
   4.1400000000047559        1.0579847404719706E-005
   4.1600000000047626        1.0309911993963407E-005
   4.1800000000047692        1.0041848729720032E-005
   4.2000000000047759        9.7758911608613156E-006
   4.2200000000047826        9.5122607893997609E-006
   4.2400000000047893        9.2511671556424584E-006
   4.2600000000047960        8.9928079438288118E-006
   4.2800000000048026        8.7373691072308735E-006
   4.3000000000048093        8.4850250116847680E-006
   4.3200000000048160        8.2359385965141583E-006
   4.3400000000048227        7.9902615518027530E-006
   4.3600000000048293        7.7481345109721249E-006
   4.3800000000048360        7.5096872576229878E-006
   4.4000000000048427        7.2750389456031196E-006
   4.4200000000048494        7.0442983312727942E-006
   4.4400000000048561        6.8175640169489230E-006
   4.4600000000048627        6.5949247045217884E-006
   4.4800000000048694        6.3764594582533213E-006
   4.5000000000048761        6.1622379757833719E-006
   4.5200000000048828        5.9523208663893343E-006
   4.5400000000048895        5.7467599355659516E-006
   4.5600000000048961        5.5455984750151792E-006
   4.5800000000049028        5.3488715571601136E-006
   4.6000000000049095        5.1566063333235961E-006
   4.6200000000049162        4.9688223347387572E-006
   4.6400000000049229        4.7855317755880407E-006
   4.6600000000049295        4.6067398572960434E-006
   4.6800000000049362        4.4324450733325693E-006
   4.7000000000049429        4.2626395138131873E-006
   4.7200000000049496        4.0973091692164375E-006
   4.7400000000049562        3.9364342325695168E-006
   4.7600000000049629        3.7799893994865510E-006
   4.7800000000049696        3.6279441654771002E-006
   4.8000000000049763        3.4802631199753217E-006
   4.8200000000049830        3.3369062365737394E-006
   4.8400000000049896        3.1978291589785659E-006
   4.8600000000049963        3.0629834822366662E-006
   4.8800000000050030        2.9323170288169652E-006
   4.9000000000050097        2.8057741191614836E-006
   4.9200000000050164        2.6832958363533927E-006
   4.9400000000050230        2.5648202845806075E-006
   4.9600000000050297        2.4502828411048529E-006
   4.9800000000050364        2.3396164014759094E-006
   5.0000000000050431        2.2327516177607145E-006
   5.0200000000050498        2.1296171295855366E-006
   5.0400000000050564        2.0301397878175772E-006
   5.0600000000050631        1.9342448707393869E-006
   5.0800000000050698        1.8418562925957328E-006
   5.1000000000050765        1.7528968044178566E-006
   5.1200000000050832        1.6672881870542306E-006
   5.1400000000050898        1.5849514363604456E-006
   5.1600000000050965        1.5058069405228561E-006
   5.1800000000051032        1.4297746495120923E-006
   5.2000000000051099        1.3567742366825519E-006
   5.2200000000051165        1.2867252525532108E-006
   5.2400000000051232        1.2195472708230374E-006
   5.2600000000051299        1.1551600266914015E-006
   5.2800000000051366        1.0934835475696357E-006
   5.3000000000051433        1.0344382762848654E-006
   5.3200000000051499        9.7794518689098040E-007
   5.3400000000051566        9.2392589321434907E-007
   5.3600000000051633        8.7230275027368462E-007
   5.3800000000051700        8.2299894872410284E-007
   5.4000000000051767        7.7593860248523014E-007
   5.4200000000051833        7.3104682972192725E-007
   5.4400000000051900        6.8824982735408819E-007
   5.4600000000051967        6.4747493927881634E-007
   5.4800000000052034        6.0865071849438555E-007
   5.5000000000052101        5.7170698332049206E-007
   5.5200000000052167        5.3657486791371558E-007
   5.5400000000052234        5.0318686728058677E-007
   5.5600000000052301        4.7147687699351584E-007
   5.5800000000052368        4.4138022781682603E-007
   5.6000000000052435        4.1283371545154151E-007
   5.6200000000052501        3.8577562560824665E-007
   5.6400000000052568        3.6014575461744970E-007
   5.6600000000052635        3.3588542578629343E-007
   5.6800000000052702        3.1293750170944540E-007
   5.7000000000052768        2.9124639274037541E-007
   5.7200000000052835        2.7075806182712072E-007
   5.7400000000052902        2.5142002591412960E-007
   5.7600000000052969        2.3318135410880436E-007
   5.7800000000053036        2.1599266280800163E-007
   5.8000000000053102        1.9980610797606320E-007
   5.8200000000053169        1.8457537476193242E-007
   5.8400000000053236        1.7025566463856706E-007
   5.8600000000053303        1.5680368024332510E-007
   5.8800000000053370        1.4417760809315199E-007
   5.9000000000053436        1.3233709934342492E-007
   5.9200000000053503        1.2124324875410038E-007
   5.9400000000053570        1.1085857202147997E-007
   5.9600000000053637        1.0114698162846812E-007
   5.9800000000053704        9.2073761360611493E-008
   6.0000000000053770        8.3605539629601809E-008
   6.0200000000053837        7.5710261740209640E-008
   6.0400000000053904        6.8357161230917364E-008
   6.0600000000053971        6.1516730412762855E-008
   6.0800000000054037        5.5160690225186853E-008
   6.1000000000054104        4.9261959521954498E-008
   6.1200000000054171        4.3794623894560461E-008
   6.1400000000054238        3.8733904134891324E-008
   6.1600000000054305        3.4056124433383882E-008
   6.1800000000054371        2.9738680403425712E-008
   6.2000000000054438        2.5760007017378283E-008
   6.2200000000054505        2.2099546534310455E-008
   6.2400000000054572        1.8737716494373881E-008
   6.2600000000054639        1.5655877849694290E-008
   6.2800000000054705        1.2836303296744049E-008
   6.3000000000054772        1.0262145870372612E-008
   6.3200000000054839        7.9174078550328142E-009
   6.3400000000054906        5.7869100642459587E-009
   6.3600000000054973        3.8562615350056165E-009
   6.3800000000055039        2.1118296796298718E-009
   6.4000000000055106        5.4071093354109288E-010
   6.4200000000055173       -8.6929806642250162E-010
   6.4400000000055240       -2.1297287422682583E-009
   6.4600000000055307       -3.2514682463426027E-009
   6.4800000000055373       -4.2447865201004201E-009
   6.5000000000055440       -5.1193627194266304E-009
   6.5200000000055507       -5.8843109888500767E-009
   6.5400000000055574       -6.5482055698982973E-009
   6.5600000000055640       -7.1191052315968307E-009
   6.5800000000055707       -7.6045770137067435E-009
   6.6000000000055774       -8.0117192757438474E-009
   6.6200000000055841       -8.3471840471114838E-009
   6.6400000000055908       -8.6171986758321044E-009
   6.6600000000055974       -8.8275867753623332E-009
   6.6800000000056041       -8.9837884708466976E-009
   6.7000000000056108       -9.0908799478912973E-009
   6.7200000000056175       -9.1535923085420869E-009
   6.7400000000056242       -9.1763297406210033E-009
   6.7600000000056308       -9.1631870079262075E-009
   6.7800000000056375       -9.1179662700321184E-009
   6.8000000000056442       -9.0441932415448139E-009
   6.8200000000056509       -8.9451327016769293E-009
   6.8400000000056576       -8.8238033659122711E-009
   6.8600000000056642       -8.6829921323345611E-009
   6.8800000000056709       -8.5252677159082908E-009
   6.9000000000056776       -8.3529936846168246E-009
   6.9200000000056843       -8.1683409119016105E-009
   6.9400000000056909       -7.9732994602974540E-009
   6.9600000000056976       -7.7696899115386582E-009
   6.9800000000057043       -7.5591741587145233E-009
   7.0000000000057110       -7.3432656762928484E-009
   7.0200000000057177       -7.1233392840018332E-009
   7.0400000000057243       -6.9006404206788531E-009
   7.0600000000057310       -6.6762939442523851E-009
   7.0800000000057377       -6.4513124740337646E-009
   7.1000000000057444       -6.2266042914557633E-009
   7.1200000000057511       -6.0029808153137359E-009
   7.1400000000057577       -5.7811636674416788E-009
   7.1600000000057644       -5.5617913445973303E-009
   7.1800000000057711       -5.3454255121368233E-009
   7.2000000000057778       -5.1325569348378470E-009
   7.2200000000057845       -4.9236110599789440E-009
   7.2400000000057911       -4.7189532675095317E-009
   7.2600000000057978       -4.5188938018476873E-009
   7.2800000000058045       -4.3236923995294905E-009
   7.3000000000058112       -4.1335626266006863E-009
   7.3200000000058179       -3.9486759392969335E-009
   7.3400000000058245       -3.7691654812003646E-009
   7.3600000000058312       -3.5951296296932938E-009
   7.3800000000058379       -3.4266353041540243E-009
   7.4000000000058446       -3.2637210479580371E-009
   7.4200000000058512       -3.1063998959619345E-009
   7.4400000000058579       -2.9546620387583318E-009
   7.4600000000058646       -2.8084772945993876E-009
   7.4800000000058713       -2.6677973994966654E-009
   7.5000000000058780       -2.5325581256149257E-009
   7.5200000000058846       -2.4026812376913852E-009
   7.5400000000058913       -2.2780762968274821E-009
   7.5600000000058980       -2.1586423206216154E-009
   7.5800000000059047       -2.0442693082364907E-009
   7.6000000000059114       -1.9348396386271701E-009
   7.6200000000059180       -1.8302293497934489E-009
   7.6400000000059247       -1.7303093065665695E-009
   7.6600000000059314       -1.6349462640929934E-009
   7.6800000000059381       -1.5440038338397128E-009
   7.7000000000059448       -1.4573433586156890E-009
   7.7200000000059514       -1.3748247027829754E-009
   7.7400000000059581       -1.2963069635192566E-009
   7.7600000000059648       -1.2216491086913971E-009
   7.7800000000059715       -1.1507105466065391E-009
   7.8000000000059782       -1.0833516326245957E-009
   7.8200000000059848       -1.0194341173423580E-009
   7.8400000000059915       -9.5882154079634563E-010
   7.8600000000059982       -9.0137957687776980E-010
   7.8800000000060049       -8.4697633190914805E-010
   7.9000000000060115       -7.9548260109823005E-010
   7.9200000000060182       -7.4677208636026510E-010
   7.9400000000060249       -7.0072157878491970E-010
   7.9600000000060316       -6.5721110881853672E-010
   7.9800000000060383       -6.1612406703620718E-010
   8.0000000000060449       -5.7734729819084127E-010
   8.0200000000060516       -5.4077117104806681E-010
   8.0400000000060583       -5.0628962634605230E-010
   8.0600000000060650       -4.7380020505796896E-010
   8.0800000000060717       -4.4320405898176597E-010
   8.1000000000060783       -4.1440594553667654E-010
   8.1200000000060850       -3.8731420850851283E-010
   8.1400000000060917       -3.6184074635570759E-010
   8.1600000000060984       -3.3790096956537761E-010
   8.1800000000061051       -3.1541374843277962E-010
   8.2000000000061117       -2.9430135252843147E-010
   8.2200000000061184       -2.7448938301449765E-010
   8.2400000000061251       -2.5590669887546908E-010
   8.2600000000061318       -2.3848533803766640E-010
   8.2800000000061384       -2.2216043426713045E-010
   8.3000000000061451       -2.0687013065601977E-010
   8.3200000000061518       -1.9255549043332730E-010
   8.3400000000061585       -1.7916040576639899E-010
   8.3600000000061652       -1.6663150515505584E-010
   8.3800000000061718       -1.5491805995996974E-010
   8.4000000000061785       -1.4397189055100991E-010
   8.4200000000061852       -1.3374727250937597E-010
   8.4400000000061919       -1.2420084326926693E-010
   8.4600000000061986       -1.1529150954033274E-010
   8.4800000000062052       -1.0698035581113373E-010
   8.5000000000062119       -9.9230554195949651E-011
   8.5200000000062186       -9.2007275852495581E-011
   8.5400000000062253       -8.5277604166113934E-011
   8.5600000000062320       -7.9010449866745502E-011
   8.5800000000062386       -7.3176468218200309E-011
   8.6000000000062453       -6.7747978394840159E-011
   8.6200000000062520       -6.2698885138569358E-011
   8.6400000000062587       -5.8004602768881156E-011
   8.6600000000062654       -5.3641981600470028E-011
   8.6800000000062720       -4.9589236806488352E-011
   8.7000000000062787       -4.5825879750740708E-011
   8.7200000000062854       -4.2332651798881222E-011
   8.7400000000062921       -3.9091460606882596E-011
   8.7600000000062987       -3.6085318874574094E-011
   8.7800000000063054       -3.3298285542800903E-011
   8.8000000000063121       -3.0715409404642245E-011
   8.8200000000063188       -2.8322675094054399E-011
   8.8400000000063255       -2.6106951409185684E-011
   8.8600000000063321       -2.4055941922373357E-011
   8.8800000000063388       -2.2158137824389387E-011
   8.9000000000063455       -2.0402772946803466E-011
   8.9200000000063522       -1.8779780903287243E-011
   8.9400000000063589       -1.7279754288251561E-011
   8.9600000000063655       -1.5893905869326313E-011
   8.9800000000063722       -1.4614031708798051E-011
   9.0000000000063789       -1.3432476148178006E-011
   9.0200000000063856       -1.2342098589529625E-011
   9.0400000000063923       -1.1336242006990534E-011
   9.0600000000063989       -1.0408703122058783E-011
   9.0800000000064056       -9.5537041766165795E-012
   9.1000000000064123       -8.7658662383234562E-012
   9.1200000000064190       -8.0401839738808804E-012
   9.1400000000064257       -7.3720018267292881E-012
   9.1600000000064323       -6.7569915369572935E-012
   9.1800000000064390       -6.1911309425607603E-012
   9.2000000000064457       -5.6706840026595736E-012
   9.2200000000064524       -5.1921819848482812E-012
   9.2400000000064590       -4.7524057605005804E-012
   9.2600000000064657       -4.3483691535525237E-012
   9.2800000000064724       -3.9773032900411254E-012
   9.3000000000064791       -3.6366418974581669E-012
   9.3200000000064858       -3.3240075047844271E-012
   9.3400000000064924       -3.0371984958837966E-012
   9.3600000000064991       -2.7741769707526348E-012
   9.3800000000065058       -2.5330573709270582E-012
   9.4000000000065125       -2.3120958271436832E-012
   9.4200000000065192       -2.1096801891201339E-012
   9.4400000000065258       -1.9243206990651232E-012
   9.4600000000065325       -1.7546412722399919E-012
   9.4800000000065392       -1.5993713495684052E-012
   9.5000000000065459       -1.4573382889269035E-012
   9.5200000000065526       -1.3274602633421159E-012
   9.5400000000065592       -1.2087396358683545E-012
   9.5600000000065659       -1.1002567824209846E-012
   9.5800000000065726       -1.0011643352938508E-012
   9.6000000000065793       -9.1068182149302699E-013
   9.6200000000065859       -8.2809067137312860E-013
   9.6400000000065926       -7.5272957436590681E-013
   9.6600000000065993       -6.8399015984433108E-013
   9.6800000000066060       -6.2131298236818452E-013
   9.7000000000066127       -5.6418379171055691E-013
   9.7200000000066193       -5.1213006916851462E-013
   9.7400000000066260       -4.6471781271667862E-013
   9.7600000000066327       -4.2154855457021017E-013
   9.7800000000066394       -3.8225659568500288E-013
   9.8000000000066461       -3.4650644263838091E-013
   9.8200000000066527       -3.1399043320508319E-013
   9.8400000000066594       -2.8442653777151416E-013
   9.8600000000066661       -2.5755632451781582E-013
   9.8800000000066728       -2.3314307704337856E-013
   9.9000000000066795       -2.1097005381866782E-013
   9.9200000000066861       -1.9083887951566068E-013
   9.9400000000066928       -1.7256805890264703E-013
   9.9600000000066995       -1.5599160458772274E-013
   9.9800000000067062       -1.4095777046059233E-013
