  -10.000000000000000       -1.1359106848694836E-004
  -9.9799999999999933       -1.1133150238184924E-004
  -9.9599999999999866       -1.0856067035321474E-004
  -9.9399999999999800       -1.0529134178973153E-004
  -9.9199999999999733       -1.0153847063361764E-004
  -9.8999999999999666       -9.7318834673655420E-005
  -9.8799999999999599       -9.2650689144401730E-005
  -9.8599999999999532       -8.7553448874286326E-005
  -9.8399999999999466       -8.2047411874846223E-005
  -9.8199999999999399       -7.6153535392149262E-005
  -9.7999999999999332       -6.9893273113882722E-005
  -9.7799999999999265       -6.3288479525303547E-005
  -9.7599999999999199       -5.6361384432282724E-005
  -9.7399999999999132       -4.9134637531919672E-005
  -9.7199999999999065       -4.1631419727735473E-005
  -9.6999999999998998       -3.3875614781560536E-005
  -9.6799999999998931       -2.5892031988063510E-005
  -9.6599999999998865       -1.7706667967355242E-005
  -9.6399999999998798       -9.3469935016802298E-006
  -9.6199999999998731       -8.4224968585298800E-007
  -9.5999999999998664        7.7762634084818379E-006
  -9.5799999999998597        1.6474922785021097E-005
  -9.5599999999998531        2.5217560283550450E-005
  -9.5399999999998464        3.3965298130919641E-005
  -9.5199999999998397        4.2676456802225856E-005
  -9.4999999999998330        5.1306547546625797E-005
  -9.4799999999998263        5.9808359232306744E-005
  -9.4599999999998197        6.8132146024804801E-005
  -9.4399999999998130        7.6225918940088977E-005
  -9.4199999999998063        8.4035840636160187E-005
  -9.3999999999997996        9.1506719057291480E-005
  -9.3799999999997929        9.8582591864291043E-005
  -9.3599999999997863        1.0520739011087931E-004
  -9.3399999999997796        1.1132566649493968E-004
  -9.3199999999997729        1.1688337084541545E-004
  -9.2999999999997662        1.2182865340888369E-004
  -9.2799999999997596        1.2611267505980840E-004
  -9.2599999999997529        1.2969040283849592E-004
  -9.2399999999997462        1.3252136925614508E-004
  -9.2199999999997395        1.3457037460504087E-004
  -9.1999999999997328        1.3580811305210030E-004
  -9.1799999999997262        1.3621170552527260E-004
  -9.1599999999997195        1.3576512524707165E-004
  -9.1399999999997128        1.3445950512631393E-004
  -9.1199999999997061        1.3229331996439156E-004
  -9.0999999999996994        1.2927244042750303E-004
  -9.0799999999996928        1.2541005983019994E-004
  -9.0599999999996861        1.2072649881426930E-004
  -9.0399999999996794        1.1524889683245421E-004
  -9.0199999999996727        1.0901080281471073E-004
  -8.9999999999996660        1.0205168036606361E-004
  -8.9799999999996594        9.4416345205904306E-005
  -8.9599999999996527        8.6154354212705447E-005
  -8.9399999999996460        7.7319366320154355E-005
  -8.9199999999996393        6.7968495583063164E-005
  -8.8999999999996326        5.8161675991169461E-005
  -8.8799999999996260        4.7961056082660987E-005
  -8.8599999999996193        3.7430439158403049E-005
  -8.8399999999996126        2.6634782012704341E-005
  -8.8199999999996059        1.5639761692879001E-005
  -8.7999999999995993        4.5114160189683857E-006
  -8.7799999999995926       -6.6841404081715929E-006
  -8.7599999999995859       -1.7880927039361927E-005
  -8.7399999999995792       -2.9013241317997863E-005
  -8.7199999999995725       -4.0015745650560782E-005
  -8.6999999999995659       -5.0823510531949999E-005
  -8.6799999999995592       -6.1372029567510991E-005
  -8.6599999999995525       -7.1597224035948903E-005
  -8.6399999999995458       -8.1435455735034544E-005
  -8.6199999999995391       -9.0823567082661910E-005
  -8.5999999999995325       -9.9698966780078810E-005
  -8.5799999999995258       -1.0799977779552663E-004
  -8.5599999999995191       -1.1566506203619535E-004
  -8.5399999999995124       -1.2263513293142816E-004
  -8.5199999999995057       -1.2885196336033907E-004
  -8.4999999999994991       -1.3425969206909440E-004
  -8.4799999999994924       -1.3880522710119626E-004
  -8.4599999999994857       -1.4243893999291396E-004
  -8.4399999999994790       -1.4511543975782837E-004
  -8.4199999999994724       -1.4679441119514204E-004
  -8.3999999999994657       -1.4744149799352519E-004
  -8.3799999999994590       -1.4702920764436803E-004
  -8.3599999999994523       -1.4553781247542450E-004
  -8.3399999999994456       -1.4295621929990128E-004
  -8.3199999999994390       -1.3928277933562209E-004
  -8.2999999999994323       -1.3452601024348940E-004
  -8.2799999999994256       -1.2870520337861092E-004
  -8.2599999999994189       -1.2185089161386521E-004
  -8.2399999999994122       -1.1400515631856275E-004
  -8.2199999999994056       -1.0522175614734422E-004
  -8.1999999999993989       -9.5566065075120991E-005
  -8.1799999999993922       -8.5114812429628155E-005
  -8.1599999999993855       -7.3955623331415420E-005
  -8.1399999999993788       -6.2186363739158413E-005
  -8.1199999999993722       -4.9914299998261371E-005
  -8.0999999999993655       -3.7255088186074100E-005
  -8.0799999999993588       -2.4331613431644231E-005
  -8.0599999999993521       -1.1272703573275730E-005
  -8.0399999999993454        1.7882551574896271E-006
  -8.0199999999993388        1.4714770397455775E-005
  -7.9999999999993321        2.7368732568847400E-005
  -7.9799999999993254        3.9611909017033091E-005
  -7.9599999999993187        5.1307412912587974E-005
  -7.9399999999993121        6.2321118509527985E-005
  -7.9199999999993054        7.2522997386365170E-005
  -7.8999999999992987        8.1788354180055046E-005
  -7.8799999999992920        8.9998944892267363E-005
  -7.8599999999992853        9.7043965905842898E-005
  -7.8399999999992787        1.0282090717689289E-004
  -7.8199999999992720        1.0723626844093081E-004
  -7.7999999999992653        1.1020614245436380E-004
  -7.7799999999992586        1.1165667406382178E-004
  -7.7599999999992519        1.1152440804945479E-004
  -7.7399999999992453        1.0975654204286727E-004
  -7.7199999999992386        1.0631110323182271E-004
  -7.6999999999992319        1.0115706892609460E-004
  -7.6799999999992252        9.4274451313402840E-005
  -7.6599999999992185        8.5654365872738549E-005
  -7.6399999999992119        7.5299100971325605E-005
  -7.6199999999992052        6.3222203245364290E-005
  -7.5999999999991985        4.9448589581861710E-005
  -7.5799999999991918        3.4014692061285744E-005
  -7.5599999999991851        1.6968637289541526E-005
  -7.5399999999991785       -1.6295436165928685E-006
  -7.5199999999991718       -2.1707683283346235E-005
  -7.4999999999991651       -4.3181238356967361E-005
  -7.4799999999991584       -6.5953059973228420E-005
  -7.4599999999991518       -8.9913196236742626E-005
  -7.4399999999991451       -1.1493875124133652E-004
  -7.4199999999991384       -1.4089382677860159E-004
  -7.3999999999991317       -1.6762957328187862E-004
  -7.3799999999991250       -1.9498437567198301E-004
  -7.3599999999991184       -2.2278419759472608E-004
  -7.3399999999991117       -2.5084310411508162E-004
  -7.3199999999991050       -2.7896397835702454E-004
  -7.2999999999990983       -3.0693944200344556E-004
  -7.2799999999990916       -3.3455298319668678E-004
  -7.2599999999990850       -3.6158028844270247E-004
  -7.2399999999990783       -3.8779076789048573E-004
  -7.2199999999990716       -4.1294925611399678E-004
  -7.1999999999990649       -4.3681786356660667E-004
  -7.1799999999990582       -4.5915794748621516E-004
  -7.1599999999990516       -4.7973216548017185E-004
  -7.1399999999990449       -4.9830657054836453E-004
  -7.1199999999990382       -5.1465270311256903E-004
  -7.0999999999990315       -5.2854963386173579E-004
  -7.0799999999990249       -5.3978591099195763E-004
  -7.0599999999990182       -5.4816136675112331E-004
  -7.0399999999990115       -5.5348874106382032E-004
  -7.0199999999990048       -5.5559508432297621E-004
  -6.9999999999989981       -5.5432290703976708E-004
  -6.9799999999989915       -5.4953105074134908E-004
  -6.9599999999989848       -5.4109526204738521E-004
  -6.9399999999989781       -5.2890845996100865E-004
  -6.9199999999989714       -5.1288069476537756E-004
  -6.8999999999989647       -4.9293880521344416E-004
  -6.8799999999989581       -4.6902578861494969E-004
  -6.8599999999989514       -4.4109990566675440E-004
  -6.8399999999989447       -4.0913354817158983E-004
  -6.8199999999989380       -3.7311190291527247E-004
  -6.7999999999989313       -3.3303144874925452E-004
  -6.7799999999989247       -2.8889832623447677E-004
  -6.7599999999989180       -2.4072661998752174E-004
  -6.7399999999989113       -1.8853659314466118E-004
  -6.7199999999989046       -1.3235291120133573E-004
  -6.6999999999988979       -7.2202889030734688E-005
  -6.6799999999988913       -8.1147903362016441E-006
  -6.6599999999988846        5.9883796610245951E-005
  -6.6399999999988779        1.3176748906753509E-004
  -6.6199999999988712        2.0751453412932427E-004
  -6.5999999999988646        2.8710812179655375E-004
  -6.5799999999988579        3.7053758722377416E-004
  -6.5599999999988512        4.5779950773982425E-004
  -6.5399999999988445        5.4889870453286014E-004
  -6.5199999999988378        6.4384916206468345E-004
  -6.4999999999988312        7.4267488017669262E-004
  -6.4799999999988245        8.4541067438301796E-004
  -6.4599999999988178        9.5210293898470740E-004
  -6.4399999999988111        1.0628103854317371E-003
  -6.4199999999988044        1.1776047649227925E-003
  -6.3999999999987978        1.2965715797456404E-003
  -6.3799999999987911        1.4198107825642077E-003
  -6.3599999999987844        1.5474374570382571E-003
  -6.3399999999987777        1.6795824671394708E-003
  -6.3199999999987710        1.8163930566449864E-003
  -6.2999999999987644        1.9580333748950934E-003
  -6.2799999999987577        2.1046849003291926E-003
  -6.2599999999987510        2.2565467298728903E-003
  -6.2399999999987443        2.4138357002055004E-003
  -6.2199999999987376        2.5767863065007312E-003
  -6.1999999999987310        2.7456503855500082E-003
  -6.1799999999987243        2.9206965333120403E-003
  -6.1599999999987176        3.1022092318795207E-003
  -6.1399999999987109        3.2904876675136233E-003
  -6.1199999999987043        3.4858442296021733E-003
  -6.0999999999986976        3.6886026899004558E-003
  -6.0799999999986909        3.8990960719002916E-003
  -6.0599999999986842        4.1176642312830275E-003
  -6.0399999999986775        4.3446511797409415E-003
  -6.0199999999986709        4.5804021955752530E-003
  -5.9999999999986642        4.8252607749688075E-003
  -5.9799999999986575        5.0795654872766464E-003
  -5.9599999999986508        5.3436468056917586E-003
  -5.9399999999986441        5.6178239908973478E-003
  -5.9199999999986375        5.9024021095369032E-003
  -5.8999999999986308        6.1976692713292744E-003
  -5.8799999999986241        6.5038941683103670E-003
  -5.8599999999986174        6.8213239969825675E-003
  -5.8399999999986107        7.1501828391593650E-003
  -5.8199999999986041        7.4906705701683896E-003
  -5.7999999999985974        7.8429623540563678E-003
  -5.7799999999985907        8.2072087748381040E-003
  -5.7599999999985840        8.5835366410102077E-003
  -5.7399999999985774        8.9720504879272998E-003
  -5.7199999999985707        9.3728347896374128E-003
  -5.6999999999985640        9.7859568788416697E-003
  -5.6799999999985573        1.0211470561200279E-002
  -5.6599999999985506        1.0649420398642386E-002
  -5.6399999999985440        1.1099846625998885E-002
  -5.6199999999985373        1.1562790656431499E-002
  -5.5999999999985306        1.2038301123987773E-002
  -5.5799999999985239        1.2526440406272656E-002
  -5.5599999999985172        1.3027291566730829E-002
  -5.5399999999985106        1.3540965654303166E-002
  -5.5199999999985039        1.4067609298115964E-002
  -5.4999999999984972        1.4607412536149635E-002
  -5.4799999999984905        1.5160616819229103E-002
  -5.4599999999984838        1.5727523134837239E-002
  -5.4399999999984772        1.6308500198806378E-002
  -5.4199999999984705        1.6903992666504136E-002
  -5.3999999999984638        1.7514529318328694E-002
  -5.3799999999984571        1.8140731176809709E-002
  -5.3599999999984504        1.8783319514082533E-002
  -5.3399999999984438        1.9443123708720339E-002
  -5.3199999999984371        2.0121088909720364E-002
  -5.2999999999984304        2.0818283462769042E-002
  -5.2799999999984237        2.1535906049785090E-002
  -5.2599999999984171        2.2275292487276166E-002
  -5.2399999999984104        2.3037922122457168E-002
  -5.2199999999984037        2.3825423758663880E-002
  -5.1999999999983970        2.4639581033724354E-002
  -5.1799999999983903        2.5482337167052137E-002
  -5.1599999999983837        2.6355798983766183E-002
  -5.1399999999983770        2.7262240117603302E-002
  -5.1199999999983703        2.8204103289256110E-002
  -5.0999999999983636        2.9184001553483021E-002
  -5.0799999999983569        3.0204718407308859E-002
  -5.0599999999983503        3.1269206653182662E-002
  -5.0399999999983436        3.2380585915335498E-002
  -5.0199999999983369        3.3542138714916257E-002
  -4.9999999999983302        3.4757305019815693E-002
  -4.9799999999983235        3.6029675198313779E-002
  -4.9599999999983169        3.7362981321621053E-002
  -4.9399999999983102        3.8761086778697468E-002
  -4.9199999999983035        4.0227974187019115E-002
  -4.8999999999982968        4.1767731604729713E-002
  -4.8799999999982901        4.3384537072288822E-002
  -4.8599999999982835        4.5082641534721579E-002
  -4.8399999999982768        4.6866350218252625E-002
  -4.8199999999982701        4.8740002556866543E-002
  -4.7999999999982634        5.0707950784591088E-002
  -4.7799999999982568        5.2774537327532033E-002
  -4.7599999999982501        5.4944071145451107E-002
  -4.7399999999982434        5.7220803185623649E-002
  -4.7199999999982367        5.9608901121613371E-002
  -4.6999999999982300        6.2112423556331196E-002
  -4.6799999999982234        6.4735293872310931E-002
  -4.6599999999982167        6.7481273912675679E-002
  -4.6399999999982100        7.0353937674009881E-002
  -4.6199999999982033        7.3356645187640637E-002
  -4.5999999999981966        7.6492516759089302E-002
  -4.5799999999981900        7.9764407727161327E-002
  -4.5599999999981833        8.3174883894819279E-002
  -4.5399999999981766        8.6726197774150790E-002
  -4.5199999999981699        9.0420265777933884E-002
  -4.4999999999981632        9.4258646480954653E-002
  -4.4799999999981566        9.8242520065787278E-002
  -4.4599999999981499       0.10237266906050042     
  -4.4399999999981432       0.10664946046993419     
  -4.4199999999981365       0.11107282939790994     
  -4.3999999999981299       0.11564226425496951     
  -4.3799999999981232       0.12035679364488283     
  -4.3599999999981165       0.12521497502294454     
  -4.3399999999981098       0.13021488521970517     
  -4.3199999999981031       0.13535411292479746     
  -4.2999999999980965       0.14062975322646995     
  -4.2799999999980898       0.14603840430281073     
  -4.2599999999980831       0.15157616635990998     
  -4.2399999999980764       0.15723864290989611     
  -4.2199999999980697       0.16302094447739707     
  -4.1999999999980631       0.16891769481620236     
  -4.1799999999980564       0.17492303970840234     
  -4.1599999999980497       0.18103065840592170     
  -4.1399999999980430       0.18723377775910191     
  -4.1199999999980363       0.19352518905887775     
  -4.0999999999980297       0.19989726759842197     
  -4.0799999999980230       0.20634199493717204     
  -4.0599999999980163       0.21285098382542997     
  -4.0399999999980096       0.21941550572175078     
  -4.0199999999980029       0.22602652080877209     
  -3.9999999999979963       0.23267471038661119     
  -3.9799999999979896       0.23935051149721223     
  -3.9599999999979829       0.24604415360867918     
  -3.9399999999979762       0.25274569716633599     
  -3.9199999999979696       0.25944507379755716     
  -3.8999999999979629       0.26613212794073138     
  -3.8799999999979562       0.27279665965542288     
  -3.8599999999979495       0.27942846836100810     
  -3.8399999999979428       0.28601739724489716     
  -3.8199999999979362       0.29255337807870424     
  -3.7999999999979295       0.29902647618124095     
  -3.7799999999979228       0.30542693527051279     
  -3.7599999999979161       0.31174522195254117     
  -3.7399999999979094       0.31797206960223334     
  -3.7199999999979028       0.32409852139997414     
  -3.6999999999978961       0.33011597229654283     
  -3.6799999999978894       0.33601620968759593     
  -3.6599999999978827       0.34179145258676652     
  -3.6399999999978760       0.34743438909281998     
  -3.6199999999978694       0.35293821195084107     
  -3.5999999999978627       0.35829665200982685     
  -3.5799999999978560       0.36350400937911354     
  -3.5599999999978493       0.36855518208382188     
  -3.5399999999978427       0.37344569201510902     
  -3.5199999999978360       0.37817170796479327     
  -3.4999999999978293       0.38273006552637118     
  -3.4799999999978226       0.38711828363617257     
  -3.4599999999978159       0.39133457752014161     
  -3.4399999999978093       0.39537786780427386     
  -3.4199999999978026       0.39924778554094742     
  -3.3999999999977959       0.40294467290010483     
  -3.3799999999977892       0.40646957927428490     
  -3.3599999999977825       0.40982425255061933     
  -3.3399999999977759       0.41301112531179923     
  -3.3199999999977692       0.41603329574208442     
  -3.2999999999977625       0.41889450303418513     
  -3.2799999999977558       0.42159909711832827     
  -3.2599999999977491       0.42415200256615804     
  -3.2399999999977425       0.42655867655906454     
  -3.2199999999977358       0.42882506085274064     
  -3.1999999999977291       0.43095752771678125     
  -3.1799999999977224       0.43296281987922186     
  -3.1599999999977157       0.43484798456041407     
  -3.1399999999977091       0.43662030173760785     
  -3.1199999999977024       0.43828720684032751     
  -3.0999999999976957       0.43985620813605902     
  -3.0799999999976890       0.44133479912521617     
  -3.0599999999976824       0.44273036632293383     
  -3.0399999999976757       0.44405009286236952     
  -3.0199999999976690       0.44530085840924216     
  -2.9999999999976623       0.44648913592989697     
  -2.9799999999976556       0.44762088590500243     
  -2.9599999999976490       0.44870144862785583     
  -2.9399999999976423       0.44973543527019921     
  -2.9199999999976356       0.45072661843954520     
  -2.8999999999976289       0.45167782299036247     
  -2.8799999999976222       0.45259081788745631     
  -2.8599999999976156       0.45346620995354131     
  -2.8399999999976089       0.45430334036476872     
  -2.8199999999976022       0.45510018478785719     
  -2.7999999999975955       0.45585325808063265     
  -2.7799999999975888       0.45655752450413517     
  -2.7599999999975822       0.45720631441879478     
  -2.7399999999975755       0.45779124845912145     
  -2.7199999999975688       0.45830217020037589     
  -2.6999999999975621       0.45872708834596865     
  -2.6799999999975554       0.45905212947503737     
  -2.6599999999975488       0.45926150239464203     
  -2.6399999999975421       0.45933747513908746     
  -2.6199999999975354       0.45926036564880884     
  -2.5999999999975287       0.45900854714158118     
  -2.5799999999975221       0.45855846915836262     
  -2.5599999999975154       0.45788469522339770     
  -2.5399999999975087       0.45695995800229838     
  -2.5199999999975020       0.45575523277158286     
  -2.4999999999974953       0.45423982992780643     
  -2.4799999999974887       0.45238150716351194     
  -2.4599999999974820       0.45014660182039795     
  -2.4399999999974753       0.44750018379750872     
  -2.4199999999974686       0.44440622924426770     
  -2.3999999999974619       0.44082781510546520     
  -2.3799999999974553       0.43672733440900041     
  -2.3599999999974486       0.43206673199853851     
  -2.3399999999974419       0.42680776021389610     
  -2.3199999999974352       0.42091225381374014     
  -2.2999999999974285       0.41434242322010856     
  -2.2799999999974219       0.40706116494443756     
  -2.2599999999974152       0.39903238783248118     
  -2.2399999999974085       0.39022135354296206     
  -2.2199999999974018       0.38059502945424295     
  -2.1999999999973952       0.37012245197694466     
  -2.1799999999973885       0.35877509804034224     
  -2.1599999999973818       0.34652726231849457     
  -2.1399999999973751       0.33335643757026778     
  -2.1199999999973684       0.31924369528737895     
  -2.0999999999973618       0.30417406367786554     
  -2.0799999999973551       0.28813689986042773     
  -2.0599999999973484       0.27112625300927784     
  -2.0399999999973417       0.25314121507067006     
  -2.0199999999973350       0.23418625557256095     
  -1.9999999999973281       0.21427153696901294     
  -1.9799999999973212       0.19341320690243050     
  -1.9599999999973143       0.17163366373083710     
  -1.9399999999973074       0.14896179165574167     
  -1.9199999999973005       0.12543316180027983     
  -1.8999999999972936       0.10109019562908617     
  -1.8799999999972867        7.5982287172578267E-002
  -1.8599999999972798        5.0165880621093208E-002
  -1.8399999999972729        2.3704499990622477E-002
  -1.8199999999972660       -3.3312722661579539E-003
  -1.7999999999972591       -3.0863870620165584E-002
  -1.7799999999972522       -5.8808878464812649E-002
  -1.7599999999972453       -8.7075219130115261E-002
  -1.7399999999972384      -0.11556540795506616     
  -1.7199999999972315      -0.14417586708383739     
  -1.6999999999972246      -0.17279730422939246     
  -1.6799999999972177      -0.20131515618146206     
  -1.6599999999972108      -0.22961009732524262     
  -1.6399999999972039      -0.25755861288380782     
  -1.6199999999971970      -0.28503363600322507     
  -1.5999999999971901      -0.31190524716751322     
  -1.5799999999971832      -0.33804143376462614     
  -1.5599999999971763      -0.36330890692913054     
  -1.5399999999971694      -0.38757397206749383     
  -1.5199999999971625      -0.41070344873420039     
  -1.4999999999971556      -0.43256563477813870     
  -1.4799999999971487      -0.45303130892659538     
  -1.4599999999971418      -0.47197476522707382     
  -1.4399999999971349      -0.48927487203393782     
  -1.4199999999971280      -0.50481614751694237     
  -1.3999999999971211      -0.51848984299193634     
  -1.3799999999971142      -0.53019502474038693     
  -1.3599999999971073      -0.53983964440440901     
  -1.3399999999971004      -0.54734158752791695     
  -1.3199999999970935      -0.55262968937307366     
  -1.2999999999970866      -0.55564470678461209     
  -1.2799999999970797      -0.55634023461326532     
  -1.2599999999970728      -0.55468355505341760     
  -1.2399999999970659      -0.55065640820875961     
  -1.2199999999970590      -0.54425567228252369     
  -1.1999999999970521      -0.53549394200418476     
  -1.1799999999970452      -0.52439999426030970     
  -1.1599999999970383      -0.51101913040033786     
  -1.1399999999970314      -0.49541338534448043     
  -1.1199999999970245      -0.47766159443505757     
  -1.0999999999970176      -0.45785930994779805     
  -1.0799999999970107      -0.43611856031707946     
  -1.0599999999970038      -0.41256744642846016     
  -1.0399999999969969      -0.38734957079027088     
  -1.0199999999969900      -0.36062329700830137     
 -0.99999999999698319      -0.33256083874585446     
 -0.97999999999697640      -0.30334717924463755     
 -0.95999999999696961      -0.27317882449619341     
 -0.93999999999696282      -0.24226239527130711     
 -0.91999999999695603      -0.21081306541532333     
 -0.89999999999694924      -0.17905285607615909     
 -0.87999999999694245      -0.14720879782122176     
 -0.85999999999693566      -0.11551097488830545     
 -0.83999999999692887       -8.4190468069561930E-002
 -0.81999999999692208       -5.3477214909826341E-002
 -0.79999999999691529       -2.3597807971557874E-002
 -0.77999999999690850        5.2267461626519969E-003
 -0.75999999999690171        3.2783282754817379E-002
 -0.73999999999689492        5.8868723761022021E-002
 -0.71999999999688813        8.3292284574473283E-002
 -0.69999999999688134       0.10587761468138776     
 -0.67999999999687455       0.12646484371594371     
 -0.65999999999686776       0.14491250425813604     
 -0.63999999999686097       0.16109930299580200     
 -0.61999999999685418       0.17492571259277789     
 -0.59999999999684739       0.18631535778572256     
 -0.57999999999684060       0.19521617088151114     
 -0.55999999999683381       0.20160129394566137     
 -0.53999999999682702       0.20546970755121780     
 -0.51999999999682023       0.20684656897852260     
 -0.49999999999681344       0.20578324619104651     
 -0.47999999999680665       0.20235703772278171     
 -0.45999999999679986       0.19667057275073052     
 -0.43999999999679307       0.18885089003469036     
 -0.41999999999678628       0.17904819902027372     
 -0.39999999999677949       0.16743433114685960     
 -0.37999999999677270       0.15420089420064462     
 -0.35999999999676591       0.13955714732002902     
 -0.33999999999675912       0.12372761890890226     
 -0.31999999999675233       0.10694949415439314     
 -0.29999999999674554        8.9469802991113109E-002
 -0.27999999999673875        7.1542443118343971E-002
 -0.25999999999673196        5.3425075978923750E-002
 -0.23999999999672514        3.5375936374247054E-002
 -0.21999999999671832        1.7650598552717604E-002
 -0.19999999999671150        4.9874311320055836E-004
 -0.17999999999670468       -1.5839030133761825E-002
 -0.15999999999669787       -3.1134298137171924E-002
 -0.13999999999669105       -4.5173774883809768E-002
 -0.11999999999668425       -5.7762092896171319E-002
  -9.9999999996677441E-002  -6.8724365041940835E-002
  -7.9999999996670637E-002  -7.7908488638980561E-002
  -5.9999999996663833E-002  -8.5187157402213207E-002
  -3.9999999996657029E-002  -9.0459550954460219E-002
  -1.9999999996650222E-002  -9.3652676342264027E-002
   3.3565858426065631E-012  -9.4722341178305483E-002
   2.0000000003363393E-002  -9.3653743582497728E-002
   4.0000000003370201E-002  -9.0461669914500609E-002
   6.0000000003377005E-002  -8.5190297275569357E-002
   8.0000000003383809E-002  -7.7912603798094712E-002
  0.10000000000339061       -6.8729395726431122E-002
  0.12000000000339742       -5.7767966113386394E-002
  0.14000000000340423       -4.5180405507416400E-002
  0.16000000000341105       -3.1141590186387121E-002
  0.18000000000341787       -1.5846878213021717E-002
  0.20000000000342469        4.9045223680709482E-004
  0.22000000000343151        1.7641984259020724E-002
  0.24000000000343832        3.5367122413012549E-002
  0.26000000000344514        5.3416188633993111E-002
  0.28000000000345193        7.1533609341349558E-002
  0.30000000000345872        8.9461148533532125E-002
  0.32000000000346551       0.10694114172654010     
  0.34000000000347230       0.12371968639383733     
  0.36000000000347909       0.13954974606929679     
  0.38000000000348588       0.15419412743725480     
  0.40000000000349267       0.16742829249904256     
  0.42000000000349946       0.17904297120729781     
  0.44000000000350625       0.18884654372345558     
  0.46000000000351304       0.19666716559904393     
  0.48000000000351983       0.20235461362214621     
  0.50000000000352662       0.20578183471859710     
  0.52000000000353341       0.20684618506440813     
  0.54000000000354020       0.20547035136435204     
  0.56000000000354699       0.20160295099738057     
  0.58000000000355378       0.19521881234335908     
  0.60000000000356057       0.18631894101436597     
  0.62000000000356736       0.17493018185199716     
  0.64000000000357415       0.16110459036265101     
  0.66000000000358094       0.14491853069775856     
  0.68000000000358773       0.12647152030720429     
  0.70000000000359452       0.10588484397346656     
  0.72000000000360131        8.3299962052898621E-002
  0.74000000000360810        5.8876739400295856E-002
  0.76000000000361490        3.2791522633842066E-002
  0.78000000000362169        5.2350941185964912E-003
  0.80000000000362848       -2.3589468675508346E-002
  0.82000000000363527       -5.3468999927215578E-002
  0.84000000000364206       -8.4182490347742472E-002
  0.86000000000364885      -0.11550334310280808     
  0.88000000000365564      -0.14720161488916839     
  0.90000000000366243      -0.17904621776896190     
  0.92000000000366922      -0.21080705908915096     
  0.94000000000367601      -0.24225709873178228     
  0.96000000000368280      -0.27317430501158879     
  0.98000000000368959      -0.30334349271945654     
   1.0000000000036964      -0.33255802906419496     
   1.0200000000037033      -0.36062139555381928     
   1.0400000000037102      -0.38734859614692940     
   1.0600000000037171      -0.41256740426362332     
   1.0800000000037240      -0.43611944344589626     
   1.1000000000037309      -0.45786109857530316     
   1.1200000000037378      -0.47766425656995620     
   1.1400000000037447      -0.49541687737630979     
   1.1600000000037516      -0.51102339782953821     
   1.1800000000037585      -0.52440497256880103     
   1.2000000000037654      -0.53549955765230906     
   1.2200000000037723      -0.54426184381668574     
   1.2400000000037792      -0.55066304746287431     
   1.2600000000037861      -0.55469056842622799     
   1.2800000000037930      -0.55634752440290569     
   1.3000000000037999      -0.55565217256128130     
   1.3200000000038068      -0.55263722937052484     
   1.3400000000038137      -0.54734910003451753     
   1.3600000000038206      -0.53984702913488458     
   1.3800000000038275      -0.53020218416992348     
   1.4000000000038344      -0.51849668363514367     
   1.4200000000038413      -0.50482258113524159     
   1.4400000000038482      -0.48928081675615387     
   1.4600000000038551      -0.47198014656947179     
   1.4800000000038620      -0.45303606070014613     
   1.5000000000038689      -0.43256969987256194     
   1.5200000000038758      -0.41070677977012598     
   1.5400000000038827      -0.38757653191001662     
   1.5600000000038896      -0.36331066905797976     
   1.5800000000038965      -0.33804238249817459     
   1.6000000000039034      -0.31190537773984056     
   1.6200000000039103      -0.28503295449541471     
   1.6400000000039172      -0.25755713601256502     
   1.6600000000039241      -0.22960785209378012     
   1.6800000000039310      -0.20131217939931836     
   1.7000000000039379      -0.17279364190947685     
   1.7200000000039448      -0.14417157372648853     
   1.7400000000039517      -0.11556054573021804     
   1.7600000000039586       -8.7069856969839945E-002
   1.7800000000039655       -5.8803091079472132E-002
   1.8000000000039724       -3.0857737452201175E-002
   1.8200000000039793       -3.3248763961203462E-003
   1.8400000000039862        2.3711072970801439E-002
   1.8600000000039931        5.0172543752411106E-002
   1.8800000000040000        7.5988953275686194E-002
   1.9000000000040069       0.10109677843848634     
   1.9200000000040138       0.12543957707144240     
   1.9400000000040207       0.14896795823118919     
   1.9600000000040276       0.17163950455198981     
   1.9800000000040345       0.19341864995491928     
   2.0000000000040412       0.21427651615023166     
   2.0200000000040479       0.23419071147140336     
   2.0400000000040546       0.25314509565068755     
   2.0600000000040612       0.27112951418787840     
   2.0800000000040679       0.28813950597819343     
   2.1000000000040746       0.30417598785355482     
   2.1200000000040813       0.31924491965573087     
   2.1400000000040880       0.33335695340125165     
   2.1600000000040946       0.34652707001820693     
   2.1800000000041013       0.35877420703523805     
   2.2000000000041080       0.37012088048456393     
   2.2200000000041147       0.38059280414498625     
   2.2400000000041214       0.39021850909878003     
   2.2600000000041280       0.39902896640956981     
   2.2800000000041347       0.40705721554813523     
   2.3000000000041414       0.41433800100117379     
   2.3200000000041481       0.42090741929604958     
   2.3400000000041548       0.42680257846431813     
   2.3600000000041614       0.43206127175029890     
   2.3800000000041681       0.43672166715027233     
   2.4000000000041748       0.44082201414518729     
   2.4200000000041815       0.44440036876727551     
   2.4400000000041882       0.44749433792104659     
   2.4600000000041948       0.45014084366385576     
   2.4800000000042015       0.45237590794289423     
   2.5000000000042082       0.45423445808595997     
   2.5200000000042149       0.45575015315459594     
   2.5400000000042215       0.45695523109173503     
   2.5600000000042282       0.45788037643320245     
   2.5800000000042349       0.45855460820432736     
   2.6000000000042416       0.45900518749021796     
   2.6200000000042483       0.45925754405141073     
   2.6400000000042549       0.45933522125558007     
   2.6600000000042616       0.45925983851064561     
   2.6800000000042683       0.45905107031436282     
   2.7000000000042750       0.45872664097951432     
   2.7200000000042817       0.45830233405121118     
   2.7400000000042883       0.45779201540232178     
   2.7600000000042950       0.45720766897345932     
   2.7800000000043017       0.45655944411388905     
   2.8000000000043084       0.45585571347789305     
   2.8200000000043151       0.45510314043616501     
   2.8400000000043217       0.45430675497260614     
   2.8600000000043284       0.45347003705227412     
   2.8800000000043351       0.45259500646536033     
   2.9000000000043418       0.45168231817412008     
   2.9200000000043485       0.45073136221414095     
   2.9400000000043551       0.44974036722781641     
   2.9600000000043618       0.44870650673615209     
   2.9800000000043685       0.44762600728507207     
   3.0000000000043752       0.44649425763422546     
   3.0200000000043818       0.44530591819014015     
   3.0400000000043885       0.44405502992161910     
   3.0600000000043952       0.44273512203375570     
   3.0800000000044019       0.44133931771814400     
   3.1000000000044086       0.43986043734088182     
   3.1200000000044152       0.43829109847691211     
   3.1400000000044219       0.43662381224915969     
   3.1600000000044286       0.43485107548351465     
   3.1800000000044353       0.43296545824586635     
   3.2000000000044420       0.43095968638451637     
   3.2200000000044486       0.42882671875995371     
   3.2400000000044553       0.42655981890340938     
   3.2600000000044620       0.42415262090509165     
   3.2800000000044687       0.42159918939166408     
   3.3000000000044754       0.41889407350953189     
   3.3200000000044820       0.41603235488494239     
   3.3400000000044887       0.41300968958298478     
   3.3600000000044954       0.40982234413450142     
   3.3800000000045021       0.40646722574211064     
   3.4000000000045087       0.40294190681340808     
   3.4200000000045154       0.39924464400065240     
   3.4400000000045221       0.39537439195170798     
   3.4600000000045288       0.39133081199660991     
   3.4800000000045355       0.38711427600817394     
   3.5000000000045421       0.38272586568381906     
   3.5200000000045488       0.37816736749981034     
   3.5400000000045555       0.37344126358909147     
   3.5600000000045622       0.36855071879047563     
   3.5800000000045689       0.36349956411110151     
   3.6000000000045755       0.35829227683650111     
   3.6200000000045822       0.35293395751427975     
   3.6400000000045889       0.34743030402906711     
   3.6600000000045956       0.34178758297875178     
   3.6800000000046023       0.33601259855574944     
   3.7000000000046089       0.33011265913256282     
   3.7200000000046156       0.32409554174861371     
   3.7400000000046223       0.31796945469532367     
   3.7600000000046290       0.31174299839879177     
   3.7800000000046357       0.30542512480389317     
   3.8000000000046423       0.29902509547003536     
   3.8200000000046490       0.29255243859655961     
   3.8400000000046557       0.28601690520444367     
   3.8600000000046624       0.27942842470988105     
   3.8800000000046690       0.27279706013378174     
   3.9000000000046757       0.26613296319866347     
   3.9200000000046824       0.25944632957007313     
   3.9400000000046891       0.25274735450303365     
   3.9600000000046958       0.24604618915454454     
   3.9800000000047024       0.23935289782050115     
   4.0000000000047091       0.23267741634926173     
   4.0200000000047158       0.22602951197437557     
   4.0400000000047225       0.21941874479576085     
   4.0600000000047292       0.21285443112199581     
   4.0800000000047358       0.20634560886676973     
   4.1000000000047425       0.19990100517030998     
   4.1200000000047492       0.19352900639234286     
   4.1400000000047559       0.18723763059744336     
   4.1600000000047626       0.18103450262721499     
   4.1800000000047692       0.17492683182720697     
   4.2000000000047759       0.16892139247059246     
   4.2200000000047826       0.16302450689595208     
   4.2400000000047893       0.15724203135362502     
   4.2600000000047960       0.15157934453444352     
   4.2800000000048026       0.14604133873663008     
   4.3000000000048093       0.14063241361140022     
   4.3200000000048160       0.13535647241549059     
   4.3400000000048227       0.13021692068936983     
   4.3600000000048293       0.12521666727312222     
   4.3800000000048360       0.12035812756763632     
   4.4000000000048427       0.11564322894642155     
   4.4200000000048494       0.11107341822264102     
   4.4400000000048561       0.10664967107631602     
   4.4600000000048627       0.10237250334759743     
   4.4800000000048694        9.8241984102998475E-002
   4.5000000000048761        9.4257750382078523E-002
   4.5200000000048828        9.0419023531828763E-002
   4.5400000000048895        8.6724627034612048E-002
   4.5600000000048961        8.3173005732710081E-002
   4.5800000000049028        7.9762246348202684E-002
   4.6000000000049095        7.6490099191042979E-002
   4.6200000000049162        7.3354000940895961E-002
   4.6400000000049229        7.0351098379809060E-002
   4.6600000000049295        6.7478272943392426E-002
   4.6800000000049362        6.4732165948313714E-002
   4.7000000000049429        6.2109204344035704E-002
   4.7200000000049496        5.9605626827339921E-002
   4.7400000000049562        5.7217510149843429E-002
   4.7600000000049629        5.4940795441913624E-002
   4.7800000000049696        5.2771314371632155E-002
   4.8000000000049763        5.0704814955153499E-002
   4.8200000000049830        4.8736986835296807E-002
   4.8400000000049896        4.6863485848740428E-002
   4.8600000000049963        4.5079957708881374E-002
   4.8800000000050030        4.3382060641289327E-002
   4.9000000000050097        4.1765486821600667E-002
   4.9200000000050164        4.0225982481444676E-002
   4.9400000000050230        3.8759366566198591E-002
   4.9600000000050297        3.7361547848618795E-002
   4.9800000000050364        3.6028540424138528E-002
   5.0000000000050431        3.4756477536302600E-002
   5.0200000000050498        3.3541623703800219E-002
   5.0400000000050564        3.2380385143241680E-002
   5.0600000000050631        3.1269318503599146E-002
   5.0800000000050698        3.0205137948533162E-002
   5.1000000000050765        2.9184720641165052E-002
   5.1200000000050832        2.8205110701802438E-002
   5.1400000000050898        2.7263521722388977E-002
   5.1600000000050965        2.6357337931800836E-002
   5.1800000000051032        2.5484114113486830E-002
   5.2000000000051099        2.4641574381353930E-002
   5.2200000000051165        2.3827609921389620E-002
   5.2400000000051232        2.3040275805515854E-002
   5.2600000000051299        2.2277786980927160E-002
   5.2800000000051366        2.1538513533065941E-002
   5.3000000000051433        2.0820975313890672E-002
   5.3200000000051499        2.0123836019671212E-002
   5.3400000000051566        1.9445896794682813E-002
   5.3600000000051633        1.8786089429336579E-002
   5.3800000000051700        1.8143469213903290E-002
   5.4000000000051767        1.7517207502432641E-002
   5.4200000000051833        1.6906584036036135E-002
   5.4400000000051900        1.6310979070603214E-002
   5.4600000000051967        1.5729865351376181E-002
   5.4800000000052034        1.5162799975637522E-002
   5.5000000000052101        1.4609416185005324E-002
   5.5200000000052167        1.4069415130313316E-002
   5.5400000000052234        1.3542557654549854E-002
   5.5600000000052301        1.3028656142534734E-002
   5.5800000000052368        1.2527566489580701E-002
   5.6000000000052435        1.2039180244941904E-002
   5.6200000000052501        1.1563416989009827E-002
   5.6400000000052568        1.1100217005607508E-002
   5.6600000000052635        1.0649534312014623E-002
   5.6800000000052702        1.0211330109239851E-002
   5.7000000000052768        9.7855667133151664E-003
   5.7200000000052835        9.3722020248717293E-003
   5.7400000000052902        8.9711845889037765E-003
   5.7600000000052969        8.5824492894606402E-003
   5.7800000000053036        8.2059137151425984E-003
   5.8000000000053102        7.8414752209115812E-003
   5.8200000000053169        7.4890087001423999E-003
   5.8400000000053236        7.1483650683695360E-003
   5.8600000000053303        6.8193704472285970E-003
   5.8800000000053370        6.5018260240632588E-003
   5.9000000000053436        6.1955085500203103E-003
   5.9200000000053503        5.9001714276070817E-003
   5.9400000000053570        5.6155463280587624E-003
   5.9600000000053637        5.3413452698188400E-003
   5.9800000000053704        5.0772630822864921E-003
   6.0000000000053770        4.8229801739700252E-003
   6.0200000000053837        4.5781655214610526E-003
   6.0400000000053904        4.3424797952814134E-003
   6.0600000000053971        4.1155785406295402E-003
   6.0800000000054037        3.8971153352594452E-003
   6.1000000000054104        3.6867448529629364E-003
   6.1200000000054171        3.4841257691292948E-003
   6.1400000000054238        3.2889234542906646E-003
   6.1600000000054305        3.1008124120439646E-003
   6.1800000000054371        2.9194784288583825E-003
   6.2000000000054438        2.7446204146036116E-003
   6.2200000000054505        2.5759519237413351E-003
   6.2400000000054572        2.4132023576126358E-003
   6.2600000000054639        2.2561178577594140E-003
   6.2800000000054705        2.1044619084270963E-003
   6.3000000000054772        1.9580156730661848E-003
   6.3200000000054839        1.8165780946034365E-003
   6.3400000000054906        1.6799657924000478E-003
   6.3600000000054973        1.5480127901427050E-003
   6.3800000000055039        1.4205701084903986E-003
   6.4000000000055106        1.2975052542707616E-003
   6.4200000000055173        1.1787016345941304E-003
   6.4400000000055240        1.0640579196977025E-003
   6.4600000000055307        9.5348737295371981E-004
   6.4800000000055373        8.4691716061107303E-004
   6.5000000000055440        7.4428764783442808E-004
   6.5200000000055507        6.4555168180282802E-004
   6.5400000000055574        5.5067385734900560E-004
   6.5600000000055640        4.5962975615206921E-004
   6.5800000000055707        3.7240514707465039E-004
   6.6000000000055774        2.8899513304371548E-004
   6.6200000000055841        2.0940322902990787E-004
   6.6400000000055908        1.3364035622397019E-004
   6.6600000000055974        6.1723739422569836E-005
   6.6800000000056041       -6.3243021797074471E-006
   6.7000000000056108       -7.0477676293668361E-005
   6.7200000000056175       -1.3070795123222714E-004
   6.7400000000056242       -1.8698589644770264E-004
   6.7600000000056308       -2.3928311815466115E-004
   6.7800000000056375       -2.8757377203264984E-004
   6.8000000000056442       -3.3183632902488813E-004
   6.8200000000056509       -3.7205536484294100E-004
   6.8400000000056576       -4.0822333923709679E-004
   6.8600000000056642       -4.4034232763775176E-004
   6.8800000000056709       -4.6842566561763860E-004
   6.9000000000056776       -4.9249946589966539E-004
   6.9200000000056843       -5.1260396842547516E-004
   6.9400000000056909       -5.2879468631313964E-004
   6.9600000000056976       -5.4114331431374008E-004
   6.9800000000057043       -5.4973837151068932E-004
   7.0000000000057110       -5.5468555630938784E-004
   7.0200000000057177       -5.5610779901670915E-004
   7.0400000000057243       -5.5414500523563227E-004
   7.0600000000057310       -5.4895349160444880E-004
   7.0800000000057377       -5.4070512377725824E-004
   7.1000000000057444       -5.2958617465719601E-004
   7.1200000000057511       -5.1579592844451538E-004
   7.1400000000057577       -4.9954506277205763E-004
   7.1600000000057644       -4.8105384681641902E-004
   7.1800000000057711       -4.6055019759316432E-004
   7.2000000000057778       -4.3826763952268903E-004
   7.2200000000057845       -4.1444321369375455E-004
   7.2400000000057911       -3.8931538303113344E-004
   7.2600000000057978       -3.6312197782459489E-004
   7.2800000000058045       -3.3609822289661908E-004
   7.3000000000058112       -3.0847488322209321E-004
   7.3200000000058179       -2.8047655927302274E-004
   7.3400000000058245       -2.5232015697788479E-004
   7.3600000000058312       -2.2421355023105122E-004
   7.3800000000058379       -1.9635444665298330E-004
   7.4000000000058446       -1.6892946007234002E-004
   7.4200000000058512       -1.4211338626859803E-004
   7.4400000000058579       -1.1606867214377332E-004
   7.4600000000058646       -9.0945062917721439E-005
   7.4800000000058713       -6.6879407369121449E-005
   7.5000000000058780       -4.3995597717572995E-005
   7.5200000000058846       -2.2404618567700253E-005
   7.5400000000058913       -2.2046784525094332E-006
   7.5600000000058980        1.6518602087184797E-005
   7.5800000000059047        3.3691970337565093E-005
   7.6000000000059114        4.9254310900503340E-005
   7.6200000000059180        6.3156422930496319E-005
   7.6400000000059247        7.5360818834523051E-005
   7.6600000000059314        8.5841553261313655E-005
   7.6800000000059381        9.4584086056634300E-005
   7.7000000000059448        1.0158517769996639E-004
   7.7200000000059514        1.0685281081517902E-004
   7.7400000000059581        1.1040612689346313E-004
   7.7600000000059648        1.1227536359260132E-004
   7.7800000000059715        1.1250177505426655E-004
   7.8000000000059782        1.1113751574891610E-004
   7.8200000000059848        1.0824546749968639E-004
   7.8400000000059915        1.0389898960010495E-004
   7.8600000000059982        9.8181573306660379E-005
   7.8800000000060049        9.1186384405826307E-005
   7.9000000000060115        8.3015680915392420E-005
   7.9200000000060182        7.3780097138177657E-005
   7.9400000000060249        6.3597790063566105E-005
   7.9600000000060316        5.2593449300037994E-005
   7.9800000000060383        4.0897177098408683E-005
   8.0000000000060449        2.8643250358754656E-005
   8.0200000000060516        1.5968781575133918E-005
   8.0400000000060583        3.0123002456016080E-006
   8.0600000000060650       -1.0087719838647799E-005
   8.0800000000060717       -2.3194358973793208E-005
   8.1000000000060783       -3.6173745091855755E-005
   8.1200000000060850       -4.8896510995307084E-005
   8.1400000000060917       -6.1239183939018342E-005
   8.1600000000060984       -7.3085477482704887E-005
   8.1800000000061051       -8.4327457874509366E-005
   8.2000000000061117       -9.4866560553608477E-005
   8.2200000000061184       -1.0461443654336257E-004
   8.2400000000061251       -1.1349361339317092E-004
   8.2600000000061318       -1.2143796072322328E-004
   8.2800000000061384       -1.2839295612775161E-004
   8.3000000000061451       -1.3431575298255354E-004
   8.3200000000061518       -1.3917505736243247E-004
   8.3400000000061585       -1.4295082659248197E-004
   8.3600000000061652       -1.4563380674115060E-004
   8.3800000000061718       -1.4722493043694087E-004
   8.4000000000061785       -1.4773459961777137E-004
   8.4200000000061852       -1.4718188009103203E-004
   8.4400000000061919       -1.4559363603019416E-004
   8.4600000000061986       -1.4300363273114303E-004
   8.4800000000062052       -1.3945163511557991E-004
   8.5000000000062119       -1.3498252765541715E-004
   8.5200000000062186       -1.2964547869330953E-004
   8.5400000000062253       -1.2349316867977340E-004
   8.5600000000062320       -1.1658109778803769E-004
   8.5800000000062386       -1.0896698388181552E-004
   8.6000000000062453       -1.0071025708597765E-004
   8.6200000000062520       -9.1871652442153894E-005
   8.6400000000062587       -8.2512897512516644E-005
   8.6600000000062654       -7.2696487509159150E-005
   8.6800000000062720       -6.2485536740350823E-005
   8.7000000000062787       -5.1943692020623782E-005
   8.7200000000062854       -4.1135091305383310E-005
   8.7400000000062921       -3.0124349262467761E-005
   8.7600000000062987       -1.8976550829671700E-005
   8.7800000000063054       -7.7572340394911160E-006
   8.8000000000063121        3.4676555097748697E-006
   8.8200000000063188        1.4631854252363763E-005
   8.8400000000063255        2.5668927423496712E-005
   8.8600000000063321        3.6512482892163666E-005
   8.8800000000063388        4.7096458299935658E-005
   8.9000000000063455        5.7355483808245876E-005
   8.9200000000063522        6.7225318699437237E-005
   8.9400000000063589        7.6643356074183313E-005
   8.9600000000063655        8.5549186107465597E-005
   8.9800000000063722        9.3885204922223003E-005
   9.0000000000063789        1.0159725325572560E-004
   9.0200000000063856        1.0863526684324007E-004
   9.0400000000063923        1.1495391891911159E-004
   9.0600000000063989        1.2051323449569084E-004
   9.0800000000064056        1.2527915615411867E-004
   9.1000000000064123        1.2922404196495578E-004
   9.1200000000064190        1.3232707781156430E-004
   9.1400000000064257        1.3457458875145808E-004
   9.1600000000064323        1.3596023702429615E-004
   9.1800000000064390        1.3648509778418891E-004
   9.2000000000064457        1.3615760746148406E-004
   9.2200000000064524        1.3499338369953438E-004
   9.2400000000064590        1.3301491990707275E-004
   9.2600000000064657        1.3025116146388109E-004
   9.2800000000064724        1.2673697436428030E-004
   9.3000000000064791        1.2251252044094351E-004
   9.3200000000064858        1.1762255615832844E-004
   9.3400000000064924        1.1211567419735775E-004
   9.3600000000064991        1.0604350859496560E-004
   9.3800000000065058        9.9459925001698946E-005
   9.4000000000065125        9.2420217657734107E-005
   9.4200000000065192        8.4980333968427894E-005
   9.4400000000065258        7.7196146122006812E-005
   9.4600000000065325        6.9122787096049490E-005
   9.4800000000065392        6.0814065732647384E-005
   9.5000000000065459        5.2321972431305885E-005
   9.5200000000065526        4.3696283536528752E-005
   9.5400000000065592        3.4984268816531693E-005
   9.5600000000065659        2.6230502681022599E-005
   9.5800000000065726        1.7476776107947383E-005
   9.6000000000065793        8.7621027775844999E-006
   9.6200000000065859        1.2280977165611730E-007
   9.6400000000065926       -8.4072995043751880E-006
   9.6600000000065993       -1.6796724683268834E-005
   9.6800000000066060       -2.5016006151176128E-005
   9.7000000000066127       -3.3037438095810980E-005
   9.7200000000066193       -4.0834774105656145E-005
   9.7400000000066260       -4.8382942108140455E-005
   9.7600000000066327       -5.5657784365487775E-005
   9.7800000000066394       -6.2635836591113265E-005
   9.8000000000066461       -6.9294158080389427E-005
   9.8200000000066527       -7.5610222159547014E-005
   9.8400000000066594       -8.1561873351115630E-005
   9.8600000000066661       -8.7127354549720564E-005
   9.8800000000066728       -9.2285404319351303E-005
   9.9000000000066795       -9.7015421286205660E-005
   9.9200000000066861       -1.0129768962666159E-004
   9.9400000000066928       -1.0511365695054268E-004
   9.9600000000066995       -1.0844625355289606E-004
   9.9800000000067062       -1.1128024013692719E-004
