  -10.000000000000000       -4.4368818585618428E-013
  -9.9799999999999933       -4.8725023416400493E-013
  -9.9599999999999866       -5.3494438549694292E-013
  -9.9399999999999800       -5.8714799305699363E-013
  -9.9199999999999733       -6.4427144310052889E-013
  -9.8999999999999666       -7.0676091139524893E-013
  -9.8799999999999599       -7.7510133731539793E-013
  -9.8599999999999532       -8.4981963166692124E-013
  -9.8399999999999466       -9.3148813543135663E-013
  -9.8199999999999399       -1.0207283477815736E-012
  -9.7999999999999332       -1.1182149429574434E-012
  -9.7799999999999265       -1.2246800968988916E-012
  -9.7599999999999199       -1.3409181459216228E-012
  -9.7399999999999132       -1.4677906011902894E-012
  -9.7199999999999065       -1.6062315443001965E-012
  -9.6999999999998998       -1.7572534309249081E-012
  -9.6799999999998931       -1.9219533312284840E-012
  -9.6599999999998865       -2.1015196375820350E-012
  -9.6399999999998798       -2.2972392720684352E-012
  -9.6199999999998731       -2.5105054283133484E-012
  -9.5999999999998664       -2.7428258843474127E-012
  -9.5799999999998597       -2.9958319254910105E-012
  -9.5599999999998531       -3.2712879186631974E-012
  -9.5399999999998464       -3.5711015820563782E-012
  -9.5199999999998397       -3.8973349967923838E-012
  -9.4999999999998330       -4.2522164099915798E-012
  -9.4799999999998263       -4.6381528816474080E-012
  -9.4599999999998197       -5.0577438308124079E-012
  -9.4399999999998130       -5.5137955398734102E-012
  -9.4199999999998063       -6.0093366791283232E-012
  -9.3999999999997996       -6.5476349174832669E-012
  -9.3799999999997929       -7.1322146888691041E-012
  -9.3599999999997863       -7.7668761879413828E-012
  -9.3399999999997796       -8.4557156727794290E-012
  -9.3199999999997729       -9.2031471566478716E-012
  -9.2999999999997662       -1.0013925575431223E-011
  -9.2799999999997596       -1.0893171522108531E-011
  -9.2599999999997529       -1.1846397644602838E-011
  -9.2399999999997462       -1.2879536808528327E-011
  -9.2199999999997395       -1.3998972131770238E-011
  -9.1999999999997328       -1.5211569003478895E-011
  -9.1799999999997262       -1.6524709205937705E-011
  -9.1599999999997195       -1.7946327263889314E-011
  -9.1399999999997128       -1.9484949152273250E-011
  -9.1199999999997061       -2.1149733499952363E-011
  -9.0999999999996994       -2.2950515433882461E-011
  -9.0799999999996928       -2.4897853215321457E-011
  -9.0599999999996861       -2.7003077827075554E-011
  -9.0399999999996794       -2.9278345678457851E-011
  -9.0199999999996727       -3.1736694602571036E-011
  -8.9999999999996660       -3.4392103328747124E-011
  -8.9799999999996594       -3.7259554621461463E-011
  -8.9599999999996527       -4.0355102285809248E-011
  -8.9399999999996460       -4.3695942248660313E-011
  -8.9199999999996393       -4.7300487933936786E-011
  -8.8999999999996326       -5.1188450160021376E-011
  -8.8799999999996260       -5.5380921797173946E-011
  -8.8599999999996193       -5.9900467432938874E-011
  -8.8399999999996126       -6.4771218303900759E-011
  -8.8199999999996059       -7.0018972762776881E-011
  -8.7999999999995993       -7.5671302560694178E-011
  -8.7799999999995926       -8.1757665235606125E-011
  -8.7599999999995859       -8.8309522909123036E-011
  -8.7399999999995792       -9.5360467805553212E-011
  -8.7199999999995725       -1.0294635481868847E-010
  -8.6999999999995659       -1.1110544146373198E-010
  -8.6799999999995592       -1.1987853556384298E-010
  -8.6599999999995525       -1.2930915103292954E-010
  -8.6399999999995458       -1.3944367212860726E-010
  -8.6199999999995391       -1.5033152656160203E-010
  -8.5999999999995325       -1.6202536786027914E-010
  -8.5799999999995258       -1.7458126740138910E-010
  -8.5599999999995191       -1.8805891653051313E-010
  -8.5399999999995124       -2.0252183920802390E-010
  -8.5199999999995057       -2.1803761562854578E-010
  -8.4999999999994991       -2.3467811727399079E-010
  -8.4799999999994924       -2.5251975387203399E-010
  -8.4599999999994857       -2.7164373274345371E-010
  -8.4399999999994790       -2.9213633103298566E-010
  -8.4199999999994724       -3.1408918132912442E-010
  -8.3999999999994657       -3.3759957118864324E-010
  -8.3799999999994590       -3.6277075709134894E-010
  -8.3599999999994523       -3.8971229335973489E-010
  -8.3399999999994456       -4.1854037658652761E-010
  -8.3199999999994390       -4.4937820612068996E-010
  -8.2999999999994323       -4.8235636116904443E-010
  -8.2799999999994256       -5.1761319507618675E-010
  -8.2599999999994189       -5.5529524734971536E-010
  -8.2399999999994122       -5.9555767400093037E-010
  -8.2199999999994056       -6.3856469677260415E-010
  -8.1999999999993989       -6.8449007182558429E-010
  -8.1799999999993922       -7.3351757845414310E-010
  -8.1599999999993855       -7.8584152839634974E-010
  -8.1399999999993788       -8.4166729629997864E-010
  -8.1199999999993722       -9.0121187189639964E-010
  -8.0999999999993655       -9.6470443442432675E-010
  -8.0799999999993588       -1.0323869498321568E-009
  -8.0599999999993521       -1.1045147912712358E-009
  -8.0399999999993454       -1.1813573833733431E-009
  -8.0199999999993388       -1.2631988707826622E-009
  -7.9999999999993321       -1.3503388113861167E-009
  -7.9799999999993254       -1.4430928946556768E-009
  -7.9599999999993187       -1.5417936854812819E-009
  -7.9399999999993121       -1.6467913938339164E-009
  -7.9199999999993054       -1.7584546705541949E-009
  -7.8999999999992987       -1.8771714295120606E-009
  -7.8799999999992920       -2.0033496963284476E-009
  -7.8599999999992853       -2.1374184837883293E-009
  -7.8399999999992787       -2.2798286940070111E-009
  -7.8199999999992720       -2.4310540473371297E-009
  -7.7999999999992653       -2.5915920379219458E-009
  -7.7799999999992586       -2.7619649157109071E-009
  -7.7599999999992519       -2.9427206946555068E-009
  -7.7399999999992453       -3.1344341866967768E-009
  -7.7199999999992386       -3.3377080610394903E-009
  -7.6999999999992319       -3.5531739280822582E-009
  -7.6799999999992252       -3.7814934472356577E-009
  -7.6599999999992185       -4.0233594577132221E-009
  -7.6399999999992119       -4.2794971312197628E-009
  -7.6199999999992052       -4.5506651452897603E-009
  -7.5999999999991985       -4.8376568758426326E-009
  -7.5799999999991918       -5.1413016073224672E-009
  -7.5599999999991851       -5.4624657585747535E-009
  -7.5399999999991785       -5.8020541223837864E-009
  -7.5199999999991718       -6.1610111163464132E-009
  -7.4999999999991651       -6.5403220424950931E-009
  -7.4799999999991584       -6.9410143528005866E-009
  -7.4599999999991518       -7.3641589173827167E-009
  -7.4399999999991451       -7.8108712919368600E-009
  -7.4199999999991384       -8.2823129805396429E-009
  -7.3999999999991317       -8.7796926896327365E-009
  -7.3799999999991250       -9.3042675685944000E-009
  -7.3599999999991184       -9.8573444318945152E-009
  -7.3399999999991117       -1.0440280957390307E-008
  -7.3199999999991050       -1.1054486854852324E-008
  -7.2999999999990983       -1.1701424998316482E-008
  -7.2799999999990916       -1.2382612515332462E-008
  -7.2599999999990850       -1.3099621825624646E-008
  -7.2399999999990783       -1.3854081621092056E-008
  -7.2199999999990716       -1.4647677778454132E-008
  -7.1999999999990649       -1.5482154195190202E-008
  -7.1799999999990582       -1.6359313538729060E-008
  -7.1599999999990516       -1.7281017898110897E-008
  -7.1399999999990449       -1.8249189326573203E-008
  -7.1199999999990382       -1.9265810262699259E-008
  -7.0999999999990315       -2.0332923816910655E-008
  -7.0799999999990249       -2.1452633909184687E-008
  -7.0599999999990182       -2.2627105242930619E-008
  -7.0399999999990115       -2.3858563098961968E-008
  -7.0199999999990048       -2.5149292932459125E-008
  -6.9999999999989981       -2.6501639754717641E-008
  -6.9799999999989915       -2.7918007280329277E-008
  -6.9599999999989848       -2.9400856819238385E-008
  -6.9399999999989781       -3.0952705891853876E-008
  -6.9199999999989714       -3.2576126544079008E-008
  -6.8999999999989647       -3.4273743337740915E-008
  -6.8799999999989581       -3.6048230990461162E-008
  -6.8599999999989514       -3.7902311637504949E-008
  -6.8399999999989447       -3.9838751686576591E-008
  -6.8199999999989380       -4.1860358234894717E-008
  -6.7999999999989313       -4.3969975016176991E-008
  -6.7799999999989247       -4.6170477843393828E-008
  -6.7599999999989180       -4.8464769511303253E-008
  -6.7399999999989113       -5.0855774120873352E-008
  -6.7199999999989046       -5.3346430785701103E-008
  -6.6999999999988979       -5.5939686678487230E-008
  -6.6799999999988913       -5.8638489373482799E-008
  -6.6599999999988846       -6.1445778438616750E-008
  -6.6399999999988779       -6.4364476228730659E-008
  -6.6199999999988712       -6.7397477828978256E-008
  -6.5999999999988646       -7.0547640095017240E-008
  -6.5799999999988579       -7.3817769734102560E-008
  -6.5599999999988512       -7.7210610368602842E-008
  -6.5399999999988445       -8.0728828520798015E-008
  -6.5199999999988378       -8.4374998455077999E-008
  -6.4999999999988312       -8.8151585810855400E-008
  -6.4799999999988245       -9.2060929956615545E-008
  -6.4599999999988178       -9.6105224992590865E-008
  -6.4399999999988111       -1.0028649932651435E-007
  -6.4199999999988044       -1.0460659374384198E-007
  -6.3999999999987978       -1.0906713789068048E-007
  -6.3799999999987911       -1.1366952508446464E-007
  -6.3599999999987844       -1.1841488536418200E-007
  -6.3399999999987777       -1.2330405668863839E-007
  -6.3199999999987710       -1.2833755418791729E-007
  -6.2999999999987644       -1.3351553736981705E-007
  -6.2799999999987577       -1.3883777517963151E-007
  -6.2599999999987510       -1.4430360880822338E-007
  -6.2399999999987443       -1.4991191213987404E-007
  -6.2199999999987376       -1.5566104972797169E-007
  -6.1999999999987310       -1.6154883218312020E-007
  -6.1799999999987243       -1.6757246885484115E-007
  -6.1599999999987176       -1.7372851768460956E-007
  -6.1399999999987109       -1.8001283210461080E-007
  -6.1199999999987043       -1.8642050485325102E-007
  -6.0999999999986976       -1.9294580857521950E-007
  -6.0799999999986909       -1.9958213307068167E-007
  -6.0599999999986842       -2.0632191905511200E-007
  -6.0399999999986775       -2.1315658828825915E-007
  -6.0199999999986709       -2.2007646992790358E-007
  -5.9999999999986642       -2.2707072296131080E-007
  -5.9799999999986575       -2.3412725456476275E-007
  -5.9599999999986508       -2.4123263423914538E-007
  -5.9399999999986441       -2.4837200356742939E-007
  -5.9199999999986375       -2.5552898143790383E-007
  -5.8999999999986308       -2.6268556457538888E-007
  -5.8799999999986241       -2.6982202322116104E-007
  -5.8599999999986174       -2.7691679180130050E-007
  -5.8399999999986107       -2.8394635442230067E-007
  -5.8199999999986041       -2.9088512503242308E-007
  -5.7999999999985974       -2.9770532208717944E-007
  -5.7799999999985907       -3.0437683755775001E-007
  -5.7599999999985840       -3.1086710012189788E-007
  -5.7399999999985774       -3.1714093237830952E-007
  -5.7199999999985707       -3.2316040192702908E-007
  -5.6999999999985640       -3.2888466616104606E-007
  -5.6799999999985573       -3.3426981061701224E-007
  -5.6599999999985506       -3.3926868073659247E-007
  -5.6399999999985440       -3.4383070689415884E-007
  -5.6199999999985373       -3.4790172255140594E-007
  -5.5999999999985306       -3.5142377540507835E-007
  -5.5799999999985239       -3.5433493140031626E-007
  -5.5599999999985172       -3.5656907148935803E-007
  -5.5399999999985106       -3.5805568102323038E-007
  -5.5199999999985039       -3.5871963167303635E-007
  -5.4999999999984972       -3.5848095578711065E-007
  -5.4799999999984905       -3.5725461310114183E-007
  -5.4599999999984838       -3.5495024973000183E-007
  -5.4399999999984772       -3.5147194938280562E-007
  -5.4199999999984705       -3.4671797675648448E-007
  -5.3999999999984638       -3.4058051307809755E-007
  -5.3799999999984571       -3.3294538378206929E-007
  -5.3599999999984504       -3.2369177832580551E-007
  -5.3399999999984438       -3.1269196216542310E-007
  -5.3199999999984371       -2.9981098093307375E-007
  -5.2999999999984304       -2.8490635687804191E-007
  -5.2799999999984237       -2.6782777765612079E-007
  -5.2599999999984171       -2.4841677757504977E-007
  -5.2399999999984104       -2.2650641142872989E-007
  -5.2199999999984037       -2.0192092107891822E-007
  -5.1999999999983970       -1.7447539497070725E-007
  -5.1799999999983903       -1.4397542079686404E-007
  -5.1599999999983837       -1.1021673155638101E-007
  -5.1399999999983770       -7.2984845284241620E-008
  -5.1199999999983703       -3.2054698762352689E-008
  -5.0999999999983636        1.2809724443935839E-008
  -5.0799999999983569        6.1855771243574314E-008
  -5.0599999999983503        1.1534250115452853E-007
  -5.0399999999983436        1.7354107285966126E-007
  -5.0199999999983369        2.3673513468826000E-007
  -4.9999999999983302        3.0522121848649417E-007
  -4.9799999999983235        3.7930913629786810E-007
  -4.9599999999983169        4.5932237923111105E-007
  -4.9399999999983102        5.4559851784827749E-007
  -4.9199999999983035        6.3848960336004891E-007
  -4.8999999999982968        7.3836256886835303E-007
  -4.8799999999982901        8.4559962984865018E-007
  -4.8599999999982835        9.6059868301552839E-007
  -4.8399999999982768        1.0837737026657950E-006
  -4.8199999999982701        1.2155551335430085E-006
  -4.7999999999982634        1.3563902792166798E-006
  -4.7799999999982568        1.5067436849180463E-006
  -4.7599999999982501        1.6670975137227439E-006
  -4.7399999999982434        1.8379519149186865E-006
  -4.7199999999982367        2.0198253833457660E-006
  -4.6999999999982300        2.2132551084417076E-006
  -4.6799999999982234        2.4187973116770281E-006
  -4.6599999999982167        2.6370275710104664E-006
  -4.6399999999982100        2.8685411309456217E-006
  -4.6199999999982033        3.1139531967193031E-006
  -4.5999999999981966        3.3738992111030850E-006
  -4.5799999999981900        3.6490351122514621E-006
  -4.5599999999981833        3.9400375709832105E-006
  -4.5399999999981766        4.2476042058375891E-006
  -4.5199999999981699        4.5724537742033837E-006
  -4.4999999999981632        4.9153263377775562E-006
  -4.4799999999981566        5.2769834005710327E-006
  -4.4599999999981499        5.6582080176424525E-006
  -4.4399999999981432        6.0598048727067735E-006
  -4.4199999999981365        6.4826003227346339E-006
  -4.3999999999981299        6.9274424076307525E-006
  -4.3799999999981232        7.3952008230551860E-006
  -4.3599999999981165        7.8867668544312184E-006
  -4.3399999999981098        8.4030532701669478E-006
  -4.3199999999981031        8.9449941721058363E-006
  -4.2999999999980965        9.5135448012139621E-006
  -4.2799999999980898        1.0109681296509271E-005
  -4.2599999999980831        1.0734400405240671E-005
  -4.2399999999980764        1.1388719142333065E-005
  -4.2199999999980697        1.2073674397127733E-005
  -4.1999999999980631        1.2790322485468208E-005
  -4.1799999999980564        1.3539738645206493E-005
  -4.1599999999980497        1.4323016473238272E-005
  -4.1399999999980430        1.5141267302214149E-005
  -4.1199999999980363        1.5995619515120575E-005
  -4.0999999999980297        1.6887217795977687E-005
  -4.0799999999980230        1.7817222314962062E-005
  -4.0599999999980163        1.8786807846331106E-005
  -4.0399999999980096        1.9797162817602242E-005
  -4.0199999999980029        2.0849488288524675E-005
  -3.9999999999979963        2.1944996858474052E-005
  -3.9799999999979896        2.3084911501001381E-005
  -3.9599999999979829        2.4270464324377775E-005
  -3.9399999999979762        2.5502895257093404E-005
  -3.9199999999979696        2.6783450657397160E-005
  -3.8999999999979629        2.8113381846098394E-005
  -3.8799999999979562        2.9493943561996369E-005
  -3.8599999999979495        3.0926392339456233E-005
  -3.8399999999979428        3.2411984807812141E-005
  -3.8199999999979362        3.3951975912448585E-005
  -3.7999999999979295        3.5547617057590276E-005
  -3.7799999999979228        3.7200154171018010E-005
  -3.7599999999979161        3.8910825691124697E-005
  -3.7399999999979094        4.0680860476929269E-005
  -3.7199999999979028        4.2511475641878931E-005
  -3.6999999999978961        4.4403874312489291E-005
  -3.6799999999978894        4.6359243313100185E-005
  -3.6599999999978827        4.8378750778258420E-005
  -3.6399999999978760        5.0463543694481365E-005
  -3.6199999999978694        5.2614745373400806E-005
  -3.5999999999978627        5.4833452858541745E-005
  -3.5799999999978560        5.7120734268249408E-005
  -3.5599999999978493        5.9477626077540885E-005
  -3.5399999999978427        6.1905130341926432E-005
  -3.5199999999978360        6.4404211866518458E-005
  -3.4999999999978293        6.6975795324019765E-005
  -3.4799999999978226        6.9620762325461329E-005
  -3.4599999999978159        7.2339948447839783E-005
  -3.4399999999978093        7.5134140223083432E-005
  -3.4199999999978026        7.8004072093059557E-005
  -3.3999999999977959        8.0950423335610899E-005
  -3.3799999999977892        8.3973814966894971E-005
  -3.3599999999977825        8.7074806625568450E-005
  -3.3399999999977759        9.0253893444638454E-005
  -3.3199999999977692        9.3511502917068579E-005
  -3.2999999999977625        9.6847991761491890E-005
  -3.2799999999977558        1.0026364279464076E-004
  -3.2599999999977491        1.0375866181735575E-004
  -3.2399999999977425        1.0733317452127559E-004
  -3.2199999999977358        1.1098722342354594E-004
  -3.1999999999977291        1.1472076483710748E-004
  -3.1799999999977224        1.1853366588433331E-004
  -3.1599999999977157        1.2242570156198942E-004
  -3.1399999999977091        1.2639655186567290E-004
  -3.1199999999977024        1.3044579898205671E-004
  -3.0999999999976957        1.3457292455742683E-004
  -3.0799999999976890        1.3877730705113146E-004
  -3.0599999999976824        1.4305821918268917E-004
  -3.0399999999976757        1.4741482548140107E-004
  -3.0199999999976690        1.5184617994739495E-004
  -2.9999999999976623        1.5635122383309469E-004
  -2.9799999999976556        1.6092878355414153E-004
  -2.9599999999976490        1.6557756873881860E-004
  -2.9399999999976423        1.7029617042501629E-004
  -2.9199999999976356        1.7508305941375075E-004
  -2.8999999999976289        1.7993658478818810E-004
  -2.8799999999976222        1.8485497260704674E-004
  -2.8599999999976156        1.8983632478113886E-004
  -2.8399999999976089        1.9487861814167711E-004
  -2.8199999999976022        1.9997970370881003E-004
  -2.7999999999975955        2.0513730616865169E-004
  -2.7799999999975888        2.1034902356685517E-004
  -2.7599999999975822        2.1561232722652375E-004
  -2.7399999999975755        2.2092456189797598E-004
  -2.7199999999975688        2.2628294614757038E-004
  -2.6999999999975621        2.3168457299245428E-004
  -2.6799999999975554        2.3712641078773067E-004
  -2.6599999999975488        2.4260530437214206E-004
  -2.6399999999975421        2.4811797647793449E-004
  -2.6199999999975354        2.5366102941011271E-004
  -2.5999999999975287        2.5923094699980572E-004
  -2.5799999999975221        2.6482409683594902E-004
  -2.5599999999975154        2.7043673277894666E-004
  -2.5399999999975087        2.7606499775940273E-004
  -2.5199999999975020        2.8170492686442085E-004
  -2.4999999999974953        2.8735245071334164E-004
  -2.4799999999974887        2.9300339912414797E-004
  -2.4599999999974820        2.9865350507109537E-004
  -2.4399999999974753        3.0429840893343518E-004
  -2.4199999999974686        3.0993366303438545E-004
  -2.3999999999974619        3.1555473646877296E-004
  -2.3799999999974553        3.2115702021702925E-004
  -2.3599999999974486        3.2673583254244669E-004
  -2.3399999999974419        3.3228642466783621E-004
  -2.3199999999974352        3.3780398672693070E-004
  -2.2999999999974285        3.4328365398508099E-004
  -2.2799999999974219        3.4872051332298330E-004
  -2.2599999999974152        3.5410960997636463E-004
  -2.2399999999974085        3.5944595452373280E-004
  -2.2199999999974018        3.6472453011348216E-004
  -2.1999999999973952        3.6994029992082643E-004
  -2.1799999999973885        3.7508821482421802E-004
  -2.1599999999973818        3.8016322129010428E-004
  -2.1399999999973751        3.8516026945407088E-004
  -2.1199999999973684        3.9007432138563747E-004
  -2.0999999999973618        3.9490035952319149E-004
  -2.0799999999973551        3.9963339526479235E-004
  -2.0599999999973484        4.0426847769983737E-004
  -2.0399999999973417        4.0880070246586349E-004
  -2.0199999999973350        4.1322522071406457E-004
  -1.9999999999973281        4.1753724816644236E-004
  -1.9799999999973212        4.2173207424686784E-004
  -1.9599999999973143        4.2580507126772959E-004
  -1.9399999999973074        4.2975170365327635E-004
  -1.9199999999973005        4.3356753718022634E-004
  -1.8999999999972936        4.3724824821573014E-004
  -1.8799999999972867        4.4078963293231726E-004
  -1.8599999999972798        4.4418761647905641E-004
  -1.8399999999972729        4.4743826208780597E-004
  -1.8199999999972660        4.5053778009310485E-004
  -1.7999999999972591        4.5348253684402172E-004
  -1.7799999999972522        4.5626906348605168E-004
  -1.7599999999972453        4.5889406459101223E-004
  -1.7399999999972384        4.6135442661279438E-004
  -1.7199999999972315        4.6364722614678346E-004
  -1.6999999999972246        4.6576973797079644E-004
  -1.6799999999972177        4.6771944284545276E-004
  -1.6599999999972108        4.6949403505205570E-004
  -1.6399999999972039        4.7109142964625573E-004
  -1.6199999999971970        4.7250976940604346E-004
  -1.5999999999971901        4.7374743145295350E-004
  -1.5799999999971832        4.7480303352575296E-004
  -1.5599999999971763        4.7567543988635851E-004
  -1.5399999999971694        4.7636376683823760E-004
  -1.5199999999971625        4.7686738783814920E-004
  -1.4999999999971556        4.7718593818272761E-004
  -1.4799999999971487        4.7731931925211728E-004
  -1.4599999999971418        4.7726770229365706E-004
  -1.4399999999971349        4.7703153172943039E-004
  -1.4199999999971280        4.7661152797240288E-004
  -1.3999999999971211        4.7600868973681008E-004
  -1.3799999999971142        4.7522429582947442E-004
  -1.3599999999971073        4.7425990640977367E-004
  -1.3399999999971004        4.7311736370711190E-004
  -1.3199999999970935        4.7179879218588302E-004
  -1.2999999999970866        4.7030659814913740E-004
  -1.2799999999970797        4.6864346877340283E-004
  -1.2599999999970728        4.6681237056839540E-004
  -1.2399999999970659        4.6481654725669336E-004
  -1.2199999999970590        4.6265951706979082E-004
  -1.1999999999970521        4.6034506945835093E-004
  -1.1799999999970452        4.5787726121588647E-004
  -1.1599999999970383        4.5526041201653588E-004
  -1.1399999999970314        4.5249909936906661E-004
  -1.1199999999970245        4.4959815299069981E-004
  -1.0999999999970176        4.4656264860584699E-004
  -1.0799999999970107        4.4339790117633044E-004
  -1.0599999999970038        4.4010945757115333E-004
  -1.0399999999969969        4.3670308868538367E-004
  -1.0199999999969900        4.3318478101919043E-004
 -0.99999999999698319        4.2956072772955034E-004
 -0.97999999999697640        4.2583731916860028E-004
 -0.95999999999696961        4.2202113292404592E-004
 -0.93999999999696282        4.1811892337845669E-004
 -0.91999999999695603        4.1413761080565434E-004
 -0.89999999999694924        4.1008427002376134E-004
 -0.87999999999694245        4.0596611862578282E-004
 -0.85999999999693566        4.0179050480987415E-004
 -0.83999999999692887        3.9756489483266613E-004
 -0.81999999999692208        3.9329686011019814E-004
 -0.79999999999691529        3.8899406399213037E-004
 -0.77999999999690850        3.8466424823597176E-004
 -0.75999999999690171        3.8031521920905238E-004
 -0.73999999999689492        3.7595483384691855E-004
 -0.71999999999688813        3.7159098539768211E-004
 -0.69999999999688134        3.6723158898265869E-004
 -0.67999999999687455        3.6288456700434447E-004
 -0.65999999999686776        3.5855783443342683E-004
 -0.63999999999686097        3.5425928400708152E-004
 -0.61999999999685418        3.4999677137128763E-004
 -0.59999999999684739        3.4577810020028929E-004
 -0.57999999999684060        3.4161100732663509E-004
 -0.55999999999683381        3.3750314791544499E-004
 -0.53999999999682702        3.3346208071668759E-004
 -0.51999999999682023        3.2949525342928224E-004
 -0.49999999999681344        3.2560998821079329E-004
 -0.47999999999680665        3.2181346736633325E-004
 -0.45999999999679986        3.1811271925005850E-004
 -0.43999999999679307        3.1451460441230862E-004
 -0.41999999999678628        3.1102580202502168E-004
 -0.39999999999677949        3.0765279661754396E-004
 -0.37999999999677270        3.0440186515435472E-004
 -0.35999999999676591        3.0127906448552993E-004
 -0.33999999999675912        2.9829021919999842E-004
 -0.31999999999675233        2.9544090991077813E-004
 -0.29999999999674554        2.9273646200043214E-004
 -0.27999999999673875        2.9018193485396386E-004
 -0.25999999999673196        2.8778211160526387E-004
 -0.23999999999672514        2.8554148942203604E-004
 -0.21999999999671832        2.8346427035289164E-004
 -0.19999999999671150        2.8155435275897339E-004
 -0.17999999999670468        2.7981532335108055E-004
 -0.15999999999669787        2.7825044985184107E-004
 -0.13999999999669105        2.7686267430095227E-004
 -0.11999999999668425        2.7565460701997363E-004
  -9.9999999996677441E-002   2.7462852125154498E-004
  -7.9999999996670637E-002   2.7378634848626170E-004
  -5.9999999996663833E-002   2.7312967448874930E-004
  -3.9999999996657029E-002   2.7265973603276785E-004
  -1.9999999996650222E-002   2.7237741835342268E-004
   3.3565858426065631E-012   2.7228325332279466E-004
   2.0000000003363393E-002   2.7237741835350302E-004
   4.0000000003370201E-002   2.7265973603292788E-004
   6.0000000003377005E-002   2.7312967448898939E-004
   8.0000000003383809E-002   2.7378634848658132E-004
  0.10000000000339061        2.7462852125194380E-004
  0.12000000000339742        2.7565460702045074E-004
  0.14000000000340423        2.7686267430150716E-004
  0.16000000000341105        2.7825044985247251E-004
  0.18000000000341787        2.7981532335178777E-004
  0.20000000000342469        2.8155435275975505E-004
  0.22000000000343151        2.8346427035374713E-004
  0.24000000000343832        2.8554148942296304E-004
  0.26000000000344514        2.8778211160626149E-004
  0.28000000000345193        2.9018193485503061E-004
  0.30000000000345872        2.9273646200156562E-004
  0.32000000000346551        2.9544090991197704E-004
  0.34000000000347230        2.9829021920126081E-004
  0.36000000000347909        3.0127906448685314E-004
  0.38000000000348588        3.0440186515573719E-004
  0.40000000000349267        3.0765279661898307E-004
  0.42000000000349946        3.1102580202651468E-004
  0.44000000000350625        3.1451460441385350E-004
  0.46000000000351304        3.1811271925165233E-004
  0.48000000000351983        3.2181346736797326E-004
  0.50000000000352662        3.2560998821247651E-004
  0.52000000000353341        3.2949525343100580E-004
  0.54000000000354020        3.3346208071844823E-004
  0.56000000000354699        3.3750314791723956E-004
  0.58000000000355378        3.4161100732846034E-004
  0.60000000000356057        3.4577810020214160E-004
  0.62000000000356736        3.4999677137316341E-004
  0.64000000000357415        3.5425928400897747E-004
  0.66000000000358094        3.5855783443533931E-004
  0.68000000000358773        3.6288456700626909E-004
  0.70000000000359452        3.6723158898459209E-004
  0.72000000000360131        3.7159098539962023E-004
  0.74000000000360810        3.7595483384885722E-004
  0.76000000000361490        3.8031521921098725E-004
  0.78000000000362169        3.8466424823789893E-004
  0.80000000000362848        3.8899406399404588E-004
  0.82000000000363527        3.9329686011209712E-004
  0.84000000000364206        3.9756489483454461E-004
  0.86000000000364885        4.0179050481172754E-004
  0.88000000000365564        4.0596611862760634E-004
  0.90000000000366243        4.1008427002555087E-004
  0.92000000000366922        4.1413761080740538E-004
  0.94000000000367601        4.1811892338016425E-004
  0.96000000000368280        4.2202113292570562E-004
  0.98000000000368959        4.2583731917020723E-004
   1.0000000000036964        4.2956072773110004E-004
   1.0200000000037033        4.3318478102067823E-004
   1.0400000000037102        4.3670308868680479E-004
   1.0600000000037171        4.4010945757250327E-004
   1.0800000000037240        4.4339790117760454E-004
   1.1000000000037309        4.4656264860704065E-004
   1.1200000000037378        4.4959815299180765E-004
   1.1400000000037447        4.5249909937008489E-004
   1.1600000000037516        4.5526041201745995E-004
   1.1800000000037585        4.5787726121671149E-004
   1.2000000000037654        4.6034506945907274E-004
   1.2200000000037723        4.6265951707040481E-004
   1.2400000000037792        4.6481654725719524E-004
   1.2600000000037861        4.6681237056878105E-004
   1.2800000000037930        4.6864346877366803E-004
   1.3000000000037999        4.7030659814927841E-004
   1.3200000000038068        4.7179879218589538E-004
   1.3400000000038137        4.7311736370699199E-004
   1.3600000000038206        4.7425990640951763E-004
   1.3800000000038275        4.7522429582907852E-004
   1.4000000000038344        4.7600868973627118E-004
   1.4200000000038413        4.7661152797171734E-004
   1.4400000000038482        4.7703153172859534E-004
   1.4600000000038551        4.7726770229266919E-004
   1.4800000000038620        4.7731931925097351E-004
   1.5000000000038689        4.7718593818142532E-004
   1.5200000000038758        4.7686738783668596E-004
   1.5400000000038827        4.7636376683661075E-004
   1.5600000000038896        4.7567543988456617E-004
   1.5800000000038965        4.7480303352379278E-004
   1.6000000000039034        4.7374743145082375E-004
   1.6200000000039103        4.7250976940374295E-004
   1.6400000000039172        4.7109142964378282E-004
   1.6600000000039241        4.6949403504940911E-004
   1.6800000000039310        4.6771944284263134E-004
   1.7000000000039379        4.6576973796779965E-004
   1.7200000000039448        4.6364722614361092E-004
   1.7400000000039517        4.6135442660944544E-004
   1.7600000000039586        4.5889406458748689E-004
   1.7800000000039655        4.5626906348235005E-004
   1.8000000000039724        4.5348253684014434E-004
   1.8200000000039793        4.5053778008905237E-004
   1.8400000000039862        4.4743826208357921E-004
   1.8600000000039931        4.4418761647465661E-004
   1.8800000000040000        4.4078963292774518E-004
   1.9000000000040069        4.3724824821098806E-004
   1.9200000000040138        4.3356753717531567E-004
   1.9400000000040207        4.2975170364819898E-004
   1.9600000000040276        4.2580507126248828E-004
   1.9800000000040345        4.2173207424146499E-004
   2.0000000000040412        4.1753724816088068E-004
   2.0200000000040479        4.1322522070834703E-004
   2.0400000000040546        4.0880070245999335E-004
   2.0600000000040612        4.0426847769381799E-004
   2.0800000000040679        3.9963339525862757E-004
   2.1000000000040746        3.9490035951688496E-004
   2.1200000000040813        3.9007432137919308E-004
   2.1400000000040880        3.8516026944749329E-004
   2.1600000000040946        3.8016322128339752E-004
   2.1800000000041013        3.7508821481738690E-004
   2.2000000000041080        3.6994029991387604E-004
   2.2200000000041147        3.6472453010641729E-004
   2.2400000000041214        3.5944595451655836E-004
   2.2600000000041280        3.5410960996908606E-004
   2.2800000000041347        3.4872051331560607E-004
   2.3000000000041414        3.4328365397761062E-004
   2.3200000000041481        3.3780398671937300E-004
   2.3400000000041548        3.3228642466019709E-004
   2.3600000000041614        3.2673583253473205E-004
   2.3800000000041681        3.2115702020924511E-004
   2.4000000000041748        3.1555473646092535E-004
   2.4200000000041815        3.0993366302648048E-004
   2.4400000000041882        3.0429840892547946E-004
   2.4600000000041948        2.9865350506309482E-004
   2.4800000000042015        2.9300339911610899E-004
   2.5000000000042082        2.8735245070527090E-004
   2.5200000000042149        2.8170492685632452E-004
   2.5400000000042215        2.7606499775128748E-004
   2.5600000000042282        2.7043673277081856E-004
   2.5800000000042349        2.6482409682781474E-004
   2.6000000000042416        2.5923094699167155E-004
   2.6200000000042483        2.5366102940198505E-004
   2.6400000000042549        2.4811797646981973E-004
   2.6600000000042616        2.4260530436404627E-004
   2.6800000000042683        2.3712641077966020E-004
   2.7000000000042750        2.3168457298441505E-004
   2.7200000000042817        2.2628294613956859E-004
   2.7400000000042883        2.2092456189001726E-004
   2.7600000000042950        2.1561232721861427E-004
   2.7800000000043017        2.1034902355900067E-004
   2.8000000000043084        2.0513730616085747E-004
   2.8200000000043151        1.9997970370108154E-004
   2.8400000000043217        1.9487861813401975E-004
   2.8600000000043284        1.8983632477355774E-004
   2.8800000000043351        1.8485497259954694E-004
   2.9000000000043418        1.7993658478077413E-004
   2.9200000000043485        1.7508305940642745E-004
   2.9400000000043551        1.7029617041778824E-004
   2.9600000000043618        1.6557756873169003E-004
   2.9800000000043685        1.6092878354711661E-004
   3.0000000000043752        1.5635122382617712E-004
   3.0200000000043818        1.5184617994058855E-004
   3.0400000000043885        1.4741482547470913E-004
   3.0600000000043952        1.4305821917611524E-004
   3.0800000000044019        1.3877730704467840E-004
   3.1000000000044086        1.3457292455109775E-004
   3.1200000000044152        1.3044579897585409E-004
   3.1400000000044219        1.2639655185959893E-004
   3.1600000000044286        1.2242570155604666E-004
   3.1800000000044353        1.1853366587852356E-004
   3.2000000000044420        1.1472076483143249E-004
   3.2200000000044486        1.1098722341800737E-004
   3.2400000000044553        1.0733317451587465E-004
   3.2600000000044620        1.0375866181209354E-004
   3.2800000000044687        1.0026364278951809E-004
   3.3000000000044754        9.6847991756509507E-005
   3.3200000000044820        9.3511502912226992E-005
   3.3400000000044887        9.0253893439937977E-005
   3.3600000000044954        8.7074806621009041E-005
   3.3800000000045021        8.3973814962476576E-005
   3.4000000000045087        8.0950423331333085E-005
   3.4200000000045154        7.8004072088921713E-005
   3.4400000000045221        7.5134140219085044E-005
   3.4600000000045288        7.2339948443979698E-005
   3.4800000000045355        6.9620762321738667E-005
   3.5000000000045421        6.6975795320433224E-005
   3.5200000000045488        6.4404211863066630E-005
   3.5400000000045555        6.1905130338607675E-005
   3.5600000000045622        5.9477626074353520E-005
   3.5800000000045689        5.7120734265191619E-005
   3.6000000000045755        5.4833452855611512E-005
   3.6200000000045822        5.2614745370595969E-005
   3.6400000000045889        5.0463543691799767E-005
   3.6600000000045956        4.8378750775697609E-005
   3.6800000000046023        4.6359243310657654E-005
   3.7000000000046089        4.4403874310162566E-005
   3.7200000000046156        4.2511475639665281E-005
   3.7400000000046223        4.0680860474825951E-005
   3.7600000000046290        3.8910825689128905E-005
   3.7800000000046357        3.7200154169126836E-005
   3.8000000000046423        3.5547617055800726E-005
   3.8200000000046490        3.3951975910757690E-005
   3.8400000000046557        3.2411984806216839E-005
   3.8600000000046624        3.0926392337953441E-005
   3.8800000000046690        2.9493943560582983E-005
   3.9000000000046757        2.8113381844771236E-005
   3.9200000000046824        2.6783450656153061E-005
   3.9400000000046891        2.5502895255929195E-005
   3.9600000000046958        2.4270464323290252E-005
   3.9800000000047024        2.3084911499987370E-005
   4.0000000000047091        2.1944996857530352E-005
   4.0200000000047158        2.0849488287648203E-005
   4.0400000000047225        1.9797162816789789E-005
   4.0600000000047292        1.8786807845579591E-005
   4.0800000000047358        1.7817222314268420E-005
   4.1000000000047425        1.6887217795338831E-005
   4.1200000000047492        1.5995619514533564E-005
   4.1400000000047559        1.5141267301675997E-005
   4.1600000000047626        1.4323016472746076E-005
   4.1800000000047692        1.3539738644757428E-005
   4.2000000000047759        1.2790322485059496E-005
   4.2200000000047826        1.2073674396756660E-005
   4.2400000000047893        1.1388719141996949E-005
   4.2600000000047960        1.0734400404936948E-005
   4.2800000000048026        1.0109681296235389E-005
   4.3000000000048093        9.5135448009675127E-006
   4.3200000000048160        8.9449941718844574E-006
   4.3400000000048227        8.4030532699683593E-006
   4.3600000000048293        7.8867668542532110E-006
   4.3800000000048360        7.3952008228956490E-006
   4.4000000000048427        6.9274424074876429E-006
   4.4200000000048494        6.4826003226060077E-006
   4.4400000000048561        6.0598048725907520E-006
   4.4600000000048627        5.6582080175372748E-006
   4.4800000000048694        5.2769834004749860E-006
   4.5000000000048761        4.9153263376890328E-006
   4.5200000000048828        4.5724537741208598E-006
   4.5400000000048895        4.2476042057596341E-006
   4.5600000000048961        3.9400375709084641E-006
   4.5800000000049028        3.6490351121786541E-006
   4.6000000000049095        3.3738992110310347E-006
   4.6200000000049162        3.1139531966468928E-006
   4.6400000000049229        2.8685411308718409E-006
   4.6600000000049295        2.6370275709343614E-006
   4.6800000000049362        2.4187973115977263E-006
   4.7000000000049429        2.2132551083584214E-006
   4.7200000000049496        2.0198253832577703E-006
   4.7400000000049562        1.8379519148253295E-006
   4.7600000000049629        1.6670975136234489E-006
   4.7800000000049696        1.5067436848123111E-006
   4.8000000000049763        1.3563902791040462E-006
   4.8200000000049830        1.2155551334231015E-006
   4.8400000000049896        1.0837737025382897E-006
   4.8600000000049963        9.6059868288015749E-007
   4.8800000000050030        8.4559962970520261E-007
   4.9000000000050097        7.3836256871667738E-007
   4.9200000000050164        6.3848960320003910E-007
   4.9400000000050230        5.4559851767987431E-007
   4.9600000000050297        4.5932237905430160E-007
   4.9800000000050364        3.7930913611268568E-007
   5.0000000000050431        3.0522121829300707E-007
   5.0200000000050498        2.3673513448657712E-007
   5.0400000000050564        1.7354107264992791E-007
   5.0600000000050631        1.1534250093691671E-007
   5.0800000000050698        6.1855771018293938E-008
   5.1000000000050765        1.2809724211219957E-008
   5.1200000000050832       -3.2054699002244675E-008
   5.1400000000050898       -7.2984845531025027E-008
   5.1600000000050965       -1.1021673180975469E-007
   5.1800000000051032       -1.4397542105650505E-007
   5.2000000000051099       -1.7447539523627871E-007
   5.2200000000051165       -2.0192092135006572E-007
   5.2400000000051232       -2.2650641170509096E-007
   5.2600000000051299       -2.4841677785624894E-007
   5.2800000000051366       -2.6782777794177339E-007
   5.3000000000051433       -2.8490635716776122E-007
   5.3200000000051499       -2.9981098122646103E-007
   5.3400000000051566       -3.1269196246208591E-007
   5.3600000000051633       -3.2369177862533917E-007
   5.3800000000051700       -3.3294538408407910E-007
   5.4000000000051767       -3.4058051338218159E-007
   5.4200000000051833       -3.4671797706225098E-007
   5.4400000000051900       -3.5147194968986020E-007
   5.4600000000051967       -3.5495025003796057E-007
   5.4800000000052034       -3.5725461340962201E-007
   5.5000000000052101       -3.5848095609574198E-007
   5.5200000000052167       -3.5871963198145253E-007
   5.5400000000052234       -3.5805568133107778E-007
   5.5600000000052301       -3.5656907179628730E-007
   5.5800000000052368       -3.5433493170599557E-007
   5.6000000000052435       -3.5142377570917996E-007
   5.6200000000052501       -3.4790172285361925E-007
   5.6400000000052568       -3.4383070719418056E-007
   5.6600000000052635       -3.3926868103413778E-007
   5.6800000000052702       -3.3426981091180385E-007
   5.7000000000052768       -3.2888466645282196E-007
   5.7200000000052835       -3.2316040221554163E-007
   5.7400000000052902       -3.1714093266332387E-007
   5.7600000000052969       -3.1086710040319138E-007
   5.7800000000053036       -3.0437683783511656E-007
   5.8000000000053102       -2.9770532236042433E-007
   5.8200000000053169       -2.9088512530136715E-007
   5.8400000000053236       -2.8394635468677792E-007
   5.8600000000053303       -2.7691679206115914E-007
   5.8800000000053370       -2.6982202347626153E-007
   5.9000000000053436       -2.6268556482560501E-007
   5.9200000000053503       -2.5552898168312378E-007
   5.9400000000053570       -2.4837200380755270E-007
   5.9600000000053637       -2.4123263447408648E-007
   5.9800000000053704       -2.3412725479444473E-007
   6.0000000000053770       -2.2707072318567164E-007
   6.0200000000053837       -2.2007647014689198E-007
   6.0400000000053904       -2.1315658850183456E-007
   6.0600000000053971       -2.0632191926324451E-007
   6.0800000000054037       -1.9958213327335302E-007
   6.1000000000054104       -1.9294580877242020E-007
   6.1200000000054171       -1.8642050504498224E-007
   6.1400000000054238       -1.8001283229088238E-007
   6.1600000000054305       -1.7372851786543993E-007
   6.1800000000054371       -1.6757246903025733E-007
   6.2000000000054438       -1.6154883235315711E-007
   6.2200000000054505       -1.5566104989267172E-007
   6.2400000000054572       -1.4991191229928625E-007
   6.2600000000054639       -1.4430360896240410E-007
   6.2800000000054705       -1.3883777532864237E-007
   6.3000000000054772       -1.3351553751372575E-007
   6.3200000000054839       -1.2833755432679708E-007
   6.3400000000054906       -1.2330405682256740E-007
   6.3600000000054973       -1.1841488549324252E-007
   6.3800000000055039       -1.1366952520874334E-007
   6.4000000000055106       -1.0906713801026757E-007
   6.4200000000055173       -1.0460659385883102E-007
   6.4400000000055240       -1.0028649943700134E-007
   6.4600000000055307       -9.6105225098675363E-008
   6.4800000000055373       -9.2060930058399246E-008
   6.5000000000055440       -8.8151585908441086E-008
   6.5200000000055507       -8.4374998548570703E-008
   6.5400000000055574       -8.0728828610303272E-008
   6.5600000000055640       -7.7210610454228423E-008
   6.5800000000055707       -7.3817769815955933E-008
   6.6000000000055774       -7.0547640173206983E-008
   6.6200000000055841       -6.7397477903612698E-008
   6.6400000000055908       -6.4364476299918603E-008
   6.6600000000055974       -6.1445778506465995E-008
   6.6800000000056041       -5.8638489438101215E-008
   6.7000000000056108       -5.5939686739981802E-008
   6.7200000000056175       -5.3346430844177935E-008
   6.7400000000056242       -5.0855774176437548E-008
   6.7600000000056308       -4.8464769564058821E-008
   6.7800000000056375       -4.6170477893443139E-008
   6.8000000000056442       -4.3969975063621304E-008
   6.8200000000056509       -4.1860358279833263E-008
   6.8400000000056576       -3.9838751729107406E-008
   6.8600000000056642       -3.7902311677723728E-008
   6.8800000000056709       -3.6048231028461892E-008
   6.9000000000056776       -3.4273743373615553E-008
   6.9200000000056843       -3.2576126577917471E-008
   6.9400000000056909       -3.0952705923743872E-008
   6.9600000000056976       -2.9400856849265534E-008
   6.9800000000057043       -2.7918007308576847E-008
   7.0000000000057110       -2.6501639781266744E-008
   7.0200000000057177       -2.5149292957388548E-008
   7.0400000000057243       -2.3858563122348107E-008
   7.0600000000057310       -2.2627105264847521E-008
   7.0800000000057377       -2.1452633929704149E-008
   7.1000000000057444       -2.0332923836102082E-008
   7.1200000000057511       -1.9265810280629828E-008
   7.1400000000057577       -1.8249189343307563E-008
   7.1600000000057644       -1.7281017913711569E-008
   7.1800000000057711       -1.6359313553256207E-008
   7.2000000000057778       -1.5482154208701737E-008
   7.2200000000057845       -1.4647677791005686E-008
   7.2400000000057911       -1.3854081632737192E-008
   7.2600000000057978       -1.3099621836414587E-008
   7.2800000000058045       -1.2382612525316451E-008
   7.3000000000058112       -1.1701425007541566E-008
   7.3200000000058179       -1.1054486863363624E-008
   7.3400000000058245       -1.0440280965230847E-008
   7.3600000000058312       -9.8573444391054175E-009
   7.3800000000058379       -9.3042675752149055E-009
   7.4000000000058446       -8.7796926957002221E-009
   7.4200000000058512       -8.2823129860896492E-009
   7.4400000000058579       -7.8108712970032801E-009
   7.4600000000058646       -7.3641589219976681E-009
   7.4800000000058713       -6.9410143569946040E-009
   7.5000000000058780       -6.5403220462971105E-009
   7.5200000000058846       -6.1610111197838176E-009
   7.5400000000058913       -5.8020541254825175E-009
   7.5600000000058980       -5.4624657613593719E-009
   7.5800000000059047       -5.1413016098160900E-009
   7.6000000000059114       -4.8376568780671529E-009
   7.6200000000059180       -4.5506651472657095E-009
   7.6400000000059247       -4.2794971329665309E-009
   7.6600000000059314       -4.0233594592490268E-009
   7.6800000000059381       -3.7814934485776069E-009
   7.7000000000059448       -3.5531739292463867E-009
   7.7200000000059514       -3.3377080620408631E-009
   7.7400000000059581       -3.1344341875494466E-009
   7.7600000000059648       -2.9427206953726530E-009
   7.7800000000059715       -2.7619649163047897E-009
   7.8000000000059782       -2.5915920384040292E-009
   7.8200000000059848       -2.4310540477180815E-009
   7.8400000000059915       -2.2798286942967427E-009
   7.8600000000059982       -2.1374184839960567E-009
   7.8800000000060049       -2.0033496964626999E-009
   7.9000000000060115       -1.8771714295807452E-009
   7.9200000000060182       -1.7584546705646260E-009
   7.9400000000060249       -1.6467913937928347E-009
   7.9600000000060316       -1.5417936853948883E-009
   7.9800000000060383       -1.4430928945296963E-009
   8.0000000000060449       -1.3503388112257923E-009
   8.0200000000060516       -1.2631988705927920E-009
   8.0400000000060583       -1.1813573831583210E-009
   8.0600000000060650       -1.1045147910350558E-009
   8.0800000000060717       -1.0323869495784721E-009
   8.1000000000060783       -9.6470443415644286E-010
   8.1200000000060850       -9.0121187161730425E-010
   8.1400000000060917       -8.4166729601237353E-010
   8.1600000000060984       -7.8584152810265751E-010
   8.1800000000061051       -7.3351757815654326E-010
   8.2000000000061117       -6.8449007152601586E-010
   8.2200000000061184       -6.3856469647279481E-010
   8.2400000000061251       -5.9555767370240513E-010
   8.2600000000061318       -5.5529524705381393E-010
   8.2800000000061384       -5.1761319478407805E-010
   8.3000000000061451       -4.8235636088175219E-010
   8.3200000000061518       -4.4937820583908356E-010
   8.3400000000061585       -4.1854037631135057E-010
   8.3600000000061652       -3.8971229309161303E-010
   8.3800000000061718       -3.6277075683079754E-010
   8.4000000000061785       -3.3759957093608194E-010
   8.4200000000061852       -3.1408918108488115E-010
   8.4400000000061919       -2.9213633079730944E-010
   8.4600000000061986       -2.7164373251652126E-010
   8.4800000000062052       -2.5251975365395925E-010
   8.5000000000062119       -2.3467811706482752E-010
   8.5200000000062186       -2.1803761542829688E-010
   8.5400000000062253       -2.0252183901664742E-010
   8.5600000000062320       -1.8805891634792813E-010
   8.5800000000062386       -1.7458126722747839E-010
   8.6000000000062453       -1.6202536769489737E-010
   8.6200000000062520       -1.5033152640457487E-010
   8.6400000000062587       -1.3944367197974101E-010
   8.6600000000062654       -1.2930915089201214E-010
   8.6800000000062720       -1.1987853543064591E-010
   8.7000000000062787       -1.1110544133801467E-010
   8.7200000000062854       -1.0294635470020135E-010
   8.7400000000062921       -9.5360467694038977E-011
   8.7600000000062987       -8.8309522804319006E-011
   8.7800000000063054       -8.1757665137247901E-011
   8.8000000000063121       -7.5671302468514463E-011
   8.8200000000063188       -7.0018972676509440E-011
   8.8400000000063255       -6.4771218223280027E-011
   8.8600000000063321       -5.9900467357702520E-011
   8.8800000000063388       -5.5380921727063216E-011
   8.9000000000063455       -5.1188450094781492E-011
   8.9200000000063522       -4.7300487873319090E-011
   8.9400000000063589       -4.3695942192421557E-011
   8.9600000000063655       -4.0355102233712567E-011
   8.9800000000063722       -3.7259554573277928E-011
   9.0000000000063789       -3.4392103284253563E-011
   9.0200000000063856       -3.1736694561553236E-011
   9.0400000000063923       -2.9278345640708643E-011
   9.0600000000063989       -2.7003077792395990E-011
   9.0800000000064056       -2.4897853183520521E-011
   9.1000000000064123       -2.2950515404777229E-011
   9.1200000000064190       -2.1149733473367648E-011
   9.1400000000064257       -1.9484949128042293E-011
   9.1600000000064323       -1.7946327241852967E-011
   9.1800000000064390       -1.6524709185944643E-011
   9.2000000000064457       -1.5211568985385382E-011
   9.2200000000064524       -1.3998972115440106E-011
   9.2400000000064590       -1.2879536793832673E-011
   9.2600000000064657       -1.1846397631419736E-011
   9.2800000000064724       -1.0893171510322898E-011
   9.3000000000064791       -1.0013925564934750E-011
   9.3200000000064858       -9.2031471473386130E-012
   9.3400000000064924       -8.4557156645615414E-012
   9.3600000000064991       -7.7668761807249541E-012
   9.3800000000065058       -7.1322146825699630E-012
   9.4000000000065125       -6.5476349120225993E-012
   9.4200000000065192       -6.0093366744325731E-012
   9.4400000000065258       -5.5137955358739160E-012
   9.4600000000065325       -5.0577438274452772E-012
   9.4800000000065392       -4.6381528788531669E-012
   9.5000000000065459       -4.2522164077150140E-012
   9.5200000000065526       -3.8973349949823026E-012
   9.5400000000065592       -3.5711015806654045E-012
   9.5600000000065659       -3.2712879176475400E-012
   9.5800000000065726       -2.9958319248102490E-012
   9.6000000000065793       -2.7428258839643223E-012
   9.6200000000065859       -2.5105054281936944E-012
   9.6400000000065926       -2.2972392721807794E-012
   9.6600000000065993       -2.1015196378975886E-012
   9.6800000000066060       -1.9219533317209210E-012
   9.7000000000066127       -1.7572534315701750E-012
   9.7200000000066193       -1.6062315450764170E-012
   9.7400000000066260       -1.4677906020775745E-012
   9.7600000000066327       -1.3409181469019356E-012
   9.7800000000066394       -1.2246800979559303E-012
   9.8000000000066461       -1.1182149440765037E-012
   9.8200000000066527       -1.0207283489494429E-012
   9.8400000000066594       -9.3148813663616882E-013
   9.8600000000066661       -8.4981963289810476E-013
   9.8800000000066728       -7.7510133856352512E-013
   9.9000000000066795       -7.0676091265196680E-013
   9.9200000000066861       -6.4427144435847178E-013
   9.9400000000066928       -5.8714799430969737E-013
   9.9600000000066995       -5.3494438673876094E-013
   9.9800000000067062       -4.8725023539004906E-013
