      1    3.6684708465596   3.6684708465596   3.6684708465596
      2    3.6684708465596   3.6684708465596   2.7832900997817
      3    3.6684708465596   3.6684708465596   2.0259480158258
      4    3.6684708465596   3.6684708465596   1.3265570844949
      5    3.6684708465596   3.6684708465596   0.6568095668821
      6    3.6684708465596   3.6684708465596   0.0000000000000
      7    3.6684708465596   3.6684708465596  -0.6568095668821
      8    3.6684708465596   3.6684708465596  -1.3265570844949
      9    3.6684708465596   3.6684708465596  -2.0259480158258
     10    3.6684708465596   3.6684708465596  -2.7832900997817
     11    3.6684708465596   3.6684708465596  -3.6684708465596
     12    3.6684708465596   2.7832900997817   3.6684708465596
     13    3.6684708465596   2.7832900997817   2.7832900997817
     14    3.6684708465596   2.7832900997817   2.0259480158258
     15    3.6684708465596   2.7832900997817   1.3265570844949
     16    3.6684708465596   2.7832900997817   0.6568095668821
     17    3.6684708465596   2.7832900997817   0.0000000000000
     18    3.6684708465596   2.7832900997817  -0.6568095668821
     19    3.6684708465596   2.7832900997817  -1.3265570844949
     20    3.6684708465596   2.7832900997817  -2.0259480158258
     21    3.6684708465596   2.7832900997817  -2.7832900997817
     22    3.6684708465596   2.7832900997817  -3.6684708465596
     23    3.6684708465596   2.0259480158258   3.6684708465596
     24    3.6684708465596   2.0259480158258   2.7832900997817
     25    3.6684708465596   2.0259480158258   2.0259480158258
     26    3.6684708465596   2.0259480158258   1.3265570844949
     27    3.6684708465596   2.0259480158258   0.6568095668821
     28    3.6684708465596   2.0259480158258   0.0000000000000
     29    3.6684708465596   2.0259480158258  -0.6568095668821
     30    3.6684708465596   2.0259480158258  -1.3265570844949
     31    3.6684708465596   2.0259480158258  -2.0259480158258
     32    3.6684708465596   2.0259480158258  -2.7832900997817
     33    3.6684708465596   2.0259480158258  -3.6684708465596
     34    3.6684708465596   1.3265570844949   3.6684708465596
     35    3.6684708465596   1.3265570844949   2.7832900997817
     36    3.6684708465596   1.3265570844949   2.0259480158258
     37    3.6684708465596   1.3265570844949   1.3265570844949
     38    3.6684708465596   1.3265570844949   0.6568095668821
     39    3.6684708465596   1.3265570844949   0.0000000000000
     40    3.6684708465596   1.3265570844949  -0.6568095668821
     41    3.6684708465596   1.3265570844949  -1.3265570844949
     42    3.6684708465596   1.3265570844949  -2.0259480158258
     43    3.6684708465596   1.3265570844949  -2.7832900997817
     44    3.6684708465596   1.3265570844949  -3.6684708465596
     45    3.6684708465596   0.6568095668821   3.6684708465596
     46    3.6684708465596   0.6568095668821   2.7832900997817
     47    3.6684708465596   0.6568095668821   2.0259480158258
     48    3.6684708465596   0.6568095668821   1.3265570844949
     49    3.6684708465596   0.6568095668821   0.6568095668821
     50    3.6684708465596   0.6568095668821   0.0000000000000
     51    3.6684708465596   0.6568095668821  -0.6568095668821
     52    3.6684708465596   0.6568095668821  -1.3265570844949
     53    3.6684708465596   0.6568095668821  -2.0259480158258
     54    3.6684708465596   0.6568095668821  -2.7832900997817
     55    3.6684708465596   0.6568095668821  -3.6684708465596
     56    3.6684708465596   0.0000000000000   3.6684708465596
     57    3.6684708465596   0.0000000000000   2.7832900997817
     58    3.6684708465596   0.0000000000000   2.0259480158258
     59    3.6684708465596   0.0000000000000   1.3265570844949
     60    3.6684708465596   0.0000000000000   0.6568095668821
     61    3.6684708465596   0.0000000000000   0.0000000000000
     62    3.6684708465596   0.0000000000000  -0.6568095668821
     63    3.6684708465596   0.0000000000000  -1.3265570844949
     64    3.6684708465596   0.0000000000000  -2.0259480158258
     65    3.6684708465596   0.0000000000000  -2.7832900997817
     66    3.6684708465596   0.0000000000000  -3.6684708465596
     67    3.6684708465596  -0.6568095668821   3.6684708465596
     68    3.6684708465596  -0.6568095668821   2.7832900997817
     69    3.6684708465596  -0.6568095668821   2.0259480158258
     70    3.6684708465596  -0.6568095668821   1.3265570844949
     71    3.6684708465596  -0.6568095668821   0.6568095668821
     72    3.6684708465596  -0.6568095668821   0.0000000000000
     73    3.6684708465596  -0.6568095668821  -0.6568095668821
     74    3.6684708465596  -0.6568095668821  -1.3265570844949
     75    3.6684708465596  -0.6568095668821  -2.0259480158258
     76    3.6684708465596  -0.6568095668821  -2.7832900997817
     77    3.6684708465596  -0.6568095668821  -3.6684708465596
     78    3.6684708465596  -1.3265570844949   3.6684708465596
     79    3.6684708465596  -1.3265570844949   2.7832900997817
     80    3.6684708465596  -1.3265570844949   2.0259480158258
     81    3.6684708465596  -1.3265570844949   1.3265570844949
     82    3.6684708465596  -1.3265570844949   0.6568095668821
     83    3.6684708465596  -1.3265570844949   0.0000000000000
     84    3.6684708465596  -1.3265570844949  -0.6568095668821
     85    3.6684708465596  -1.3265570844949  -1.3265570844949
     86    3.6684708465596  -1.3265570844949  -2.0259480158258
     87    3.6684708465596  -1.3265570844949  -2.7832900997817
     88    3.6684708465596  -1.3265570844949  -3.6684708465596
     89    3.6684708465596  -2.0259480158258   3.6684708465596
     90    3.6684708465596  -2.0259480158258   2.7832900997817
     91    3.6684708465596  -2.0259480158258   2.0259480158258
     92    3.6684708465596  -2.0259480158258   1.3265570844949
     93    3.6684708465596  -2.0259480158258   0.6568095668821
     94    3.6684708465596  -2.0259480158258   0.0000000000000
     95    3.6684708465596  -2.0259480158258  -0.6568095668821
     96    3.6684708465596  -2.0259480158258  -1.3265570844949
     97    3.6684708465596  -2.0259480158258  -2.0259480158258
     98    3.6684708465596  -2.0259480158258  -2.7832900997817
     99    3.6684708465596  -2.0259480158258  -3.6684708465596
    100    3.6684708465596  -2.7832900997817   3.6684708465596
    101    3.6684708465596  -2.7832900997817   2.7832900997817
    102    3.6684708465596  -2.7832900997817   2.0259480158258
    103    3.6684708465596  -2.7832900997817   1.3265570844949
    104    3.6684708465596  -2.7832900997817   0.6568095668821
    105    3.6684708465596  -2.7832900997817   0.0000000000000
    106    3.6684708465596  -2.7832900997817  -0.6568095668821
    107    3.6684708465596  -2.7832900997817  -1.3265570844949
    108    3.6684708465596  -2.7832900997817  -2.0259480158258
    109    3.6684708465596  -2.7832900997817  -2.7832900997817
    110    3.6684708465596  -2.7832900997817  -3.6684708465596
    111    3.6684708465596  -3.6684708465596   3.6684708465596
    112    3.6684708465596  -3.6684708465596   2.7832900997817
    113    3.6684708465596  -3.6684708465596   2.0259480158258
    114    3.6684708465596  -3.6684708465596   1.3265570844949
    115    3.6684708465596  -3.6684708465596   0.6568095668821
    116    3.6684708465596  -3.6684708465596   0.0000000000000
    117    3.6684708465596  -3.6684708465596  -0.6568095668821
    118    3.6684708465596  -3.6684708465596  -1.3265570844949
    119    3.6684708465596  -3.6684708465596  -2.0259480158258
    120    3.6684708465596  -3.6684708465596  -2.7832900997817
    121    3.6684708465596  -3.6684708465596  -3.6684708465596
    122    2.7832900997817   3.6684708465596   3.6684708465596
    123    2.7832900997817   3.6684708465596   2.7832900997817
    124    2.7832900997817   3.6684708465596   2.0259480158258
    125    2.7832900997817   3.6684708465596   1.3265570844949
    126    2.7832900997817   3.6684708465596   0.6568095668821
    127    2.7832900997817   3.6684708465596   0.0000000000000
    128    2.7832900997817   3.6684708465596  -0.6568095668821
    129    2.7832900997817   3.6684708465596  -1.3265570844949
    130    2.7832900997817   3.6684708465596  -2.0259480158258
    131    2.7832900997817   3.6684708465596  -2.7832900997817
    132    2.7832900997817   3.6684708465596  -3.6684708465596
    133    2.7832900997817   2.7832900997817   3.6684708465596
    134    2.7832900997817   2.7832900997817   2.7832900997817
    135    2.7832900997817   2.7832900997817   2.0259480158258
    136    2.7832900997817   2.7832900997817   1.3265570844949
    137    2.7832900997817   2.7832900997817   0.6568095668821
    138    2.7832900997817   2.7832900997817   0.0000000000000
    139    2.7832900997817   2.7832900997817  -0.6568095668821
    140    2.7832900997817   2.7832900997817  -1.3265570844949
    141    2.7832900997817   2.7832900997817  -2.0259480158258
    142    2.7832900997817   2.7832900997817  -2.7832900997817
    143    2.7832900997817   2.7832900997817  -3.6684708465596
    144    2.7832900997817   2.0259480158258   3.6684708465596
    145    2.7832900997817   2.0259480158258   2.7832900997817
    146    2.7832900997817   2.0259480158258   2.0259480158258
    147    2.7832900997817   2.0259480158258   1.3265570844949
    148    2.7832900997817   2.0259480158258   0.6568095668821
    149    2.7832900997817   2.0259480158258   0.0000000000000
    150    2.7832900997817   2.0259480158258  -0.6568095668821
    151    2.7832900997817   2.0259480158258  -1.3265570844949
    152    2.7832900997817   2.0259480158258  -2.0259480158258
    153    2.7832900997817   2.0259480158258  -2.7832900997817
    154    2.7832900997817   2.0259480158258  -3.6684708465596
    155    2.7832900997817   1.3265570844949   3.6684708465596
    156    2.7832900997817   1.3265570844949   2.7832900997817
    157    2.7832900997817   1.3265570844949   2.0259480158258
    158    2.7832900997817   1.3265570844949   1.3265570844949
    159    2.7832900997817   1.3265570844949   0.6568095668821
    160    2.7832900997817   1.3265570844949   0.0000000000000
    161    2.7832900997817   1.3265570844949  -0.6568095668821
    162    2.7832900997817   1.3265570844949  -1.3265570844949
    163    2.7832900997817   1.3265570844949  -2.0259480158258
    164    2.7832900997817   1.3265570844949  -2.7832900997817
    165    2.7832900997817   1.3265570844949  -3.6684708465596
    166    2.7832900997817   0.6568095668821   3.6684708465596
    167    2.7832900997817   0.6568095668821   2.7832900997817
    168    2.7832900997817   0.6568095668821   2.0259480158258
    169    2.7832900997817   0.6568095668821   1.3265570844949
    170    2.7832900997817   0.6568095668821   0.6568095668821
    171    2.7832900997817   0.6568095668821   0.0000000000000
    172    2.7832900997817   0.6568095668821  -0.6568095668821
    173    2.7832900997817   0.6568095668821  -1.3265570844949
    174    2.7832900997817   0.6568095668821  -2.0259480158258
    175    2.7832900997817   0.6568095668821  -2.7832900997817
    176    2.7832900997817   0.6568095668821  -3.6684708465596
    177    2.7832900997817   0.0000000000000   3.6684708465596
    178    2.7832900997817   0.0000000000000   2.7832900997817
    179    2.7832900997817   0.0000000000000   2.0259480158258
    180    2.7832900997817   0.0000000000000   1.3265570844949
    181    2.7832900997817   0.0000000000000   0.6568095668821
    182    2.7832900997817   0.0000000000000   0.0000000000000
    183    2.7832900997817   0.0000000000000  -0.6568095668821
    184    2.7832900997817   0.0000000000000  -1.3265570844949
    185    2.7832900997817   0.0000000000000  -2.0259480158258
    186    2.7832900997817   0.0000000000000  -2.7832900997817
    187    2.7832900997817   0.0000000000000  -3.6684708465596
    188    2.7832900997817  -0.6568095668821   3.6684708465596
    189    2.7832900997817  -0.6568095668821   2.7832900997817
    190    2.7832900997817  -0.6568095668821   2.0259480158258
    191    2.7832900997817  -0.6568095668821   1.3265570844949
    192    2.7832900997817  -0.6568095668821   0.6568095668821
    193    2.7832900997817  -0.6568095668821   0.0000000000000
    194    2.7832900997817  -0.6568095668821  -0.6568095668821
    195    2.7832900997817  -0.6568095668821  -1.3265570844949
    196    2.7832900997817  -0.6568095668821  -2.0259480158258
    197    2.7832900997817  -0.6568095668821  -2.7832900997817
    198    2.7832900997817  -0.6568095668821  -3.6684708465596
    199    2.7832900997817  -1.3265570844949   3.6684708465596
    200    2.7832900997817  -1.3265570844949   2.7832900997817
    201    2.7832900997817  -1.3265570844949   2.0259480158258
    202    2.7832900997817  -1.3265570844949   1.3265570844949
    203    2.7832900997817  -1.3265570844949   0.6568095668821
    204    2.7832900997817  -1.3265570844949   0.0000000000000
    205    2.7832900997817  -1.3265570844949  -0.6568095668821
    206    2.7832900997817  -1.3265570844949  -1.3265570844949
    207    2.7832900997817  -1.3265570844949  -2.0259480158258
    208    2.7832900997817  -1.3265570844949  -2.7832900997817
    209    2.7832900997817  -1.3265570844949  -3.6684708465596
    210    2.7832900997817  -2.0259480158258   3.6684708465596
    211    2.7832900997817  -2.0259480158258   2.7832900997817
    212    2.7832900997817  -2.0259480158258   2.0259480158258
    213    2.7832900997817  -2.0259480158258   1.3265570844949
    214    2.7832900997817  -2.0259480158258   0.6568095668821
    215    2.7832900997817  -2.0259480158258   0.0000000000000
    216    2.7832900997817  -2.0259480158258  -0.6568095668821
    217    2.7832900997817  -2.0259480158258  -1.3265570844949
    218    2.7832900997817  -2.0259480158258  -2.0259480158258
    219    2.7832900997817  -2.0259480158258  -2.7832900997817
    220    2.7832900997817  -2.0259480158258  -3.6684708465596
    221    2.7832900997817  -2.7832900997817   3.6684708465596
    222    2.7832900997817  -2.7832900997817   2.7832900997817
    223    2.7832900997817  -2.7832900997817   2.0259480158258
    224    2.7832900997817  -2.7832900997817   1.3265570844949
    225    2.7832900997817  -2.7832900997817   0.6568095668821
    226    2.7832900997817  -2.7832900997817   0.0000000000000
    227    2.7832900997817  -2.7832900997817  -0.6568095668821
    228    2.7832900997817  -2.7832900997817  -1.3265570844949
    229    2.7832900997817  -2.7832900997817  -2.0259480158258
    230    2.7832900997817  -2.7832900997817  -2.7832900997817
    231    2.7832900997817  -2.7832900997817  -3.6684708465596
    232    2.7832900997817  -3.6684708465596   3.6684708465596
    233    2.7832900997817  -3.6684708465596   2.7832900997817
    234    2.7832900997817  -3.6684708465596   2.0259480158258
    235    2.7832900997817  -3.6684708465596   1.3265570844949
    236    2.7832900997817  -3.6684708465596   0.6568095668821
    237    2.7832900997817  -3.6684708465596   0.0000000000000
    238    2.7832900997817  -3.6684708465596  -0.6568095668821
    239    2.7832900997817  -3.6684708465596  -1.3265570844949
    240    2.7832900997817  -3.6684708465596  -2.0259480158258
    241    2.7832900997817  -3.6684708465596  -2.7832900997817
    242    2.7832900997817  -3.6684708465596  -3.6684708465596
    243    2.0259480158258   3.6684708465596   3.6684708465596
    244    2.0259480158258   3.6684708465596   2.7832900997817
    245    2.0259480158258   3.6684708465596   2.0259480158258
    246    2.0259480158258   3.6684708465596   1.3265570844949
    247    2.0259480158258   3.6684708465596   0.6568095668821
    248    2.0259480158258   3.6684708465596   0.0000000000000
    249    2.0259480158258   3.6684708465596  -0.6568095668821
    250    2.0259480158258   3.6684708465596  -1.3265570844949
    251    2.0259480158258   3.6684708465596  -2.0259480158258
    252    2.0259480158258   3.6684708465596  -2.7832900997817
    253    2.0259480158258   3.6684708465596  -3.6684708465596
    254    2.0259480158258   2.7832900997817   3.6684708465596
    255    2.0259480158258   2.7832900997817   2.7832900997817
    256    2.0259480158258   2.7832900997817   2.0259480158258
    257    2.0259480158258   2.7832900997817   1.3265570844949
    258    2.0259480158258   2.7832900997817   0.6568095668821
    259    2.0259480158258   2.7832900997817   0.0000000000000
    260    2.0259480158258   2.7832900997817  -0.6568095668821
    261    2.0259480158258   2.7832900997817  -1.3265570844949
    262    2.0259480158258   2.7832900997817  -2.0259480158258
    263    2.0259480158258   2.7832900997817  -2.7832900997817
    264    2.0259480158258   2.7832900997817  -3.6684708465596
    265    2.0259480158258   2.0259480158258   3.6684708465596
    266    2.0259480158258   2.0259480158258   2.7832900997817
    267    2.0259480158258   2.0259480158258   2.0259480158258
    268    2.0259480158258   2.0259480158258   1.3265570844949
    269    2.0259480158258   2.0259480158258   0.6568095668821
    270    2.0259480158258   2.0259480158258   0.0000000000000
    271    2.0259480158258   2.0259480158258  -0.6568095668821
    272    2.0259480158258   2.0259480158258  -1.3265570844949
    273    2.0259480158258   2.0259480158258  -2.0259480158258
    274    2.0259480158258   2.0259480158258  -2.7832900997817
    275    2.0259480158258   2.0259480158258  -3.6684708465596
    276    2.0259480158258   1.3265570844949   3.6684708465596
    277    2.0259480158258   1.3265570844949   2.7832900997817
    278    2.0259480158258   1.3265570844949   2.0259480158258
    279    2.0259480158258   1.3265570844949   1.3265570844949
    280    2.0259480158258   1.3265570844949   0.6568095668821
    281    2.0259480158258   1.3265570844949   0.0000000000000
    282    2.0259480158258   1.3265570844949  -0.6568095668821
    283    2.0259480158258   1.3265570844949  -1.3265570844949
    284    2.0259480158258   1.3265570844949  -2.0259480158258
    285    2.0259480158258   1.3265570844949  -2.7832900997817
    286    2.0259480158258   1.3265570844949  -3.6684708465596
    287    2.0259480158258   0.6568095668821   3.6684708465596
    288    2.0259480158258   0.6568095668821   2.7832900997817
    289    2.0259480158258   0.6568095668821   2.0259480158258
    290    2.0259480158258   0.6568095668821   1.3265570844949
    291    2.0259480158258   0.6568095668821   0.6568095668821
    292    2.0259480158258   0.6568095668821   0.0000000000000
    293    2.0259480158258   0.6568095668821  -0.6568095668821
    294    2.0259480158258   0.6568095668821  -1.3265570844949
    295    2.0259480158258   0.6568095668821  -2.0259480158258
    296    2.0259480158258   0.6568095668821  -2.7832900997817
    297    2.0259480158258   0.6568095668821  -3.6684708465596
    298    2.0259480158258   0.0000000000000   3.6684708465596
    299    2.0259480158258   0.0000000000000   2.7832900997817
    300    2.0259480158258   0.0000000000000   2.0259480158258
    301    2.0259480158258   0.0000000000000   1.3265570844949
    302    2.0259480158258   0.0000000000000   0.6568095668821
    303    2.0259480158258   0.0000000000000   0.0000000000000
    304    2.0259480158258   0.0000000000000  -0.6568095668821
    305    2.0259480158258   0.0000000000000  -1.3265570844949
    306    2.0259480158258   0.0000000000000  -2.0259480158258
    307    2.0259480158258   0.0000000000000  -2.7832900997817
    308    2.0259480158258   0.0000000000000  -3.6684708465596
    309    2.0259480158258  -0.6568095668821   3.6684708465596
    310    2.0259480158258  -0.6568095668821   2.7832900997817
    311    2.0259480158258  -0.6568095668821   2.0259480158258
    312    2.0259480158258  -0.6568095668821   1.3265570844949
    313    2.0259480158258  -0.6568095668821   0.6568095668821
    314    2.0259480158258  -0.6568095668821   0.0000000000000
    315    2.0259480158258  -0.6568095668821  -0.6568095668821
    316    2.0259480158258  -0.6568095668821  -1.3265570844949
    317    2.0259480158258  -0.6568095668821  -2.0259480158258
    318    2.0259480158258  -0.6568095668821  -2.7832900997817
    319    2.0259480158258  -0.6568095668821  -3.6684708465596
    320    2.0259480158258  -1.3265570844949   3.6684708465596
    321    2.0259480158258  -1.3265570844949   2.7832900997817
    322    2.0259480158258  -1.3265570844949   2.0259480158258
    323    2.0259480158258  -1.3265570844949   1.3265570844949
    324    2.0259480158258  -1.3265570844949   0.6568095668821
    325    2.0259480158258  -1.3265570844949   0.0000000000000
    326    2.0259480158258  -1.3265570844949  -0.6568095668821
    327    2.0259480158258  -1.3265570844949  -1.3265570844949
    328    2.0259480158258  -1.3265570844949  -2.0259480158258
    329    2.0259480158258  -1.3265570844949  -2.7832900997817
    330    2.0259480158258  -1.3265570844949  -3.6684708465596
    331    2.0259480158258  -2.0259480158258   3.6684708465596
    332    2.0259480158258  -2.0259480158258   2.7832900997817
    333    2.0259480158258  -2.0259480158258   2.0259480158258
    334    2.0259480158258  -2.0259480158258   1.3265570844949
    335    2.0259480158258  -2.0259480158258   0.6568095668821
    336    2.0259480158258  -2.0259480158258   0.0000000000000
    337    2.0259480158258  -2.0259480158258  -0.6568095668821
    338    2.0259480158258  -2.0259480158258  -1.3265570844949
    339    2.0259480158258  -2.0259480158258  -2.0259480158258
    340    2.0259480158258  -2.0259480158258  -2.7832900997817
    341    2.0259480158258  -2.0259480158258  -3.6684708465596
    342    2.0259480158258  -2.7832900997817   3.6684708465596
    343    2.0259480158258  -2.7832900997817   2.7832900997817
    344    2.0259480158258  -2.7832900997817   2.0259480158258
    345    2.0259480158258  -2.7832900997817   1.3265570844949
    346    2.0259480158258  -2.7832900997817   0.6568095668821
    347    2.0259480158258  -2.7832900997817   0.0000000000000
    348    2.0259480158258  -2.7832900997817  -0.6568095668821
    349    2.0259480158258  -2.7832900997817  -1.3265570844949
    350    2.0259480158258  -2.7832900997817  -2.0259480158258
    351    2.0259480158258  -2.7832900997817  -2.7832900997817
    352    2.0259480158258  -2.7832900997817  -3.6684708465596
    353    2.0259480158258  -3.6684708465596   3.6684708465596
    354    2.0259480158258  -3.6684708465596   2.7832900997817
    355    2.0259480158258  -3.6684708465596   2.0259480158258
    356    2.0259480158258  -3.6684708465596   1.3265570844949
    357    2.0259480158258  -3.6684708465596   0.6568095668821
    358    2.0259480158258  -3.6684708465596   0.0000000000000
    359    2.0259480158258  -3.6684708465596  -0.6568095668821
    360    2.0259480158258  -3.6684708465596  -1.3265570844949
    361    2.0259480158258  -3.6684708465596  -2.0259480158258
    362    2.0259480158258  -3.6684708465596  -2.7832900997817
    363    2.0259480158258  -3.6684708465596  -3.6684708465596
    364    1.3265570844949   3.6684708465596   3.6684708465596
    365    1.3265570844949   3.6684708465596   2.7832900997817
    366    1.3265570844949   3.6684708465596   2.0259480158258
    367    1.3265570844949   3.6684708465596   1.3265570844949
    368    1.3265570844949   3.6684708465596   0.6568095668821
    369    1.3265570844949   3.6684708465596   0.0000000000000
    370    1.3265570844949   3.6684708465596  -0.6568095668821
    371    1.3265570844949   3.6684708465596  -1.3265570844949
    372    1.3265570844949   3.6684708465596  -2.0259480158258
    373    1.3265570844949   3.6684708465596  -2.7832900997817
    374    1.3265570844949   3.6684708465596  -3.6684708465596
    375    1.3265570844949   2.7832900997817   3.6684708465596
    376    1.3265570844949   2.7832900997817   2.7832900997817
    377    1.3265570844949   2.7832900997817   2.0259480158258
    378    1.3265570844949   2.7832900997817   1.3265570844949
    379    1.3265570844949   2.7832900997817   0.6568095668821
    380    1.3265570844949   2.7832900997817   0.0000000000000
    381    1.3265570844949   2.7832900997817  -0.6568095668821
    382    1.3265570844949   2.7832900997817  -1.3265570844949
    383    1.3265570844949   2.7832900997817  -2.0259480158258
    384    1.3265570844949   2.7832900997817  -2.7832900997817
    385    1.3265570844949   2.7832900997817  -3.6684708465596
    386    1.3265570844949   2.0259480158258   3.6684708465596
    387    1.3265570844949   2.0259480158258   2.7832900997817
    388    1.3265570844949   2.0259480158258   2.0259480158258
    389    1.3265570844949   2.0259480158258   1.3265570844949
    390    1.3265570844949   2.0259480158258   0.6568095668821
    391    1.3265570844949   2.0259480158258   0.0000000000000
    392    1.3265570844949   2.0259480158258  -0.6568095668821
    393    1.3265570844949   2.0259480158258  -1.3265570844949
    394    1.3265570844949   2.0259480158258  -2.0259480158258
    395    1.3265570844949   2.0259480158258  -2.7832900997817
    396    1.3265570844949   2.0259480158258  -3.6684708465596
    397    1.3265570844949   1.3265570844949   3.6684708465596
    398    1.3265570844949   1.3265570844949   2.7832900997817
    399    1.3265570844949   1.3265570844949   2.0259480158258
    400    1.3265570844949   1.3265570844949   1.3265570844949
    401    1.3265570844949   1.3265570844949   0.6568095668821
    402    1.3265570844949   1.3265570844949   0.0000000000000
    403    1.3265570844949   1.3265570844949  -0.6568095668821
    404    1.3265570844949   1.3265570844949  -1.3265570844949
    405    1.3265570844949   1.3265570844949  -2.0259480158258
    406    1.3265570844949   1.3265570844949  -2.7832900997817
    407    1.3265570844949   1.3265570844949  -3.6684708465596
    408    1.3265570844949   0.6568095668821   3.6684708465596
    409    1.3265570844949   0.6568095668821   2.7832900997817
    410    1.3265570844949   0.6568095668821   2.0259480158258
    411    1.3265570844949   0.6568095668821   1.3265570844949
    412    1.3265570844949   0.6568095668821   0.6568095668821
    413    1.3265570844949   0.6568095668821   0.0000000000000
    414    1.3265570844949   0.6568095668821  -0.6568095668821
    415    1.3265570844949   0.6568095668821  -1.3265570844949
    416    1.3265570844949   0.6568095668821  -2.0259480158258
    417    1.3265570844949   0.6568095668821  -2.7832900997817
    418    1.3265570844949   0.6568095668821  -3.6684708465596
    419    1.3265570844949   0.0000000000000   3.6684708465596
    420    1.3265570844949   0.0000000000000   2.7832900997817
    421    1.3265570844949   0.0000000000000   2.0259480158258
    422    1.3265570844949   0.0000000000000   1.3265570844949
    423    1.3265570844949   0.0000000000000   0.6568095668821
    424    1.3265570844949   0.0000000000000   0.0000000000000
    425    1.3265570844949   0.0000000000000  -0.6568095668821
    426    1.3265570844949   0.0000000000000  -1.3265570844949
    427    1.3265570844949   0.0000000000000  -2.0259480158258
    428    1.3265570844949   0.0000000000000  -2.7832900997817
    429    1.3265570844949   0.0000000000000  -3.6684708465596
    430    1.3265570844949  -0.6568095668821   3.6684708465596
    431    1.3265570844949  -0.6568095668821   2.7832900997817
    432    1.3265570844949  -0.6568095668821   2.0259480158258
    433    1.3265570844949  -0.6568095668821   1.3265570844949
    434    1.3265570844949  -0.6568095668821   0.6568095668821
    435    1.3265570844949  -0.6568095668821   0.0000000000000
    436    1.3265570844949  -0.6568095668821  -0.6568095668821
    437    1.3265570844949  -0.6568095668821  -1.3265570844949
    438    1.3265570844949  -0.6568095668821  -2.0259480158258
    439    1.3265570844949  -0.6568095668821  -2.7832900997817
    440    1.3265570844949  -0.6568095668821  -3.6684708465596
    441    1.3265570844949  -1.3265570844949   3.6684708465596
    442    1.3265570844949  -1.3265570844949   2.7832900997817
    443    1.3265570844949  -1.3265570844949   2.0259480158258
    444    1.3265570844949  -1.3265570844949   1.3265570844949
    445    1.3265570844949  -1.3265570844949   0.6568095668821
    446    1.3265570844949  -1.3265570844949   0.0000000000000
    447    1.3265570844949  -1.3265570844949  -0.6568095668821
    448    1.3265570844949  -1.3265570844949  -1.3265570844949
    449    1.3265570844949  -1.3265570844949  -2.0259480158258
    450    1.3265570844949  -1.3265570844949  -2.7832900997817
    451    1.3265570844949  -1.3265570844949  -3.6684708465596
    452    1.3265570844949  -2.0259480158258   3.6684708465596
    453    1.3265570844949  -2.0259480158258   2.7832900997817
    454    1.3265570844949  -2.0259480158258   2.0259480158258
    455    1.3265570844949  -2.0259480158258   1.3265570844949
    456    1.3265570844949  -2.0259480158258   0.6568095668821
    457    1.3265570844949  -2.0259480158258   0.0000000000000
    458    1.3265570844949  -2.0259480158258  -0.6568095668821
    459    1.3265570844949  -2.0259480158258  -1.3265570844949
    460    1.3265570844949  -2.0259480158258  -2.0259480158258
    461    1.3265570844949  -2.0259480158258  -2.7832900997817
    462    1.3265570844949  -2.0259480158258  -3.6684708465596
    463    1.3265570844949  -2.7832900997817   3.6684708465596
    464    1.3265570844949  -2.7832900997817   2.7832900997817
    465    1.3265570844949  -2.7832900997817   2.0259480158258
    466    1.3265570844949  -2.7832900997817   1.3265570844949
    467    1.3265570844949  -2.7832900997817   0.6568095668821
    468    1.3265570844949  -2.7832900997817   0.0000000000000
    469    1.3265570844949  -2.7832900997817  -0.6568095668821
    470    1.3265570844949  -2.7832900997817  -1.3265570844949
    471    1.3265570844949  -2.7832900997817  -2.0259480158258
    472    1.3265570844949  -2.7832900997817  -2.7832900997817
    473    1.3265570844949  -2.7832900997817  -3.6684708465596
    474    1.3265570844949  -3.6684708465596   3.6684708465596
    475    1.3265570844949  -3.6684708465596   2.7832900997817
    476    1.3265570844949  -3.6684708465596   2.0259480158258
    477    1.3265570844949  -3.6684708465596   1.3265570844949
    478    1.3265570844949  -3.6684708465596   0.6568095668821
    479    1.3265570844949  -3.6684708465596   0.0000000000000
    480    1.3265570844949  -3.6684708465596  -0.6568095668821
    481    1.3265570844949  -3.6684708465596  -1.3265570844949
    482    1.3265570844949  -3.6684708465596  -2.0259480158258
    483    1.3265570844949  -3.6684708465596  -2.7832900997817
    484    1.3265570844949  -3.6684708465596  -3.6684708465596
    485    0.6568095668821   3.6684708465596   3.6684708465596
    486    0.6568095668821   3.6684708465596   2.7832900997817
    487    0.6568095668821   3.6684708465596   2.0259480158258
    488    0.6568095668821   3.6684708465596   1.3265570844949
    489    0.6568095668821   3.6684708465596   0.6568095668821
    490    0.6568095668821   3.6684708465596   0.0000000000000
    491    0.6568095668821   3.6684708465596  -0.6568095668821
    492    0.6568095668821   3.6684708465596  -1.3265570844949
    493    0.6568095668821   3.6684708465596  -2.0259480158258
    494    0.6568095668821   3.6684708465596  -2.7832900997817
    495    0.6568095668821   3.6684708465596  -3.6684708465596
    496    0.6568095668821   2.7832900997817   3.6684708465596
    497    0.6568095668821   2.7832900997817   2.7832900997817
    498    0.6568095668821   2.7832900997817   2.0259480158258
    499    0.6568095668821   2.7832900997817   1.3265570844949
    500    0.6568095668821   2.7832900997817   0.6568095668821
    501    0.6568095668821   2.7832900997817   0.0000000000000
    502    0.6568095668821   2.7832900997817  -0.6568095668821
    503    0.6568095668821   2.7832900997817  -1.3265570844949
    504    0.6568095668821   2.7832900997817  -2.0259480158258
    505    0.6568095668821   2.7832900997817  -2.7832900997817
    506    0.6568095668821   2.7832900997817  -3.6684708465596
    507    0.6568095668821   2.0259480158258   3.6684708465596
    508    0.6568095668821   2.0259480158258   2.7832900997817
    509    0.6568095668821   2.0259480158258   2.0259480158258
    510    0.6568095668821   2.0259480158258   1.3265570844949
    511    0.6568095668821   2.0259480158258   0.6568095668821
    512    0.6568095668821   2.0259480158258   0.0000000000000
    513    0.6568095668821   2.0259480158258  -0.6568095668821
    514    0.6568095668821   2.0259480158258  -1.3265570844949
    515    0.6568095668821   2.0259480158258  -2.0259480158258
    516    0.6568095668821   2.0259480158258  -2.7832900997817
    517    0.6568095668821   2.0259480158258  -3.6684708465596
    518    0.6568095668821   1.3265570844949   3.6684708465596
    519    0.6568095668821   1.3265570844949   2.7832900997817
    520    0.6568095668821   1.3265570844949   2.0259480158258
    521    0.6568095668821   1.3265570844949   1.3265570844949
    522    0.6568095668821   1.3265570844949   0.6568095668821
    523    0.6568095668821   1.3265570844949   0.0000000000000
    524    0.6568095668821   1.3265570844949  -0.6568095668821
    525    0.6568095668821   1.3265570844949  -1.3265570844949
    526    0.6568095668821   1.3265570844949  -2.0259480158258
    527    0.6568095668821   1.3265570844949  -2.7832900997817
    528    0.6568095668821   1.3265570844949  -3.6684708465596
    529    0.6568095668821   0.6568095668821   3.6684708465596
    530    0.6568095668821   0.6568095668821   2.7832900997817
    531    0.6568095668821   0.6568095668821   2.0259480158258
    532    0.6568095668821   0.6568095668821   1.3265570844949
    533    0.6568095668821   0.6568095668821   0.6568095668821
    534    0.6568095668821   0.6568095668821   0.0000000000000
    535    0.6568095668821   0.6568095668821  -0.6568095668821
    536    0.6568095668821   0.6568095668821  -1.3265570844949
    537    0.6568095668821   0.6568095668821  -2.0259480158258
    538    0.6568095668821   0.6568095668821  -2.7832900997817
    539    0.6568095668821   0.6568095668821  -3.6684708465596
    540    0.6568095668821   0.0000000000000   3.6684708465596
    541    0.6568095668821   0.0000000000000   2.7832900997817
    542    0.6568095668821   0.0000000000000   2.0259480158258
    543    0.6568095668821   0.0000000000000   1.3265570844949
    544    0.6568095668821   0.0000000000000   0.6568095668821
    545    0.6568095668821   0.0000000000000   0.0000000000000
    546    0.6568095668821   0.0000000000000  -0.6568095668821
    547    0.6568095668821   0.0000000000000  -1.3265570844949
    548    0.6568095668821   0.0000000000000  -2.0259480158258
    549    0.6568095668821   0.0000000000000  -2.7832900997817
    550    0.6568095668821   0.0000000000000  -3.6684708465596
    551    0.6568095668821  -0.6568095668821   3.6684708465596
    552    0.6568095668821  -0.6568095668821   2.7832900997817
    553    0.6568095668821  -0.6568095668821   2.0259480158258
    554    0.6568095668821  -0.6568095668821   1.3265570844949
    555    0.6568095668821  -0.6568095668821   0.6568095668821
    556    0.6568095668821  -0.6568095668821   0.0000000000000
    557    0.6568095668821  -0.6568095668821  -0.6568095668821
    558    0.6568095668821  -0.6568095668821  -1.3265570844949
    559    0.6568095668821  -0.6568095668821  -2.0259480158258
    560    0.6568095668821  -0.6568095668821  -2.7832900997817
    561    0.6568095668821  -0.6568095668821  -3.6684708465596
    562    0.6568095668821  -1.3265570844949   3.6684708465596
    563    0.6568095668821  -1.3265570844949   2.7832900997817
    564    0.6568095668821  -1.3265570844949   2.0259480158258
    565    0.6568095668821  -1.3265570844949   1.3265570844949
    566    0.6568095668821  -1.3265570844949   0.6568095668821
    567    0.6568095668821  -1.3265570844949   0.0000000000000
    568    0.6568095668821  -1.3265570844949  -0.6568095668821
    569    0.6568095668821  -1.3265570844949  -1.3265570844949
    570    0.6568095668821  -1.3265570844949  -2.0259480158258
    571    0.6568095668821  -1.3265570844949  -2.7832900997817
    572    0.6568095668821  -1.3265570844949  -3.6684708465596
    573    0.6568095668821  -2.0259480158258   3.6684708465596
    574    0.6568095668821  -2.0259480158258   2.7832900997817
    575    0.6568095668821  -2.0259480158258   2.0259480158258
    576    0.6568095668821  -2.0259480158258   1.3265570844949
    577    0.6568095668821  -2.0259480158258   0.6568095668821
    578    0.6568095668821  -2.0259480158258   0.0000000000000
    579    0.6568095668821  -2.0259480158258  -0.6568095668821
    580    0.6568095668821  -2.0259480158258  -1.3265570844949
    581    0.6568095668821  -2.0259480158258  -2.0259480158258
    582    0.6568095668821  -2.0259480158258  -2.7832900997817
    583    0.6568095668821  -2.0259480158258  -3.6684708465596
    584    0.6568095668821  -2.7832900997817   3.6684708465596
    585    0.6568095668821  -2.7832900997817   2.7832900997817
    586    0.6568095668821  -2.7832900997817   2.0259480158258
    587    0.6568095668821  -2.7832900997817   1.3265570844949
    588    0.6568095668821  -2.7832900997817   0.6568095668821
    589    0.6568095668821  -2.7832900997817   0.0000000000000
    590    0.6568095668821  -2.7832900997817  -0.6568095668821
    591    0.6568095668821  -2.7832900997817  -1.3265570844949
    592    0.6568095668821  -2.7832900997817  -2.0259480158258
    593    0.6568095668821  -2.7832900997817  -2.7832900997817
    594    0.6568095668821  -2.7832900997817  -3.6684708465596
    595    0.6568095668821  -3.6684708465596   3.6684708465596
    596    0.6568095668821  -3.6684708465596   2.7832900997817
    597    0.6568095668821  -3.6684708465596   2.0259480158258
    598    0.6568095668821  -3.6684708465596   1.3265570844949
    599    0.6568095668821  -3.6684708465596   0.6568095668821
    600    0.6568095668821  -3.6684708465596   0.0000000000000
    601    0.6568095668821  -3.6684708465596  -0.6568095668821
    602    0.6568095668821  -3.6684708465596  -1.3265570844949
    603    0.6568095668821  -3.6684708465596  -2.0259480158258
    604    0.6568095668821  -3.6684708465596  -2.7832900997817
    605    0.6568095668821  -3.6684708465596  -3.6684708465596
    606    0.0000000000000   3.6684708465596   3.6684708465596
    607    0.0000000000000   3.6684708465596   2.7832900997817
    608    0.0000000000000   3.6684708465596   2.0259480158258
    609    0.0000000000000   3.6684708465596   1.3265570844949
    610    0.0000000000000   3.6684708465596   0.6568095668821
    611    0.0000000000000   3.6684708465596   0.0000000000000
    612    0.0000000000000   3.6684708465596  -0.6568095668821
    613    0.0000000000000   3.6684708465596  -1.3265570844949
    614    0.0000000000000   3.6684708465596  -2.0259480158258
    615    0.0000000000000   3.6684708465596  -2.7832900997817
    616    0.0000000000000   3.6684708465596  -3.6684708465596
    617    0.0000000000000   2.7832900997817   3.6684708465596
    618    0.0000000000000   2.7832900997817   2.7832900997817
    619    0.0000000000000   2.7832900997817   2.0259480158258
    620    0.0000000000000   2.7832900997817   1.3265570844949
    621    0.0000000000000   2.7832900997817   0.6568095668821
    622    0.0000000000000   2.7832900997817   0.0000000000000
    623    0.0000000000000   2.7832900997817  -0.6568095668821
    624    0.0000000000000   2.7832900997817  -1.3265570844949
    625    0.0000000000000   2.7832900997817  -2.0259480158258
    626    0.0000000000000   2.7832900997817  -2.7832900997817
    627    0.0000000000000   2.7832900997817  -3.6684708465596
    628    0.0000000000000   2.0259480158258   3.6684708465596
    629    0.0000000000000   2.0259480158258   2.7832900997817
    630    0.0000000000000   2.0259480158258   2.0259480158258
    631    0.0000000000000   2.0259480158258   1.3265570844949
    632    0.0000000000000   2.0259480158258   0.6568095668821
    633    0.0000000000000   2.0259480158258   0.0000000000000
    634    0.0000000000000   2.0259480158258  -0.6568095668821
    635    0.0000000000000   2.0259480158258  -1.3265570844949
    636    0.0000000000000   2.0259480158258  -2.0259480158258
    637    0.0000000000000   2.0259480158258  -2.7832900997817
    638    0.0000000000000   2.0259480158258  -3.6684708465596
    639    0.0000000000000   1.3265570844949   3.6684708465596
    640    0.0000000000000   1.3265570844949   2.7832900997817
    641    0.0000000000000   1.3265570844949   2.0259480158258
    642    0.0000000000000   1.3265570844949   1.3265570844949
    643    0.0000000000000   1.3265570844949   0.6568095668821
    644    0.0000000000000   1.3265570844949   0.0000000000000
    645    0.0000000000000   1.3265570844949  -0.6568095668821
    646    0.0000000000000   1.3265570844949  -1.3265570844949
    647    0.0000000000000   1.3265570844949  -2.0259480158258
    648    0.0000000000000   1.3265570844949  -2.7832900997817
    649    0.0000000000000   1.3265570844949  -3.6684708465596
    650    0.0000000000000   0.6568095668821   3.6684708465596
    651    0.0000000000000   0.6568095668821   2.7832900997817
    652    0.0000000000000   0.6568095668821   2.0259480158258
    653    0.0000000000000   0.6568095668821   1.3265570844949
    654    0.0000000000000   0.6568095668821   0.6568095668821
    655    0.0000000000000   0.6568095668821   0.0000000000000
    656    0.0000000000000   0.6568095668821  -0.6568095668821
    657    0.0000000000000   0.6568095668821  -1.3265570844949
    658    0.0000000000000   0.6568095668821  -2.0259480158258
    659    0.0000000000000   0.6568095668821  -2.7832900997817
    660    0.0000000000000   0.6568095668821  -3.6684708465596
    661    0.0000000000000   0.0000000000000   3.6684708465596
    662    0.0000000000000   0.0000000000000   2.7832900997817
    663    0.0000000000000   0.0000000000000   2.0259480158258
    664    0.0000000000000   0.0000000000000   1.3265570844949
    665    0.0000000000000   0.0000000000000   0.6568095668821
    666    0.0000000000000   0.0000000000000   0.0000000000000
    667    0.0000000000000   0.0000000000000  -0.6568095668821
    668    0.0000000000000   0.0000000000000  -1.3265570844949
    669    0.0000000000000   0.0000000000000  -2.0259480158258
    670    0.0000000000000   0.0000000000000  -2.7832900997817
    671    0.0000000000000   0.0000000000000  -3.6684708465596
    672    0.0000000000000  -0.6568095668821   3.6684708465596
    673    0.0000000000000  -0.6568095668821   2.7832900997817
    674    0.0000000000000  -0.6568095668821   2.0259480158258
    675    0.0000000000000  -0.6568095668821   1.3265570844949
    676    0.0000000000000  -0.6568095668821   0.6568095668821
    677    0.0000000000000  -0.6568095668821   0.0000000000000
    678    0.0000000000000  -0.6568095668821  -0.6568095668821
    679    0.0000000000000  -0.6568095668821  -1.3265570844949
    680    0.0000000000000  -0.6568095668821  -2.0259480158258
    681    0.0000000000000  -0.6568095668821  -2.7832900997817
    682    0.0000000000000  -0.6568095668821  -3.6684708465596
    683    0.0000000000000  -1.3265570844949   3.6684708465596
    684    0.0000000000000  -1.3265570844949   2.7832900997817
    685    0.0000000000000  -1.3265570844949   2.0259480158258
    686    0.0000000000000  -1.3265570844949   1.3265570844949
    687    0.0000000000000  -1.3265570844949   0.6568095668821
    688    0.0000000000000  -1.3265570844949   0.0000000000000
    689    0.0000000000000  -1.3265570844949  -0.6568095668821
    690    0.0000000000000  -1.3265570844949  -1.3265570844949
    691    0.0000000000000  -1.3265570844949  -2.0259480158258
    692    0.0000000000000  -1.3265570844949  -2.7832900997817
    693    0.0000000000000  -1.3265570844949  -3.6684708465596
    694    0.0000000000000  -2.0259480158258   3.6684708465596
    695    0.0000000000000  -2.0259480158258   2.7832900997817
    696    0.0000000000000  -2.0259480158258   2.0259480158258
    697    0.0000000000000  -2.0259480158258   1.3265570844949
    698    0.0000000000000  -2.0259480158258   0.6568095668821
    699    0.0000000000000  -2.0259480158258   0.0000000000000
    700    0.0000000000000  -2.0259480158258  -0.6568095668821
    701    0.0000000000000  -2.0259480158258  -1.3265570844949
    702    0.0000000000000  -2.0259480158258  -2.0259480158258
    703    0.0000000000000  -2.0259480158258  -2.7832900997817
    704    0.0000000000000  -2.0259480158258  -3.6684708465596
    705    0.0000000000000  -2.7832900997817   3.6684708465596
    706    0.0000000000000  -2.7832900997817   2.7832900997817
    707    0.0000000000000  -2.7832900997817   2.0259480158258
    708    0.0000000000000  -2.7832900997817   1.3265570844949
    709    0.0000000000000  -2.7832900997817   0.6568095668821
    710    0.0000000000000  -2.7832900997817   0.0000000000000
    711    0.0000000000000  -2.7832900997817  -0.6568095668821
    712    0.0000000000000  -2.7832900997817  -1.3265570844949
    713    0.0000000000000  -2.7832900997817  -2.0259480158258
    714    0.0000000000000  -2.7832900997817  -2.7832900997817
    715    0.0000000000000  -2.7832900997817  -3.6684708465596
    716    0.0000000000000  -3.6684708465596   3.6684708465596
    717    0.0000000000000  -3.6684708465596   2.7832900997817
    718    0.0000000000000  -3.6684708465596   2.0259480158258
    719    0.0000000000000  -3.6684708465596   1.3265570844949
    720    0.0000000000000  -3.6684708465596   0.6568095668821
    721    0.0000000000000  -3.6684708465596   0.0000000000000
    722    0.0000000000000  -3.6684708465596  -0.6568095668821
    723    0.0000000000000  -3.6684708465596  -1.3265570844949
    724    0.0000000000000  -3.6684708465596  -2.0259480158258
    725    0.0000000000000  -3.6684708465596  -2.7832900997817
    726    0.0000000000000  -3.6684708465596  -3.6684708465596
    727   -0.6568095668821   3.6684708465596   3.6684708465596
    728   -0.6568095668821   3.6684708465596   2.7832900997817
    729   -0.6568095668821   3.6684708465596   2.0259480158258
    730   -0.6568095668821   3.6684708465596   1.3265570844949
    731   -0.6568095668821   3.6684708465596   0.6568095668821
    732   -0.6568095668821   3.6684708465596   0.0000000000000
    733   -0.6568095668821   3.6684708465596  -0.6568095668821
    734   -0.6568095668821   3.6684708465596  -1.3265570844949
    735   -0.6568095668821   3.6684708465596  -2.0259480158258
    736   -0.6568095668821   3.6684708465596  -2.7832900997817
    737   -0.6568095668821   3.6684708465596  -3.6684708465596
    738   -0.6568095668821   2.7832900997817   3.6684708465596
    739   -0.6568095668821   2.7832900997817   2.7832900997817
    740   -0.6568095668821   2.7832900997817   2.0259480158258
    741   -0.6568095668821   2.7832900997817   1.3265570844949
    742   -0.6568095668821   2.7832900997817   0.6568095668821
    743   -0.6568095668821   2.7832900997817   0.0000000000000
    744   -0.6568095668821   2.7832900997817  -0.6568095668821
    745   -0.6568095668821   2.7832900997817  -1.3265570844949
    746   -0.6568095668821   2.7832900997817  -2.0259480158258
    747   -0.6568095668821   2.7832900997817  -2.7832900997817
    748   -0.6568095668821   2.7832900997817  -3.6684708465596
    749   -0.6568095668821   2.0259480158258   3.6684708465596
    750   -0.6568095668821   2.0259480158258   2.7832900997817
    751   -0.6568095668821   2.0259480158258   2.0259480158258
    752   -0.6568095668821   2.0259480158258   1.3265570844949
    753   -0.6568095668821   2.0259480158258   0.6568095668821
    754   -0.6568095668821   2.0259480158258   0.0000000000000
    755   -0.6568095668821   2.0259480158258  -0.6568095668821
    756   -0.6568095668821   2.0259480158258  -1.3265570844949
    757   -0.6568095668821   2.0259480158258  -2.0259480158258
    758   -0.6568095668821   2.0259480158258  -2.7832900997817
    759   -0.6568095668821   2.0259480158258  -3.6684708465596
    760   -0.6568095668821   1.3265570844949   3.6684708465596
    761   -0.6568095668821   1.3265570844949   2.7832900997817
    762   -0.6568095668821   1.3265570844949   2.0259480158258
    763   -0.6568095668821   1.3265570844949   1.3265570844949
    764   -0.6568095668821   1.3265570844949   0.6568095668821
    765   -0.6568095668821   1.3265570844949   0.0000000000000
    766   -0.6568095668821   1.3265570844949  -0.6568095668821
    767   -0.6568095668821   1.3265570844949  -1.3265570844949
    768   -0.6568095668821   1.3265570844949  -2.0259480158258
    769   -0.6568095668821   1.3265570844949  -2.7832900997817
    770   -0.6568095668821   1.3265570844949  -3.6684708465596
    771   -0.6568095668821   0.6568095668821   3.6684708465596
    772   -0.6568095668821   0.6568095668821   2.7832900997817
    773   -0.6568095668821   0.6568095668821   2.0259480158258
    774   -0.6568095668821   0.6568095668821   1.3265570844949
    775   -0.6568095668821   0.6568095668821   0.6568095668821
    776   -0.6568095668821   0.6568095668821   0.0000000000000
    777   -0.6568095668821   0.6568095668821  -0.6568095668821
    778   -0.6568095668821   0.6568095668821  -1.3265570844949
    779   -0.6568095668821   0.6568095668821  -2.0259480158258
    780   -0.6568095668821   0.6568095668821  -2.7832900997817
    781   -0.6568095668821   0.6568095668821  -3.6684708465596
    782   -0.6568095668821   0.0000000000000   3.6684708465596
    783   -0.6568095668821   0.0000000000000   2.7832900997817
    784   -0.6568095668821   0.0000000000000   2.0259480158258
    785   -0.6568095668821   0.0000000000000   1.3265570844949
    786   -0.6568095668821   0.0000000000000   0.6568095668821
    787   -0.6568095668821   0.0000000000000   0.0000000000000
    788   -0.6568095668821   0.0000000000000  -0.6568095668821
    789   -0.6568095668821   0.0000000000000  -1.3265570844949
    790   -0.6568095668821   0.0000000000000  -2.0259480158258
    791   -0.6568095668821   0.0000000000000  -2.7832900997817
    792   -0.6568095668821   0.0000000000000  -3.6684708465596
    793   -0.6568095668821  -0.6568095668821   3.6684708465596
    794   -0.6568095668821  -0.6568095668821   2.7832900997817
    795   -0.6568095668821  -0.6568095668821   2.0259480158258
    796   -0.6568095668821  -0.6568095668821   1.3265570844949
    797   -0.6568095668821  -0.6568095668821   0.6568095668821
    798   -0.6568095668821  -0.6568095668821   0.0000000000000
    799   -0.6568095668821  -0.6568095668821  -0.6568095668821
    800   -0.6568095668821  -0.6568095668821  -1.3265570844949
    801   -0.6568095668821  -0.6568095668821  -2.0259480158258
    802   -0.6568095668821  -0.6568095668821  -2.7832900997817
    803   -0.6568095668821  -0.6568095668821  -3.6684708465596
    804   -0.6568095668821  -1.3265570844949   3.6684708465596
    805   -0.6568095668821  -1.3265570844949   2.7832900997817
    806   -0.6568095668821  -1.3265570844949   2.0259480158258
    807   -0.6568095668821  -1.3265570844949   1.3265570844949
    808   -0.6568095668821  -1.3265570844949   0.6568095668821
    809   -0.6568095668821  -1.3265570844949   0.0000000000000
    810   -0.6568095668821  -1.3265570844949  -0.6568095668821
    811   -0.6568095668821  -1.3265570844949  -1.3265570844949
    812   -0.6568095668821  -1.3265570844949  -2.0259480158258
    813   -0.6568095668821  -1.3265570844949  -2.7832900997817
    814   -0.6568095668821  -1.3265570844949  -3.6684708465596
    815   -0.6568095668821  -2.0259480158258   3.6684708465596
    816   -0.6568095668821  -2.0259480158258   2.7832900997817
    817   -0.6568095668821  -2.0259480158258   2.0259480158258
    818   -0.6568095668821  -2.0259480158258   1.3265570844949
    819   -0.6568095668821  -2.0259480158258   0.6568095668821
    820   -0.6568095668821  -2.0259480158258   0.0000000000000
    821   -0.6568095668821  -2.0259480158258  -0.6568095668821
    822   -0.6568095668821  -2.0259480158258  -1.3265570844949
    823   -0.6568095668821  -2.0259480158258  -2.0259480158258
    824   -0.6568095668821  -2.0259480158258  -2.7832900997817
    825   -0.6568095668821  -2.0259480158258  -3.6684708465596
    826   -0.6568095668821  -2.7832900997817   3.6684708465596
    827   -0.6568095668821  -2.7832900997817   2.7832900997817
    828   -0.6568095668821  -2.7832900997817   2.0259480158258
    829   -0.6568095668821  -2.7832900997817   1.3265570844949
    830   -0.6568095668821  -2.7832900997817   0.6568095668821
    831   -0.6568095668821  -2.7832900997817   0.0000000000000
    832   -0.6568095668821  -2.7832900997817  -0.6568095668821
    833   -0.6568095668821  -2.7832900997817  -1.3265570844949
    834   -0.6568095668821  -2.7832900997817  -2.0259480158258
    835   -0.6568095668821  -2.7832900997817  -2.7832900997817
    836   -0.6568095668821  -2.7832900997817  -3.6684708465596
    837   -0.6568095668821  -3.6684708465596   3.6684708465596
    838   -0.6568095668821  -3.6684708465596   2.7832900997817
    839   -0.6568095668821  -3.6684708465596   2.0259480158258
    840   -0.6568095668821  -3.6684708465596   1.3265570844949
    841   -0.6568095668821  -3.6684708465596   0.6568095668821
    842   -0.6568095668821  -3.6684708465596   0.0000000000000
    843   -0.6568095668821  -3.6684708465596  -0.6568095668821
    844   -0.6568095668821  -3.6684708465596  -1.3265570844949
    845   -0.6568095668821  -3.6684708465596  -2.0259480158258
    846   -0.6568095668821  -3.6684708465596  -2.7832900997817
    847   -0.6568095668821  -3.6684708465596  -3.6684708465596
    848   -1.3265570844949   3.6684708465596   3.6684708465596
    849   -1.3265570844949   3.6684708465596   2.7832900997817
    850   -1.3265570844949   3.6684708465596   2.0259480158258
    851   -1.3265570844949   3.6684708465596   1.3265570844949
    852   -1.3265570844949   3.6684708465596   0.6568095668821
    853   -1.3265570844949   3.6684708465596   0.0000000000000
    854   -1.3265570844949   3.6684708465596  -0.6568095668821
    855   -1.3265570844949   3.6684708465596  -1.3265570844949
    856   -1.3265570844949   3.6684708465596  -2.0259480158258
    857   -1.3265570844949   3.6684708465596  -2.7832900997817
    858   -1.3265570844949   3.6684708465596  -3.6684708465596
    859   -1.3265570844949   2.7832900997817   3.6684708465596
    860   -1.3265570844949   2.7832900997817   2.7832900997817
    861   -1.3265570844949   2.7832900997817   2.0259480158258
    862   -1.3265570844949   2.7832900997817   1.3265570844949
    863   -1.3265570844949   2.7832900997817   0.6568095668821
    864   -1.3265570844949   2.7832900997817   0.0000000000000
    865   -1.3265570844949   2.7832900997817  -0.6568095668821
    866   -1.3265570844949   2.7832900997817  -1.3265570844949
    867   -1.3265570844949   2.7832900997817  -2.0259480158258
    868   -1.3265570844949   2.7832900997817  -2.7832900997817
    869   -1.3265570844949   2.7832900997817  -3.6684708465596
    870   -1.3265570844949   2.0259480158258   3.6684708465596
    871   -1.3265570844949   2.0259480158258   2.7832900997817
    872   -1.3265570844949   2.0259480158258   2.0259480158258
    873   -1.3265570844949   2.0259480158258   1.3265570844949
    874   -1.3265570844949   2.0259480158258   0.6568095668821
    875   -1.3265570844949   2.0259480158258   0.0000000000000
    876   -1.3265570844949   2.0259480158258  -0.6568095668821
    877   -1.3265570844949   2.0259480158258  -1.3265570844949
    878   -1.3265570844949   2.0259480158258  -2.0259480158258
    879   -1.3265570844949   2.0259480158258  -2.7832900997817
    880   -1.3265570844949   2.0259480158258  -3.6684708465596
    881   -1.3265570844949   1.3265570844949   3.6684708465596
    882   -1.3265570844949   1.3265570844949   2.7832900997817
    883   -1.3265570844949   1.3265570844949   2.0259480158258
    884   -1.3265570844949   1.3265570844949   1.3265570844949
    885   -1.3265570844949   1.3265570844949   0.6568095668821
    886   -1.3265570844949   1.3265570844949   0.0000000000000
    887   -1.3265570844949   1.3265570844949  -0.6568095668821
    888   -1.3265570844949   1.3265570844949  -1.3265570844949
    889   -1.3265570844949   1.3265570844949  -2.0259480158258
    890   -1.3265570844949   1.3265570844949  -2.7832900997817
    891   -1.3265570844949   1.3265570844949  -3.6684708465596
    892   -1.3265570844949   0.6568095668821   3.6684708465596
    893   -1.3265570844949   0.6568095668821   2.7832900997817
    894   -1.3265570844949   0.6568095668821   2.0259480158258
    895   -1.3265570844949   0.6568095668821   1.3265570844949
    896   -1.3265570844949   0.6568095668821   0.6568095668821
    897   -1.3265570844949   0.6568095668821   0.0000000000000
    898   -1.3265570844949   0.6568095668821  -0.6568095668821
    899   -1.3265570844949   0.6568095668821  -1.3265570844949
    900   -1.3265570844949   0.6568095668821  -2.0259480158258
    901   -1.3265570844949   0.6568095668821  -2.7832900997817
    902   -1.3265570844949   0.6568095668821  -3.6684708465596
    903   -1.3265570844949   0.0000000000000   3.6684708465596
    904   -1.3265570844949   0.0000000000000   2.7832900997817
    905   -1.3265570844949   0.0000000000000   2.0259480158258
    906   -1.3265570844949   0.0000000000000   1.3265570844949
    907   -1.3265570844949   0.0000000000000   0.6568095668821
    908   -1.3265570844949   0.0000000000000   0.0000000000000
    909   -1.3265570844949   0.0000000000000  -0.6568095668821
    910   -1.3265570844949   0.0000000000000  -1.3265570844949
    911   -1.3265570844949   0.0000000000000  -2.0259480158258
    912   -1.3265570844949   0.0000000000000  -2.7832900997817
    913   -1.3265570844949   0.0000000000000  -3.6684708465596
    914   -1.3265570844949  -0.6568095668821   3.6684708465596
    915   -1.3265570844949  -0.6568095668821   2.7832900997817
    916   -1.3265570844949  -0.6568095668821   2.0259480158258
    917   -1.3265570844949  -0.6568095668821   1.3265570844949
    918   -1.3265570844949  -0.6568095668821   0.6568095668821
    919   -1.3265570844949  -0.6568095668821   0.0000000000000
    920   -1.3265570844949  -0.6568095668821  -0.6568095668821
    921   -1.3265570844949  -0.6568095668821  -1.3265570844949
    922   -1.3265570844949  -0.6568095668821  -2.0259480158258
    923   -1.3265570844949  -0.6568095668821  -2.7832900997817
    924   -1.3265570844949  -0.6568095668821  -3.6684708465596
    925   -1.3265570844949  -1.3265570844949   3.6684708465596
    926   -1.3265570844949  -1.3265570844949   2.7832900997817
    927   -1.3265570844949  -1.3265570844949   2.0259480158258
    928   -1.3265570844949  -1.3265570844949   1.3265570844949
    929   -1.3265570844949  -1.3265570844949   0.6568095668821
    930   -1.3265570844949  -1.3265570844949   0.0000000000000
    931   -1.3265570844949  -1.3265570844949  -0.6568095668821
    932   -1.3265570844949  -1.3265570844949  -1.3265570844949
    933   -1.3265570844949  -1.3265570844949  -2.0259480158258
    934   -1.3265570844949  -1.3265570844949  -2.7832900997817
    935   -1.3265570844949  -1.3265570844949  -3.6684708465596
    936   -1.3265570844949  -2.0259480158258   3.6684708465596
    937   -1.3265570844949  -2.0259480158258   2.7832900997817
    938   -1.3265570844949  -2.0259480158258   2.0259480158258
    939   -1.3265570844949  -2.0259480158258   1.3265570844949
    940   -1.3265570844949  -2.0259480158258   0.6568095668821
    941   -1.3265570844949  -2.0259480158258   0.0000000000000
    942   -1.3265570844949  -2.0259480158258  -0.6568095668821
    943   -1.3265570844949  -2.0259480158258  -1.3265570844949
    944   -1.3265570844949  -2.0259480158258  -2.0259480158258
    945   -1.3265570844949  -2.0259480158258  -2.7832900997817
    946   -1.3265570844949  -2.0259480158258  -3.6684708465596
    947   -1.3265570844949  -2.7832900997817   3.6684708465596
    948   -1.3265570844949  -2.7832900997817   2.7832900997817
    949   -1.3265570844949  -2.7832900997817   2.0259480158258
    950   -1.3265570844949  -2.7832900997817   1.3265570844949
    951   -1.3265570844949  -2.7832900997817   0.6568095668821
    952   -1.3265570844949  -2.7832900997817   0.0000000000000
    953   -1.3265570844949  -2.7832900997817  -0.6568095668821
    954   -1.3265570844949  -2.7832900997817  -1.3265570844949
    955   -1.3265570844949  -2.7832900997817  -2.0259480158258
    956   -1.3265570844949  -2.7832900997817  -2.7832900997817
    957   -1.3265570844949  -2.7832900997817  -3.6684708465596
    958   -1.3265570844949  -3.6684708465596   3.6684708465596
    959   -1.3265570844949  -3.6684708465596   2.7832900997817
    960   -1.3265570844949  -3.6684708465596   2.0259480158258
    961   -1.3265570844949  -3.6684708465596   1.3265570844949
    962   -1.3265570844949  -3.6684708465596   0.6568095668821
    963   -1.3265570844949  -3.6684708465596   0.0000000000000
    964   -1.3265570844949  -3.6684708465596  -0.6568095668821
    965   -1.3265570844949  -3.6684708465596  -1.3265570844949
    966   -1.3265570844949  -3.6684708465596  -2.0259480158258
    967   -1.3265570844949  -3.6684708465596  -2.7832900997817
    968   -1.3265570844949  -3.6684708465596  -3.6684708465596
    969   -2.0259480158258   3.6684708465596   3.6684708465596
    970   -2.0259480158258   3.6684708465596   2.7832900997817
    971   -2.0259480158258   3.6684708465596   2.0259480158258
    972   -2.0259480158258   3.6684708465596   1.3265570844949
    973   -2.0259480158258   3.6684708465596   0.6568095668821
    974   -2.0259480158258   3.6684708465596   0.0000000000000
    975   -2.0259480158258   3.6684708465596  -0.6568095668821
    976   -2.0259480158258   3.6684708465596  -1.3265570844949
    977   -2.0259480158258   3.6684708465596  -2.0259480158258
    978   -2.0259480158258   3.6684708465596  -2.7832900997817
    979   -2.0259480158258   3.6684708465596  -3.6684708465596
    980   -2.0259480158258   2.7832900997817   3.6684708465596
    981   -2.0259480158258   2.7832900997817   2.7832900997817
    982   -2.0259480158258   2.7832900997817   2.0259480158258
    983   -2.0259480158258   2.7832900997817   1.3265570844949
    984   -2.0259480158258   2.7832900997817   0.6568095668821
    985   -2.0259480158258   2.7832900997817   0.0000000000000
    986   -2.0259480158258   2.7832900997817  -0.6568095668821
    987   -2.0259480158258   2.7832900997817  -1.3265570844949
    988   -2.0259480158258   2.7832900997817  -2.0259480158258
    989   -2.0259480158258   2.7832900997817  -2.7832900997817
    990   -2.0259480158258   2.7832900997817  -3.6684708465596
    991   -2.0259480158258   2.0259480158258   3.6684708465596
    992   -2.0259480158258   2.0259480158258   2.7832900997817
    993   -2.0259480158258   2.0259480158258   2.0259480158258
    994   -2.0259480158258   2.0259480158258   1.3265570844949
    995   -2.0259480158258   2.0259480158258   0.6568095668821
    996   -2.0259480158258   2.0259480158258   0.0000000000000
    997   -2.0259480158258   2.0259480158258  -0.6568095668821
    998   -2.0259480158258   2.0259480158258  -1.3265570844949
    999   -2.0259480158258   2.0259480158258  -2.0259480158258
   1000   -2.0259480158258   2.0259480158258  -2.7832900997817
   1001   -2.0259480158258   2.0259480158258  -3.6684708465596
   1002   -2.0259480158258   1.3265570844949   3.6684708465596
   1003   -2.0259480158258   1.3265570844949   2.7832900997817
   1004   -2.0259480158258   1.3265570844949   2.0259480158258
   1005   -2.0259480158258   1.3265570844949   1.3265570844949
   1006   -2.0259480158258   1.3265570844949   0.6568095668821
   1007   -2.0259480158258   1.3265570844949   0.0000000000000
   1008   -2.0259480158258   1.3265570844949  -0.6568095668821
   1009   -2.0259480158258   1.3265570844949  -1.3265570844949
   1010   -2.0259480158258   1.3265570844949  -2.0259480158258
   1011   -2.0259480158258   1.3265570844949  -2.7832900997817
   1012   -2.0259480158258   1.3265570844949  -3.6684708465596
   1013   -2.0259480158258   0.6568095668821   3.6684708465596
   1014   -2.0259480158258   0.6568095668821   2.7832900997817
   1015   -2.0259480158258   0.6568095668821   2.0259480158258
   1016   -2.0259480158258   0.6568095668821   1.3265570844949
   1017   -2.0259480158258   0.6568095668821   0.6568095668821
   1018   -2.0259480158258   0.6568095668821   0.0000000000000
   1019   -2.0259480158258   0.6568095668821  -0.6568095668821
   1020   -2.0259480158258   0.6568095668821  -1.3265570844949
   1021   -2.0259480158258   0.6568095668821  -2.0259480158258
   1022   -2.0259480158258   0.6568095668821  -2.7832900997817
   1023   -2.0259480158258   0.6568095668821  -3.6684708465596
   1024   -2.0259480158258   0.0000000000000   3.6684708465596
   1025   -2.0259480158258   0.0000000000000   2.7832900997817
   1026   -2.0259480158258   0.0000000000000   2.0259480158258
   1027   -2.0259480158258   0.0000000000000   1.3265570844949
   1028   -2.0259480158258   0.0000000000000   0.6568095668821
   1029   -2.0259480158258   0.0000000000000   0.0000000000000
   1030   -2.0259480158258   0.0000000000000  -0.6568095668821
   1031   -2.0259480158258   0.0000000000000  -1.3265570844949
   1032   -2.0259480158258   0.0000000000000  -2.0259480158258
   1033   -2.0259480158258   0.0000000000000  -2.7832900997817
   1034   -2.0259480158258   0.0000000000000  -3.6684708465596
   1035   -2.0259480158258  -0.6568095668821   3.6684708465596
   1036   -2.0259480158258  -0.6568095668821   2.7832900997817
   1037   -2.0259480158258  -0.6568095668821   2.0259480158258
   1038   -2.0259480158258  -0.6568095668821   1.3265570844949
   1039   -2.0259480158258  -0.6568095668821   0.6568095668821
   1040   -2.0259480158258  -0.6568095668821   0.0000000000000
   1041   -2.0259480158258  -0.6568095668821  -0.6568095668821
   1042   -2.0259480158258  -0.6568095668821  -1.3265570844949
   1043   -2.0259480158258  -0.6568095668821  -2.0259480158258
   1044   -2.0259480158258  -0.6568095668821  -2.7832900997817
   1045   -2.0259480158258  -0.6568095668821  -3.6684708465596
   1046   -2.0259480158258  -1.3265570844949   3.6684708465596
   1047   -2.0259480158258  -1.3265570844949   2.7832900997817
   1048   -2.0259480158258  -1.3265570844949   2.0259480158258
   1049   -2.0259480158258  -1.3265570844949   1.3265570844949
   1050   -2.0259480158258  -1.3265570844949   0.6568095668821
   1051   -2.0259480158258  -1.3265570844949   0.0000000000000
   1052   -2.0259480158258  -1.3265570844949  -0.6568095668821
   1053   -2.0259480158258  -1.3265570844949  -1.3265570844949
   1054   -2.0259480158258  -1.3265570844949  -2.0259480158258
   1055   -2.0259480158258  -1.3265570844949  -2.7832900997817
   1056   -2.0259480158258  -1.3265570844949  -3.6684708465596
   1057   -2.0259480158258  -2.0259480158258   3.6684708465596
   1058   -2.0259480158258  -2.0259480158258   2.7832900997817
   1059   -2.0259480158258  -2.0259480158258   2.0259480158258
   1060   -2.0259480158258  -2.0259480158258   1.3265570844949
   1061   -2.0259480158258  -2.0259480158258   0.6568095668821
   1062   -2.0259480158258  -2.0259480158258   0.0000000000000
   1063   -2.0259480158258  -2.0259480158258  -0.6568095668821
   1064   -2.0259480158258  -2.0259480158258  -1.3265570844949
   1065   -2.0259480158258  -2.0259480158258  -2.0259480158258
   1066   -2.0259480158258  -2.0259480158258  -2.7832900997817
   1067   -2.0259480158258  -2.0259480158258  -3.6684708465596
   1068   -2.0259480158258  -2.7832900997817   3.6684708465596
   1069   -2.0259480158258  -2.7832900997817   2.7832900997817
   1070   -2.0259480158258  -2.7832900997817   2.0259480158258
   1071   -2.0259480158258  -2.7832900997817   1.3265570844949
   1072   -2.0259480158258  -2.7832900997817   0.6568095668821
   1073   -2.0259480158258  -2.7832900997817   0.0000000000000
   1074   -2.0259480158258  -2.7832900997817  -0.6568095668821
   1075   -2.0259480158258  -2.7832900997817  -1.3265570844949
   1076   -2.0259480158258  -2.7832900997817  -2.0259480158258
   1077   -2.0259480158258  -2.7832900997817  -2.7832900997817
   1078   -2.0259480158258  -2.7832900997817  -3.6684708465596
   1079   -2.0259480158258  -3.6684708465596   3.6684708465596
   1080   -2.0259480158258  -3.6684708465596   2.7832900997817
   1081   -2.0259480158258  -3.6684708465596   2.0259480158258
   1082   -2.0259480158258  -3.6684708465596   1.3265570844949
   1083   -2.0259480158258  -3.6684708465596   0.6568095668821
   1084   -2.0259480158258  -3.6684708465596   0.0000000000000
   1085   -2.0259480158258  -3.6684708465596  -0.6568095668821
   1086   -2.0259480158258  -3.6684708465596  -1.3265570844949
   1087   -2.0259480158258  -3.6684708465596  -2.0259480158258
   1088   -2.0259480158258  -3.6684708465596  -2.7832900997817
   1089   -2.0259480158258  -3.6684708465596  -3.6684708465596
   1090   -2.7832900997817   3.6684708465596   3.6684708465596
   1091   -2.7832900997817   3.6684708465596   2.7832900997817
   1092   -2.7832900997817   3.6684708465596   2.0259480158258
   1093   -2.7832900997817   3.6684708465596   1.3265570844949
   1094   -2.7832900997817   3.6684708465596   0.6568095668821
   1095   -2.7832900997817   3.6684708465596   0.0000000000000
   1096   -2.7832900997817   3.6684708465596  -0.6568095668821
   1097   -2.7832900997817   3.6684708465596  -1.3265570844949
   1098   -2.7832900997817   3.6684708465596  -2.0259480158258
   1099   -2.7832900997817   3.6684708465596  -2.7832900997817
   1100   -2.7832900997817   3.6684708465596  -3.6684708465596
   1101   -2.7832900997817   2.7832900997817   3.6684708465596
   1102   -2.7832900997817   2.7832900997817   2.7832900997817
   1103   -2.7832900997817   2.7832900997817   2.0259480158258
   1104   -2.7832900997817   2.7832900997817   1.3265570844949
   1105   -2.7832900997817   2.7832900997817   0.6568095668821
   1106   -2.7832900997817   2.7832900997817   0.0000000000000
   1107   -2.7832900997817   2.7832900997817  -0.6568095668821
   1108   -2.7832900997817   2.7832900997817  -1.3265570844949
   1109   -2.7832900997817   2.7832900997817  -2.0259480158258
   1110   -2.7832900997817   2.7832900997817  -2.7832900997817
   1111   -2.7832900997817   2.7832900997817  -3.6684708465596
   1112   -2.7832900997817   2.0259480158258   3.6684708465596
   1113   -2.7832900997817   2.0259480158258   2.7832900997817
   1114   -2.7832900997817   2.0259480158258   2.0259480158258
   1115   -2.7832900997817   2.0259480158258   1.3265570844949
   1116   -2.7832900997817   2.0259480158258   0.6568095668821
   1117   -2.7832900997817   2.0259480158258   0.0000000000000
   1118   -2.7832900997817   2.0259480158258  -0.6568095668821
   1119   -2.7832900997817   2.0259480158258  -1.3265570844949
   1120   -2.7832900997817   2.0259480158258  -2.0259480158258
   1121   -2.7832900997817   2.0259480158258  -2.7832900997817
   1122   -2.7832900997817   2.0259480158258  -3.6684708465596
   1123   -2.7832900997817   1.3265570844949   3.6684708465596
   1124   -2.7832900997817   1.3265570844949   2.7832900997817
   1125   -2.7832900997817   1.3265570844949   2.0259480158258
   1126   -2.7832900997817   1.3265570844949   1.3265570844949
   1127   -2.7832900997817   1.3265570844949   0.6568095668821
   1128   -2.7832900997817   1.3265570844949   0.0000000000000
   1129   -2.7832900997817   1.3265570844949  -0.6568095668821
   1130   -2.7832900997817   1.3265570844949  -1.3265570844949
   1131   -2.7832900997817   1.3265570844949  -2.0259480158258
   1132   -2.7832900997817   1.3265570844949  -2.7832900997817
   1133   -2.7832900997817   1.3265570844949  -3.6684708465596
   1134   -2.7832900997817   0.6568095668821   3.6684708465596
   1135   -2.7832900997817   0.6568095668821   2.7832900997817
   1136   -2.7832900997817   0.6568095668821   2.0259480158258
   1137   -2.7832900997817   0.6568095668821   1.3265570844949
   1138   -2.7832900997817   0.6568095668821   0.6568095668821
   1139   -2.7832900997817   0.6568095668821   0.0000000000000
   1140   -2.7832900997817   0.6568095668821  -0.6568095668821
   1141   -2.7832900997817   0.6568095668821  -1.3265570844949
   1142   -2.7832900997817   0.6568095668821  -2.0259480158258
   1143   -2.7832900997817   0.6568095668821  -2.7832900997817
   1144   -2.7832900997817   0.6568095668821  -3.6684708465596
   1145   -2.7832900997817   0.0000000000000   3.6684708465596
   1146   -2.7832900997817   0.0000000000000   2.7832900997817
   1147   -2.7832900997817   0.0000000000000   2.0259480158258
   1148   -2.7832900997817   0.0000000000000   1.3265570844949
   1149   -2.7832900997817   0.0000000000000   0.6568095668821
   1150   -2.7832900997817   0.0000000000000   0.0000000000000
   1151   -2.7832900997817   0.0000000000000  -0.6568095668821
   1152   -2.7832900997817   0.0000000000000  -1.3265570844949
   1153   -2.7832900997817   0.0000000000000  -2.0259480158258
   1154   -2.7832900997817   0.0000000000000  -2.7832900997817
   1155   -2.7832900997817   0.0000000000000  -3.6684708465596
   1156   -2.7832900997817  -0.6568095668821   3.6684708465596
   1157   -2.7832900997817  -0.6568095668821   2.7832900997817
   1158   -2.7832900997817  -0.6568095668821   2.0259480158258
   1159   -2.7832900997817  -0.6568095668821   1.3265570844949
   1160   -2.7832900997817  -0.6568095668821   0.6568095668821
   1161   -2.7832900997817  -0.6568095668821   0.0000000000000
   1162   -2.7832900997817  -0.6568095668821  -0.6568095668821
   1163   -2.7832900997817  -0.6568095668821  -1.3265570844949
   1164   -2.7832900997817  -0.6568095668821  -2.0259480158258
   1165   -2.7832900997817  -0.6568095668821  -2.7832900997817
   1166   -2.7832900997817  -0.6568095668821  -3.6684708465596
   1167   -2.7832900997817  -1.3265570844949   3.6684708465596
   1168   -2.7832900997817  -1.3265570844949   2.7832900997817
   1169   -2.7832900997817  -1.3265570844949   2.0259480158258
   1170   -2.7832900997817  -1.3265570844949   1.3265570844949
   1171   -2.7832900997817  -1.3265570844949   0.6568095668821
   1172   -2.7832900997817  -1.3265570844949   0.0000000000000
   1173   -2.7832900997817  -1.3265570844949  -0.6568095668821
   1174   -2.7832900997817  -1.3265570844949  -1.3265570844949
   1175   -2.7832900997817  -1.3265570844949  -2.0259480158258
   1176   -2.7832900997817  -1.3265570844949  -2.7832900997817
   1177   -2.7832900997817  -1.3265570844949  -3.6684708465596
   1178   -2.7832900997817  -2.0259480158258   3.6684708465596
   1179   -2.7832900997817  -2.0259480158258   2.7832900997817
   1180   -2.7832900997817  -2.0259480158258   2.0259480158258
   1181   -2.7832900997817  -2.0259480158258   1.3265570844949
   1182   -2.7832900997817  -2.0259480158258   0.6568095668821
   1183   -2.7832900997817  -2.0259480158258   0.0000000000000
   1184   -2.7832900997817  -2.0259480158258  -0.6568095668821
   1185   -2.7832900997817  -2.0259480158258  -1.3265570844949
   1186   -2.7832900997817  -2.0259480158258  -2.0259480158258
   1187   -2.7832900997817  -2.0259480158258  -2.7832900997817
   1188   -2.7832900997817  -2.0259480158258  -3.6684708465596
   1189   -2.7832900997817  -2.7832900997817   3.6684708465596
   1190   -2.7832900997817  -2.7832900997817   2.7832900997817
   1191   -2.7832900997817  -2.7832900997817   2.0259480158258
   1192   -2.7832900997817  -2.7832900997817   1.3265570844949
   1193   -2.7832900997817  -2.7832900997817   0.6568095668821
   1194   -2.7832900997817  -2.7832900997817   0.0000000000000
   1195   -2.7832900997817  -2.7832900997817  -0.6568095668821
   1196   -2.7832900997817  -2.7832900997817  -1.3265570844949
   1197   -2.7832900997817  -2.7832900997817  -2.0259480158258
   1198   -2.7832900997817  -2.7832900997817  -2.7832900997817
   1199   -2.7832900997817  -2.7832900997817  -3.6684708465596
   1200   -2.7832900997817  -3.6684708465596   3.6684708465596
   1201   -2.7832900997817  -3.6684708465596   2.7832900997817
   1202   -2.7832900997817  -3.6684708465596   2.0259480158258
   1203   -2.7832900997817  -3.6684708465596   1.3265570844949
   1204   -2.7832900997817  -3.6684708465596   0.6568095668821
   1205   -2.7832900997817  -3.6684708465596   0.0000000000000
   1206   -2.7832900997817  -3.6684708465596  -0.6568095668821
   1207   -2.7832900997817  -3.6684708465596  -1.3265570844949
   1208   -2.7832900997817  -3.6684708465596  -2.0259480158258
   1209   -2.7832900997817  -3.6684708465596  -2.7832900997817
   1210   -2.7832900997817  -3.6684708465596  -3.6684708465596
   1211   -3.6684708465596   3.6684708465596   3.6684708465596
   1212   -3.6684708465596   3.6684708465596   2.7832900997817
   1213   -3.6684708465596   3.6684708465596   2.0259480158258
   1214   -3.6684708465596   3.6684708465596   1.3265570844949
   1215   -3.6684708465596   3.6684708465596   0.6568095668821
   1216   -3.6684708465596   3.6684708465596   0.0000000000000
   1217   -3.6684708465596   3.6684708465596  -0.6568095668821
   1218   -3.6684708465596   3.6684708465596  -1.3265570844949
   1219   -3.6684708465596   3.6684708465596  -2.0259480158258
   1220   -3.6684708465596   3.6684708465596  -2.7832900997817
   1221   -3.6684708465596   3.6684708465596  -3.6684708465596
   1222   -3.6684708465596   2.7832900997817   3.6684708465596
   1223   -3.6684708465596   2.7832900997817   2.7832900997817
   1224   -3.6684708465596   2.7832900997817   2.0259480158258
   1225   -3.6684708465596   2.7832900997817   1.3265570844949
   1226   -3.6684708465596   2.7832900997817   0.6568095668821
   1227   -3.6684708465596   2.7832900997817   0.0000000000000
   1228   -3.6684708465596   2.7832900997817  -0.6568095668821
   1229   -3.6684708465596   2.7832900997817  -1.3265570844949
   1230   -3.6684708465596   2.7832900997817  -2.0259480158258
   1231   -3.6684708465596   2.7832900997817  -2.7832900997817
   1232   -3.6684708465596   2.7832900997817  -3.6684708465596
   1233   -3.6684708465596   2.0259480158258   3.6684708465596
   1234   -3.6684708465596   2.0259480158258   2.7832900997817
   1235   -3.6684708465596   2.0259480158258   2.0259480158258
   1236   -3.6684708465596   2.0259480158258   1.3265570844949
   1237   -3.6684708465596   2.0259480158258   0.6568095668821
   1238   -3.6684708465596   2.0259480158258   0.0000000000000
   1239   -3.6684708465596   2.0259480158258  -0.6568095668821
   1240   -3.6684708465596   2.0259480158258  -1.3265570844949
   1241   -3.6684708465596   2.0259480158258  -2.0259480158258
   1242   -3.6684708465596   2.0259480158258  -2.7832900997817
   1243   -3.6684708465596   2.0259480158258  -3.6684708465596
   1244   -3.6684708465596   1.3265570844949   3.6684708465596
   1245   -3.6684708465596   1.3265570844949   2.7832900997817
   1246   -3.6684708465596   1.3265570844949   2.0259480158258
   1247   -3.6684708465596   1.3265570844949   1.3265570844949
   1248   -3.6684708465596   1.3265570844949   0.6568095668821
   1249   -3.6684708465596   1.3265570844949   0.0000000000000
   1250   -3.6684708465596   1.3265570844949  -0.6568095668821
   1251   -3.6684708465596   1.3265570844949  -1.3265570844949
   1252   -3.6684708465596   1.3265570844949  -2.0259480158258
   1253   -3.6684708465596   1.3265570844949  -2.7832900997817
   1254   -3.6684708465596   1.3265570844949  -3.6684708465596
   1255   -3.6684708465596   0.6568095668821   3.6684708465596
   1256   -3.6684708465596   0.6568095668821   2.7832900997817
   1257   -3.6684708465596   0.6568095668821   2.0259480158258
   1258   -3.6684708465596   0.6568095668821   1.3265570844949
   1259   -3.6684708465596   0.6568095668821   0.6568095668821
   1260   -3.6684708465596   0.6568095668821   0.0000000000000
   1261   -3.6684708465596   0.6568095668821  -0.6568095668821
   1262   -3.6684708465596   0.6568095668821  -1.3265570844949
   1263   -3.6684708465596   0.6568095668821  -2.0259480158258
   1264   -3.6684708465596   0.6568095668821  -2.7832900997817
   1265   -3.6684708465596   0.6568095668821  -3.6684708465596
   1266   -3.6684708465596   0.0000000000000   3.6684708465596
   1267   -3.6684708465596   0.0000000000000   2.7832900997817
   1268   -3.6684708465596   0.0000000000000   2.0259480158258
   1269   -3.6684708465596   0.0000000000000   1.3265570844949
   1270   -3.6684708465596   0.0000000000000   0.6568095668821
   1271   -3.6684708465596   0.0000000000000   0.0000000000000
   1272   -3.6684708465596   0.0000000000000  -0.6568095668821
   1273   -3.6684708465596   0.0000000000000  -1.3265570844949
   1274   -3.6684708465596   0.0000000000000  -2.0259480158258
   1275   -3.6684708465596   0.0000000000000  -2.7832900997817
   1276   -3.6684708465596   0.0000000000000  -3.6684708465596
   1277   -3.6684708465596  -0.6568095668821   3.6684708465596
   1278   -3.6684708465596  -0.6568095668821   2.7832900997817
   1279   -3.6684708465596  -0.6568095668821   2.0259480158258
   1280   -3.6684708465596  -0.6568095668821   1.3265570844949
   1281   -3.6684708465596  -0.6568095668821   0.6568095668821
   1282   -3.6684708465596  -0.6568095668821   0.0000000000000
   1283   -3.6684708465596  -0.6568095668821  -0.6568095668821
   1284   -3.6684708465596  -0.6568095668821  -1.3265570844949
   1285   -3.6684708465596  -0.6568095668821  -2.0259480158258
   1286   -3.6684708465596  -0.6568095668821  -2.7832900997817
   1287   -3.6684708465596  -0.6568095668821  -3.6684708465596
   1288   -3.6684708465596  -1.3265570844949   3.6684708465596
   1289   -3.6684708465596  -1.3265570844949   2.7832900997817
   1290   -3.6684708465596  -1.3265570844949   2.0259480158258
   1291   -3.6684708465596  -1.3265570844949   1.3265570844949
   1292   -3.6684708465596  -1.3265570844949   0.6568095668821
   1293   -3.6684708465596  -1.3265570844949   0.0000000000000
   1294   -3.6684708465596  -1.3265570844949  -0.6568095668821
   1295   -3.6684708465596  -1.3265570844949  -1.3265570844949
   1296   -3.6684708465596  -1.3265570844949  -2.0259480158258
   1297   -3.6684708465596  -1.3265570844949  -2.7832900997817
   1298   -3.6684708465596  -1.3265570844949  -3.6684708465596
   1299   -3.6684708465596  -2.0259480158258   3.6684708465596
   1300   -3.6684708465596  -2.0259480158258   2.7832900997817
   1301   -3.6684708465596  -2.0259480158258   2.0259480158258
   1302   -3.6684708465596  -2.0259480158258   1.3265570844949
   1303   -3.6684708465596  -2.0259480158258   0.6568095668821
   1304   -3.6684708465596  -2.0259480158258   0.0000000000000
   1305   -3.6684708465596  -2.0259480158258  -0.6568095668821
   1306   -3.6684708465596  -2.0259480158258  -1.3265570844949
   1307   -3.6684708465596  -2.0259480158258  -2.0259480158258
   1308   -3.6684708465596  -2.0259480158258  -2.7832900997817
   1309   -3.6684708465596  -2.0259480158258  -3.6684708465596
   1310   -3.6684708465596  -2.7832900997817   3.6684708465596
   1311   -3.6684708465596  -2.7832900997817   2.7832900997817
   1312   -3.6684708465596  -2.7832900997817   2.0259480158258
   1313   -3.6684708465596  -2.7832900997817   1.3265570844949
   1314   -3.6684708465596  -2.7832900997817   0.6568095668821
   1315   -3.6684708465596  -2.7832900997817   0.0000000000000
   1316   -3.6684708465596  -2.7832900997817  -0.6568095668821
   1317   -3.6684708465596  -2.7832900997817  -1.3265570844949
   1318   -3.6684708465596  -2.7832900997817  -2.0259480158258
   1319   -3.6684708465596  -2.7832900997817  -2.7832900997817
   1320   -3.6684708465596  -2.7832900997817  -3.6684708465596
   1321   -3.6684708465596  -3.6684708465596   3.6684708465596
   1322   -3.6684708465596  -3.6684708465596   2.7832900997817
   1323   -3.6684708465596  -3.6684708465596   2.0259480158258
   1324   -3.6684708465596  -3.6684708465596   1.3265570844949
   1325   -3.6684708465596  -3.6684708465596   0.6568095668821
   1326   -3.6684708465596  -3.6684708465596   0.0000000000000
   1327   -3.6684708465596  -3.6684708465596  -0.6568095668821
   1328   -3.6684708465596  -3.6684708465596  -1.3265570844949
   1329   -3.6684708465596  -3.6684708465596  -2.0259480158258
   1330   -3.6684708465596  -3.6684708465596  -2.7832900997817
   1331   -3.6684708465596  -3.6684708465596  -3.6684708465596
