  1  8  7       -0.0000000000
  1  7  8        0.0000000000
  2  8  7       -0.0000000000
  2  7  8        0.0000000000
  3  8  7       -0.2034515712
  3  7  8        0.2034515712
  1  9  7        0.0000000000
  1  7  9       -0.0000000000
  2  9  7        0.0000000000
  2  7  9       -0.0000000000
  3  9  7       -0.1825891972
  3  7  9        0.1825891972
  1  9  8       -0.0000000000
  1  8  9        0.0000000000
  2  9  8        0.0000000000
  2  8  9       -0.0000000000
  3  9  8        0.9619088539
  3  8  9       -0.9619088539
