  0.10000000149011612       -2.1092886765031153E-005
  0.10390000148862288       -2.4470928944323707E-005
  0.10780000148712965       -2.8352528149517202E-005
  0.11170000148563641       -3.2806246510697980E-005
  0.11560000148414318       -3.7908900149237182E-005
  0.11950000148264994       -4.3746380393706298E-005
  0.12340000148115671       -5.0414529936482509E-005
  0.12730000147966347       -5.8020073331865831E-005
  0.13120000147817024       -6.6681600353113543E-005
  0.13510000147667700       -7.6530599696421266E-005
  0.13900000147518377       -8.7712539334267449E-005
  0.14290000147369053       -1.0038798846942941E-004
  0.14680000147219729       -1.1473377451653488E-004
  0.15070000147070406       -1.3094416683417283E-004
  0.15460000146921082       -1.4923207704351036E-004
  0.15850000146771759       -1.6983026369824531E-004
  0.16240000146622435       -1.9299252681769934E-004
  0.16630000146473112       -2.1899487536650657E-004
  0.17020000146323788       -2.4813664817130025E-004
  0.17410000146174465       -2.8074156602310446E-004
  0.17800000146025141       -3.1715868984555037E-004
  0.18190000145875818       -3.5776325684138641E-004
  0.18580000145726494       -4.0295736349797457E-004
  0.18970000145577171       -4.5317046127879817E-004
  0.19360000145427847       -5.0885962780189658E-004
  0.19750000145278523       -5.7050957336559575E-004
  0.20140000145129200       -6.3863233989271280E-004
  0.20530000144979876       -7.1376664679974507E-004
  0.20920000144830553       -7.9647683603981318E-004
  0.21310000144681229       -8.8735136670461479E-004
  0.21700000144531906       -9.8700080819722814E-004
  0.22090000144382582       -1.0960552802044587E-003
  0.22480000144233259       -1.2151612876074166E-003
  0.22870000144083935       -1.3449778991801030E-003
  0.23260000143934612       -1.4861722205421111E-003
  0.23650000143785288       -1.6394141144574611E-003
  0.24040000143635964       -1.8053701253050156E-003
  0.24430000143486641       -1.9846965694744353E-003
  0.24820000143337317       -2.1780317596442494E-003
  0.25210000143187994       -2.3859873384322930E-003
  0.25600000143038670       -2.6091387058163476E-003
  0.25990000142889347       -2.8480145350163718E-003
  0.26380000142740023       -3.1030853831977134E-003
  0.26770000142590700       -3.3747514163449334E-003
  0.27160000142441376       -3.6633292818894145E-003
  0.27550000142292053       -3.9690381780131201E-003
  0.27940000142142729       -4.2919851848369521E-003
  0.28330000141993406       -4.6321499397006605E-003
  0.28720000141844082       -4.9893687561944266E-003
  0.29110000141694758       -5.3633183041844499E-003
  0.29500000141545435       -5.7534989854185698E-003
  0.29890000141396111       -6.1592181559885426E-003
  0.30280000141246788       -6.5795733625006510E-003
  0.30670000141097464       -7.0134357727714928E-003
  0.31060000140948141       -7.4594339936948978E-003
  0.31450000140798817       -7.9159384780663599E-003
  0.31840000140649494       -8.3810467280609983E-003
  0.32230000140500170       -8.8525695051830805E-003
  0.32620000140350847       -9.3280182543209692E-003
  0.33010000140201523       -9.8045939425813675E-003
  0.33400000140052200       -1.0279177501409885E-002
  0.33790000139902876       -1.0748322042818094E-002
  0.34180000139753552       -1.1208246997110970E-002
  0.34570000139604229       -1.1654834290246142E-002
  0.34960000139454905       -1.2083626643953021E-002
  0.35350000139305582       -1.2489828041232897E-002
  0.35740000139156258       -1.2868306354314088E-002
  0.36130000139006935       -1.3213598082236535E-002
  0.36520000138857611       -1.3519915091882233E-002
  0.36910000138708288       -1.3781153200628346E-002
  0.37300000138558964       -1.3990902382280549E-002
  0.37690000138409641       -1.4142458322192429E-002
  0.38080000138260317       -1.4228834994391631E-002
  0.38470000138110994       -1.4242777885205726E-002
  0.38860000137961670       -1.4176777446601833E-002
  0.39250000137812346       -1.4023082330633659E-002
  0.39640000137663023       -1.3773711936557551E-002
  0.40030000137513699       -1.3420467796842691E-002
  0.40420000137364376       -1.2954943339960586E-002
  0.40810000137215052       -1.2368531598823512E-002
  0.41200000137065729       -1.1652430486154478E-002
  0.41590000136916405       -1.0797645333686686E-002
  0.41980000136767082       -9.7949884922180243E-003
  0.42370000136617758       -8.6350759149514365E-003
  0.42760000136468435       -7.3083207973161490E-003
  0.43150000136319111       -5.8049245219000166E-003
  0.43540000136169787       -4.1148653556407353E-003
  0.43930000136020464       -2.2278855654936634E-003
  0.44320000135871140       -1.3347785481200968E-004
  0.44710000135721817        2.1791277290299596E-003
  0.45100000135572493        4.7209750104678953E-003
  0.45490000135423170        7.5033893653737435E-003
  0.45880000135273846        1.0537979958840996E-002
  0.46270000135124523        1.3836634406818793E-002
  0.46660000134975199        1.7411503525684064E-002
  0.47050000134825876        2.1274973669749269E-002
  0.47440000134676552        2.5439624040992030E-002
  0.47830000134527229        2.9918166299005872E-002
  0.48220000134377905        3.4723363813206086E-002
  0.48610000134228581        3.9867927994068991E-002
  0.49000000134079258        4.5364389325133696E-002
  0.49390000133929934        5.1224941000823906E-002
  0.49780000133780611        5.7461253463276678E-002
  0.50170000133631276        6.4084258628498009E-002
  0.50560000133481942        7.1103903199879415E-002
  0.50950000133332607        7.8528871183918131E-002
  0.51340000133183272        8.6366276543951931E-002
  0.51730000133033938        9.4621327844185241E-002
  0.52120000132884603       0.10329696773556399     
  0.52510000132735268       0.11239349120030528     
  0.52900000132585934       0.12190814758215660     
  0.53290000132436599       0.13183473255952377     
  0.53680000132287264       0.14216317733962894     
  0.54070000132137930       0.15287914343121350     
  0.54460000131988595       0.16396363235571645     
  0.54850000131839260       0.17539262054456498     
  0.55240000131689926       0.18713673040426396     
  0.55630000131540591       0.19916094907194179     
  0.56020000131391257       0.21142440669335247     
  0.56410000131241922       0.22388022609650204     
  0.56800000131092587       0.23647545547415533     
  0.57190000130943253       0.24915109509903791     
  0.57580000130793918       0.26184222815508962     
  0.57970000130644583       0.27447826446212531     
  0.58360000130495249       0.28698330419492635     
  0.58750000130345914       0.29927662665610205     
  0.59140000130196579       0.31127330677152237     
  0.59530000130047245       0.32288495926625632     
  0.59920000129897910       0.33402060748855356     
  0.60310000129748575       0.34458767063326351     
  0.60700000129599241       0.35449305974007761     
  0.61090000129449906       0.36364436938362082     
  0.61480000129300572       0.37195114852009736     
  0.61870000129151237       0.37932623060575854     
  0.62260000129001902       0.38568709995989431     
  0.62650000128852568       0.39095726851770973     
  0.63040000128703233       0.39506763471584583     
  0.63430000128553898       0.39795779438353018     
  0.63820000128404564       0.39957727227768269     
  0.64210000128255229       0.39988664239438532     
  0.64600000128105894       0.39885850549231888     
  0.64990000127956560       0.39647829344007823     
  0.65380000127807225       0.39274487209214259     
  0.65770000127657890       0.38767091742799337     
  0.66160000127508556       0.38128304364878568     
  0.66550000127359221       0.37362166678141479     
  0.66940000127209887       0.36474059302528317     
  0.67330000127060552       0.35470632749677200     
  0.67720000126911217       0.34359710605348115     
  0.68110000126761883       0.33150166035876766     
  0.68500000126612548       0.31851773409402717     
  0.68890000126463213       0.30475037603502536     
  0.69280000126313879       0.29031004335376098     
  0.69670000126164544       0.27531055575029006     
  0.70060000126015209       0.25986694761347279     
  0.70450000125865875       0.24409327111056892     
  0.70840000125716540       0.22810040767554468     
  0.71230000125567206       0.21199394858418782     
  0.71620000125417871       0.19587220697462590     
  0.72010000125268536       0.17982442363167137     
  0.72400000125119202       0.16392922698062473     
  0.72790000124969867       0.14825340395645245     
  0.73180000124820532       0.13285103270746895     
  0.73570000124671198       0.11776302049707517     
  0.73960000124521863       0.10301708078265859     
  0.74350000124372528        8.8628172440255504E-002
  0.74740000124223194        7.4599411691924036E-002
  0.75130000124073859        6.0923453764013286E-002
  0.75520000123924524        4.7584326996840801E-002
  0.75910000123775190        3.4559687424628942E-002
  0.76300000123625855        2.1823447171446769E-002
  0.76690000123476521        9.3487158130144202E-003
  0.77080000123327186       -2.8890194022307696E-003
  0.77470000123177851       -1.4908560435007693E-002
  0.77860000123028517       -2.6719608411239621E-002
  0.78250000122879182       -3.8319420371430699E-002
  0.78640000122729847       -4.9689621651245505E-002
  0.79030000122580513       -6.0793284913811266E-002
  0.79420000122431178       -7.1572385868597793E-002
  0.79810000122281843       -8.1945741411893244E-002
  0.80200000122132509       -9.1807528259936017E-002
  0.80590000121983174      -0.10102646917034171     
  0.80980000121833839      -0.10944575971952568     
  0.81370000121684505      -0.11688379158880968     
  0.81760000121535170      -0.12313570877841847     
  0.82150000121385836      -0.12797581158128440     
  0.82540000121236501      -0.13116080005759961     
  0.82930000121087166      -0.13243382477787996     
  0.83320000120937832      -0.13152928842266193     
  0.83710000120788497      -0.12817831815104000     
  0.84100000120639162      -0.12211480620101525     
  0.84490000120489828      -0.11308189567466637     
  0.84880000120340493      -0.10083877056895896     
  0.85270000120191158       -8.5167594459770318E-002
  0.85660000120041824       -6.5880431373799869E-002
  0.86050000119892489       -4.2825975731887241E-002
  0.86440000119743154       -1.5895916141735043E-002
  0.86830000119593820        1.4969239549706310E-002
  0.87220000119444485        4.9775043113130434E-002
  0.87610000119295151        8.8468841758924166E-002
  0.88000000119145816       0.13093650741824880     
  0.88390000118996481       0.17700027535200152     
  0.88780000118847147       0.22641778378687552     
  0.89170000118697812       0.27888237919995695     
  0.89560000118548477       0.33402472262254113     
  0.89950000118399143       0.39141570172126416     
  0.90340000118249808       0.45057062230123895     
  0.90730000118100473       0.51095462214442744     
  0.91120000117951139       0.57198922062230440     
  0.91510000117801804       0.63305989014352138     
  0.91900000117652469       0.69352451098826484     
  0.92290000117503135       0.75272255012362621     
  0.92680000117353800       0.80998478775696892     
  0.93070000117204466       0.86464340310212806     
  0.93460000117055131       0.91604222339463681     
  0.93850000116905796       0.96354693772946387     
  0.94240000116756462        1.0065550797819045     
  0.94630000116607127        1.0445055907272984     
  0.95020000116457792        1.0768877853696659     
  0.95410000116308458        1.1032495601613552     
  0.95800000116159123        1.1232047008705528     
  0.96190000116009788        1.1364391694650413     
  0.96580000115860454        1.1427162735991243     
  0.96970000115711119        1.1418806471499354     
  0.97360000115561784        1.1338609957768013     
  0.97750000115412450        1.1186715867216483     
  0.98140000115263115        1.0964124863283429     
  0.98530000115113781        1.0672685714059447     
  0.98920000114964446        1.0315073610622267     
  0.99310000114815111       0.98947573356712304     
  0.99700000114665777       0.94159560787143726     
   1.0009000011451645       0.88835868143235619     
   1.0048000011436713       0.83032032494087882     
   1.0087000011421778       0.76809274048614806     
   1.0126000011406846       0.70233749281934299     
   1.0165000011391914       0.63375752398297169     
   1.0204000011376979       0.56308876001566099     
   1.0243000011362047       0.49109141514910376     
   1.0282000011347114       0.41854109433575354     
   1.0321000011332182       0.34621978954448385     
   1.0360000011317250       0.27490685948191818     
   1.0399000011302315       0.20537007664707407     
   1.0438000011287383       0.13835682025730861     
   1.0477000011272450        7.4585488872333072E-002
   1.0516000011257516        1.4737202684632642E-002
   1.0555000011242583       -4.0552137457243259E-002
   1.0594000011227651       -9.0699369160369650E-002
   1.0633000011212719      -0.13518110164701114     
   1.0672000011197786      -0.17354019919110866     
   1.0711000011182852      -0.20539165087896244     
   1.0750000011167919      -0.23042776234830870     
   1.0789000011152987      -0.24842260488057979     
   1.0828000011138053      -0.25923565740018067     
   1.0867000011123120      -0.26281457791719209     
   1.0906000011108188      -0.25919704306282809     
   1.0945000011093255      -0.24851159790140892     
   1.0984000011078323      -0.23097746339902786     
   1.1023000011063389      -0.20690325596525080     
   1.1062000011048456      -0.17668458246621424     
   1.1101000011033524      -0.14080048506503870     
   1.1140000011018589       -9.9808723130186586E-002
   1.1179000011003657       -5.4339894140192128E-002
   1.1218000010988725       -5.0904118094717175E-003
   1.1257000010973792        4.7185622692165370E-002
   1.1296000010958860       0.10168560186370194     
   1.1335000010943925       0.15756857139678845     
   1.1374000010928993       0.21396627446265018     
   1.1413000010914061       0.26999496751981195     
   1.1452000010899126       0.32476787528754336     
   1.1491000010884194       0.37740813431370096     
   1.1530000010869261       0.42706205764058552     
   1.1569000010854329       0.47291253781850873     
   1.1608000010839397       0.51419239229541502     
   1.1647000010824462       0.55019744436326967     
   1.1686000010809530       0.58029912468835643     
   1.1725000010794597       0.60395637329248786     
   1.1764000010779663       0.62072661996439216     
   1.1803000010764730       0.63027562272316939     
   1.1842000010749798       0.63238594936432202     
   1.1881000010734866       0.62696389650295947     
   1.1920000010719933       0.61404465406650388     
   1.1959000010704999       0.59379554101831744     
   1.1998000010690066       0.56651716030133581     
   1.2037000010675134       0.53264234759937956     
   1.2076000010660199       0.49273281946639963     
   1.2115000010645267       0.44747346151720224     
   1.2154000010630335       0.39766423644123022     
   1.2193000010615402       0.34420973419956563     
   1.2232000010600470       0.28810643235903233     
   1.2271000010585535       0.23042778241988524     
   1.2310000010570603       0.17230728736445755     
   1.2349000010555671       0.11491978550007130     
   1.2388000010540736        5.9461204855160557E-002
   1.2427000010525804        7.1270996528027038E-003
   1.2466000010510871       -4.0909675626972432E-002
   1.2505000010495939       -8.3521759796403069E-002
   1.2544000010481005      -0.11965011817249357     
   1.2583000010466072      -0.14832646190729473     
   1.2622000010451138      -0.16869478317250225     
   1.2661000010436205      -0.18003152928261751     
   1.2700000010421273      -0.18176394324128545     
   1.2739000010406338      -0.17348611437960648     
   1.2778000010391406      -0.15497231114722895     
   1.2817000010376474      -0.12618720879017192     
   1.2856000010361539       -8.7292677292797563E-002
   1.2895000010346607       -3.8650858859762147E-002
   1.2934000010331674        1.9176661758507303E-002
   1.2973000010316740        8.5433708162015093E-002
   1.3012000010301807       0.15917840914768280     
   1.3051000010286873       0.23929607241990877     
   1.3090000010271940       0.32451587028112111     
   1.3129000010257008       0.41343107732679374     
   1.3168000010242074       0.50452250858075731     
   1.3207000010227141       0.59618472122936872     
   1.3246000010212207       0.68675446686654029     
   1.3285000010197274       0.77454081647418715     
   1.3324000010182342       0.85785632947295387     
   1.3363000010167407       0.93504860294307612     
   1.3402000010152475        1.0045315189311343     
   1.3441000010137543        1.0648155074956032     
   1.3480000010122608        1.1145361611020186     
   1.3519000010107676        1.1524805718614066     
   1.3558000010092743        1.1776108160208003     
   1.3597000010077809        1.1890840785947363     
   1.3636000010062876        1.1862689930754706     
   1.3675000010047942        1.1687578643179246     
   1.3714000010033010        1.1363745441283766     
   1.3753000010018077        1.0891778356843558     
   1.3792000010003143        1.0274604114075703     
   1.3831000009988210       0.95174333599295680     
   1.3870000009973276       0.86276638873880751     
   1.3909000009958343       0.76147447410149938     
   1.3948000009943411       0.64900049380242064     
   1.3987000009928476       0.52664512554361731     
   1.4026000009913544       0.39585401063190367     
   1.4065000009898612       0.25819289430791870     
   1.4104000009883677       0.11532128765109682     
   1.4143000009868745       -3.1034771495187189E-002
   1.4182000009853812      -0.17911028855831670     
   1.4221000009838878      -0.32712866558395842     
   1.4260000009823945      -0.47332832603678715     
   1.4299000009809011      -0.61598814645538125     
   1.4338000009794079      -0.75345128684179652     
   1.4377000009779146      -0.88414707490131783     
   1.4416000009764212       -1.0066106666759171     
   1.4455000009749279       -1.1195002751843508     
   1.4494000009734347       -1.2216118269579532     
   1.4533000009719412       -1.3118909716218352     
   1.4572000009704480       -1.3894424299902299     
   1.4611000009689548       -1.4535367199566382     
   1.4650000009674613       -1.5036143456061213     
   1.4689000009659681       -1.5392875727323028     
   1.4728000009644748       -1.5603399430141889     
   1.4767000009629814       -1.5667236996241198     
   1.4806000009614881       -1.5585553095044891     
   1.4845000009599949       -1.5361092728003294     
   1.4884000009585014       -1.4998104090595143     
   1.4923000009570082       -1.4502248040865175     
   1.4962000009555148       -1.3880495921343705     
   1.5001000009540215       -1.3141017368347927     
   1.5040000009525283       -1.2293059622292966     
   1.5079000009510348       -1.1346819736718834     
   1.5118000009495416       -1.0313310982301274     
   1.5157000009480484      -0.92042246627926028     
   1.5196000009465549      -0.80317885075461837     
   1.5235000009450617      -0.68086227820769241     
   1.5274000009435684      -0.55475952632371228     
   1.5313000009420750      -0.42616762556486271     
   1.5352000009405817      -0.29637948753447024     
   1.5391000009390885      -0.16666978876266170     
   1.5430000009375950       -3.8281245014375166E-002
   1.5469000009361018        8.7588583028169603E-002
   1.5508000009346086       0.20979980770141415     
   1.5547000009331151       0.32728190923559158     
   1.5586000009316219       0.43904446247022388     
   1.5625000009301286       0.54418675574649744     
   1.5664000009286352       0.64190617199976074     
   1.5703000009271419       0.73150521617732267     
   1.5742000009256485       0.81239709154206097     
   1.5781000009241553       0.88410974986469060     
   1.5820000009226620       0.94628836640065495     
   1.5859000009211686       0.99869621913290285     
   1.5898000009196753        1.0412139821162680     
   1.5937000009181821        1.0738374738423575     
   1.5976000009166886        1.0966739322502630     
   1.6015000009151954        1.1099369172229776     
   1.6054000009137019        1.1139399680628712     
   1.6093000009122087        1.1090891665605653     
   1.6132000009107155        1.0958747750332147     
   1.6171000009092220        1.0748621324663445     
   1.6210000009077288        1.0466820002153649     
   1.6249000009062355        1.0120205514044864     
   1.6288000009047421       0.97160919523250944     
   1.6327000009032488       0.92621441911556157     
   1.6366000009017556       0.87662781843681037     
   1.6405000009002622       0.82365646628750788     
   1.6444000008987689       0.76811375477744326     
   1.6483000008972755       0.71081081618002584     
   1.6522000008957822       0.65254860733597297     
   1.6561000008942890       0.59411071536646154     
   1.6600000008927955       0.53625691781129670     
   1.6639000008913023       0.47971750671107644     
   1.6678000008898088       0.42518836469026983     
   1.6717000008883156       0.37332676243098140     
   1.6756000008868224       0.32474783155835035     
   1.6795000008853289       0.28002165522081296     
   1.6834000008838357       0.23967091069983340     
   1.6873000008823424       0.20416899421102902     
   1.6912000008808490       0.17393855749002302     
   1.6951000008793558       0.14935038847940016     
   1.6990000008778625       0.13072257401947468     
   1.7029000008763691       0.11831989037832845     
   1.7068000008748758       0.11235337716083048     
   1.7107000008733824       0.11298006100938604     
   1.7146000008718891       0.12030280694995951     
   1.7185000008703959       0.13437028667287210     
   1.7224000008689024       0.15517706394782987     
   1.7263000008674092       0.18266380730530468     
   1.7302000008659157       0.21671764870343316     
   1.7341000008644225       0.25717271386341584     
   1.7380000008629293       0.30381085511261546     
   1.7419000008614358       0.35636262082911696     
   1.7458000008599426       0.41450849692457747     
   1.7497000008584493       0.47788045529690437     
   1.7536000008569559       0.54606384195521651     
   1.7575000008554627       0.61859963373745053     
   1.7614000008539694       0.69498708740942838     
   1.7653000008524762       0.77468679867476287     
   1.7692000008509827       0.85712418146555380     
   1.7731000008494895       0.94169337004760978     
   1.7770000008479963        1.0277615381720289     
   1.7809000008465028        1.1146736209310055     
   1.7848000008450096        1.2017574163036360     
   1.7887000008435163        1.2883290347613010     
   1.7926000008420231        1.3736986568791474     
   1.7965000008405299        1.4571765507934911     
   1.8004000008390364        1.5380792936698175     
   1.8043000008375432        1.6157361342140957     
   1.8082000008360499        1.6894954267848779     
   1.8121000008345565        1.7587310619636427     
   1.8160000008330632        1.8228488136429173     
   1.8199000008315700        1.8812925189309402     
   1.8238000008300768        1.9335500045896103     
   1.8277000008285835        1.9791586724642225     
   1.8316000008270901        2.0177106565714515     
   1.8355000008255968        2.0488574663178216     
   1.8394000008241036        2.0723140338382695     
   1.8433000008226101        2.0878620887583645     
   1.8472000008211169        2.0953527908415444     
   1.8511000008196237        2.0947085599854685     
   1.8550000008181304        2.0859240538263637     
   1.8589000008166372        2.0690662556838757     
   1.8628000008151437        2.0442736495564104     
   1.8667000008136505        2.0117544741191429     
   1.8706000008121573        1.9717840638849451     
   1.8745000008106638        1.9247013025083097     
   1.8784000008091706        1.8709042302452812     
   1.8823000008076773        1.8108448643941566     
   1.8862000008061841        1.7450233076800741     
   1.8901000008046909        1.6739812345530380     
   1.8940000008031974        1.5982948587990591     
   1.8979000008017042        1.5185674973017005     
   1.9018000008002109        1.4354218538669357     
   1.9057000007987175        1.3494921534291102     
   1.9096000007972243        1.2614162604551451     
   1.9135000007957310        1.1718279158084164     
   1.9174000007942378        1.0813492236645033     
   1.9213000007927445       0.99058351432604530     
   1.9252000007912511       0.90010870009618482     
   1.9291000007897579       0.81047122996448095     
   1.9330000007882646       0.72218073504485469     
   1.9369000007867712       0.63570544086528502     
   1.9408000007852779       0.55146840518667550     
   1.9447000007837847       0.46984462151168327     
   1.9486000007822915       0.39115900934857945     
   1.9525000007807982       0.31568529314522037     
   1.9564000007793048       0.24364575312026562     
   1.9603000007778115       0.17521181348323067     
   1.9642000007763183       0.11050541720047996     
   1.9681000007748248        4.9601121923908031E-002
   1.9720000007733316       -7.4711607211246167E-003
   1.9759000007718384       -6.0722870341491514E-002
   1.9798000007703451      -0.11020304283744439     
   1.9837000007688519      -0.15599419556261870     
   1.9876000007673584      -0.19820795507593367     
   1.9915000007658652      -0.23698052966911443     
   1.9954000007643720      -0.27246812613023474     
   1.9993000007628785      -0.30484240527356971     
   2.0032000007613853      -0.33428606388848975     
   2.0071000007598920      -0.36098862223477790     
   2.0110000007583988      -0.38514248636598247     
   2.0149000007569051      -0.40693934373859253     
   2.0188000007554119      -0.42656693910869281     
   2.0227000007539186      -0.44420626596616142     
   2.0266000007524250      -0.46002919702842732     
   2.0305000007509317      -0.47419656590270387     
   2.0344000007494385      -0.48685670118581292     
   2.0383000007479453      -0.49814440422333761     
   2.0422000007464520      -0.50818035267290562     
   2.0461000007449583      -0.51707090404511402     
   2.0500000007434651      -0.52490826662275192     
   2.0539000007419719      -0.53177099963786867     
   2.0578000007404782      -0.53772480033251302     
   2.0617000007389850      -0.54282353252641435     
   2.0656000007374917      -0.54711044951874344     
   2.0695000007359985      -0.55061956349423047     
   2.0734000007345053      -0.55337711400145673     
   2.0773000007330116      -0.55540308942543515     
   2.0812000007315183      -0.55671275758191152     
   2.0851000007300251      -0.55731816450717531     
   2.0890000007285314      -0.55722956409340352     
   2.0929000007270382      -0.55645674531619826     
   2.0968000007255450      -0.55501022831152569     
   2.1007000007240517      -0.55290230538199214     
   2.1046000007225585      -0.55014790804967206     
   2.1085000007210648      -0.54676528643263478     
   2.1124000007195716      -0.54277649241677772     
   2.1163000007180783      -0.53820766323977765     
   2.1202000007165847      -0.53308910711968671     
   2.1241000007150914      -0.52745519736949131     
   2.1280000007135982      -0.52134408596616288     
   2.1319000007121049      -0.51479725171680257     
   2.1358000007106117      -0.50785890191661986     
   2.1397000007091180      -0.50057524965924727     
   2.1436000007076248      -0.49299369167966844     
   2.1475000007061316      -0.48516191373093465     
   2.1514000007046379      -0.47712695197296318     
   2.1553000007031446      -0.46893423965037534     
   2.1592000007016514      -0.46062666843352623     
   2.1631000007001582      -0.45224369318313673     
   2.1670000006986649      -0.44382050758011099     
   2.1709000006971713      -0.43538731605978198     
   2.1748000006956780      -0.42696872484298259     
   2.1787000006941848      -0.41858327162060444     
   2.1826000006926911      -0.41024310969618927     
   2.1865000006911979      -0.40195385821033780     
   2.1904000006897046      -0.39371462556326686     
   2.1943000006882114      -0.38551820843056422     
   2.1982000006867182      -0.37735146395410551     
   2.2021000006852245      -0.36919584791217580     
   2.2060000006837313      -0.36102810705882482     
   2.2099000006822380      -0.35282110949891254     
   2.2138000006807443      -0.34454479305271168     
   2.2177000006792511      -0.33616720817251794     
   2.2216000006777579      -0.32765562920083630     
   2.2255000006762646      -0.31897770568516048     
   2.2294000006747714      -0.31010262414921880     
   2.2333000006732777      -0.30100225020387888     
   2.2372000006717845      -0.29165222117904421     
   2.2411000006702912      -0.28203296056356703     
   2.2450000006687976      -0.27213058742265839     
   2.2489000006673043      -0.26193769656832377     
   2.2528000006658111      -0.25145398851378870     
   2.2567000006643179      -0.24068673205505570     
   2.2606000006628246      -0.22965104658333796     
   2.2645000006613309      -0.21836999582063610     
   2.2684000006598377      -0.20687448945821210     
   2.2723000006583445      -0.19520299403085084     
   2.2762000006568508      -0.18340105914484142     
   2.2801000006553576      -0.17152066976462674     
   2.2840000006538643      -0.15961943952965443     
   2.2879000006523711      -0.14775966390780149     
   2.2918000006508779      -0.13600725529777130     
   2.2957000006493842      -0.12443058488984050     
   2.2996000006478909      -0.11309925812075901     
   2.3035000006463977      -0.10208285187331292     
   2.3074000006449040       -9.1449642153568711E-002
   2.3113000006434108       -8.1265350829741317E-002
   2.3152000006419176       -7.1591939156769396E-002
   2.3191000006404243       -6.2486474279943402E-002
   2.3230000006389311       -5.4000092766583879E-002
   2.3269000006374374       -4.6177082529105115E-002
   2.3308000006359442       -3.9054101360701005E-002
   2.3347000006344509       -3.2659546800751921E-002
   2.3386000006329573       -2.7013088281947480E-002
   2.3425000006314640       -2.2125368589472109E-002
   2.3464000006299708       -1.7997877689241375E-002
   2.3503000006284775       -1.4622998059293879E-002
   2.3542000006269843       -1.1984216882854880E-002
   2.3581000006254906       -1.0056496922260632E-002
   2.3620000006239974       -8.8067946688685991E-003
   2.3659000006225042       -8.1947115225807082E-003
   2.3698000006210105       -8.1732613499702310E-003
   2.3737000006195172       -8.6897358426776591E-003
   2.3776000006180240       -9.6866476739008930E-003
   2.3815000006165308       -1.1102730542364438E-002
   2.3854000006150375       -1.2873974798222578E-002
   2.3893000006135439       -1.4934677448977255E-002
   2.3932000006120506       -1.7218485918844065E-002
   2.3971000006105574       -1.9659415944686922E-002
   2.4010000006090637       -2.2192825389382626E-002
   2.4049000006075705       -2.4756327485793442E-002
   2.4088000006060772       -2.7290629032626312E-002
   2.4127000006045840       -2.9740281285098709E-002
   2.4166000006030908       -3.2054333654665992E-002
   2.4205000006015971       -3.4186882789390506E-002
   2.4244000006001039       -3.6097512088006857E-002
   2.4283000005986106       -3.7751619147762545E-002
   2.4322000005971169       -3.9120631004725952E-002
   2.4361000005956237       -4.0182109247128957E-002
   2.4400000005941305       -4.0919749125665414E-002
   2.4439000005926372       -4.1323278614805788E-002
   2.4478000005911440       -4.1388264968956964E-002
   2.4517000005896503       -4.1115837647127999E-002
   2.4556000005881571       -4.0512337537740292E-002
   2.4595000005866638       -3.9588903196620367E-002
   2.4634000005851702       -3.8361005318323593E-002
   2.4673000005836769       -3.6847940902189208E-002
   2.4712000005821837       -3.5072298564053292E-002
   2.4751000005806905       -3.3059406201194276E-002
   2.4790000005791972       -3.0836771764692586E-002
   2.4829000005777035       -2.8433527255832355E-002
   2.4868000005762103       -2.5879885269516581E-002
   2.4907000005747171       -2.3206616487289323E-002
   2.4946000005732234       -2.0444555505313190E-002
   2.4985000005717302       -1.7624141298118266E-002
   2.5024000005702369       -1.4774997495740565E-002
   2.5063000005687437       -1.1925556517040133E-002
   2.5102000005672505       -9.1027304805037929E-003
   2.5141000005657572       -6.3316307281687358E-003
   2.5180000005642640       -3.6353367681320513E-003
   2.5219000005627707       -1.0347144831175260E-003
   2.5258000005612775        1.4517174196935901E-003
   2.5297000005597843        3.8078745184852159E-003
   2.5336000005582910        6.0201498198605265E-003
   2.5375000005567978        8.0774159735546476E-003
   2.5414000005553046        9.9709900526910953E-003
   2.5453000005538113        1.1694564740498696E-002
   2.5492000005523181        1.3244110006249848E-002
   2.5531000005508249        1.4617749495036221E-002
   2.5570000005493316        1.5815615904706058E-002
   2.5609000005478384        1.6839689587032598E-002
   2.5648000005463452        1.7693624498113222E-002
   2.5687000005448519        1.8382565444989285E-002
   2.5726000005433587        1.8912960341752560E-002
   2.5765000005418655        1.9292370909345019E-002
   2.5804000005403722        1.9529284939076397E-002
   2.5843000005388790        1.9632932900476550E-002
   2.5882000005373857        1.9613111318823401E-002
   2.5921000005358925        1.9480014985200970E-002
   2.5960000005343993        1.9244079700147704E-002
   2.5999000005329060        1.8915836897821860E-002
   2.6038000005314128        1.8505781157201619E-002
   2.6077000005299196        1.8024251285252358E-002
   2.6116000005284263        1.7481325358332807E-002
   2.6155000005269331        1.6886729835571591E-002
   2.6194000005254399        1.6249762613792237E-002
   2.6233000005239466        1.5579229679226730E-002
   2.6272000005224534        1.4883394827382863E-002
   2.6311000005209602        1.4169941768982022E-002
   2.6350000005194669        1.3445947816180874E-002
   2.6389000005179737        1.2717868248171220E-002
   2.6428000005164805        1.1991530387084585E-002
   2.6467000005149872        1.1272136371949338E-002
   2.6506000005134940        1.0564273598045895E-002
   2.6545000005120007        9.8719317889521627E-003
   2.6584000005105075        9.1985256863897150E-003
   2.6623000005090143        8.5469223760828855E-003
   2.6662000005075210        7.9194723137322523E-003
   2.6701000005060278        7.3180431713956709E-003
   2.6740000005045346        6.7440556887332836E-003
   2.6779000005030413        6.1985207834988716E-003
   2.6818000005015481        5.6820772493280294E-003
   2.6857000005000549        5.1950294444509460E-003
   2.6896000004985616        4.7373844508188743E-003
   2.6935000004970684        4.3088882578584987E-003
   2.6974000004955752        3.9090605974653556E-003
   2.7013000004940819        3.5372281259070226E-003
   2.7052000004925887        3.1925557132505807E-003
   2.7091000004910955        2.8740756611358872E-003
   2.7130000004896022        2.5807147247643831E-003
   2.7169000004881090        2.3113188645873615E-003
   2.7208000004866157        2.0646756972255991E-003
   2.7247000004851225        1.8395346536300410E-003
   2.7286000004836293        1.6346248855020928E-003
   2.7325000004821360        1.4486709887194279E-003
   2.7364000004806428        1.2804066352262934E-003
   2.7403000004791496        1.1285862228609317E-003
   2.7442000004776563        9.9199466627248874E-004
   2.7481000004761631        8.6945546181321982E-004
   2.7520000004746699        7.5983716548628046E-004
   2.7559000004731766        6.6205842609747879E-004
   2.7598000004716834        5.7509171610986456E-004
   2.7637000004701902        4.9796590073127522E-004
   2.7676000004686969        4.2976778185879478E-004
   2.7715000004672037        3.6964274801851420E-004
   2.7754000004657104        3.1679465470881154E-004
   2.7793000004642172        2.7048505188465407E-004
   2.7832000004627240        2.3003186698494053E-004
   2.7871000004612307        1.9480764314929518E-004
   2.7910000004597375        1.6423742330857766E-004
   2.7949000004582443        1.3779636184936949E-004
   2.7988000004567510        1.1500713670187110E-004
   2.8027000004552578        9.5437226111186037E-005
   2.8066000004537646        7.8696106127101824E-005
   2.8105000004522713        6.4432417066739972E-005
   2.8144000004507781        5.2331139926732992E-005
   2.8183000004492849        4.2110816987211188E-005
   2.8222000004477916        3.3520844682519951E-005
   2.8261000004462984        2.6338861223106973E-005
   2.8300000004448052        2.0368246437197372E-005
   2.8339000004433119        1.5435746847547453E-005
   2.8378000004418187        1.1389235087742729E-005
   2.8417000004403254        8.0956093676943754E-006
   2.8456000004388322        5.4388357881868971E-006
   2.8495000004373390        3.3181338451148321E-006
   2.8534000004358457        1.6463034189427107E-006
   2.8573000004343525        3.4818987641164999E-007
   2.8612000004328593       -6.4071741807189662E-007
   2.8651000004313660       -1.3755589116900127E-006
   2.8690000004298728       -1.9032574852704249E-006
   2.8729000004283796       -2.2635569104807805E-006
   2.8768000004268863       -2.4899534952805613E-006
   2.8807000004253931       -2.6105284321630522E-006
   2.8846000004238999       -2.6486883833835798E-006
   2.8885000004224066       -2.6238217404175833E-006
   2.8924000004209134       -2.5518778039457853E-006
   2.8963000004194202       -2.4458758658883484E-006
   2.9002000004179269       -2.3163508541620101E-006
   2.9041000004164337       -2.1717418393929006E-006
   2.9080000004149404       -2.0187293141185843E-006
   2.9119000004134472       -1.8625267503770597E-006
   2.9158000004119540       -1.7071315305139766E-006
   2.9197000004104607       -1.5555399363652770E-006
   2.9236000004089675       -1.4099304800262056E-006
   2.9275000004074743       -1.2718194701993968E-006
   2.9314000004059810       -1.1421923354545504E-006
   2.9353000004044878       -1.0216138724455584E-006
   2.9392000004029946       -9.1032025515471415E-007
   2.9431000004015013       -8.0829533177037685E-007
   2.9470000004000081       -7.1533344943001656E-007
   2.9509000003985149       -6.3109078384795304E-007
   2.9548000003970216       -5.5512691045258229E-007
   2.9587000003955284       -4.8693813541857965E-007
   2.9626000003940351       -4.2598390797969487E-007
   2.9665000003925419       -3.7170745855401696E-007
   2.9704000003910487       -3.2355164928290880E-007
   2.9743000003895554       -2.8097088327818508E-007
   2.9782000003880622       -2.4343979485072597E-007
   2.9821000003865690       -2.1045933391132371E-007
   2.9860000003850757       -1.8156076226559269E-007
   2.9899000003835825       -1.5630799638110308E-007
   2.9938000003820893       -1.3429865915472567E-007
   2.9977000003805960       -1.1516414108416619E-007
   3.0016000003791028       -9.8568917956646254E-008
   3.0055000003776096       -8.4209326694019107E-008
   3.0094000003761163       -7.1811962401803594E-008
   3.0133000003746231       -6.1131827104492554E-008
   3.0172000003731299       -5.1950333334549131E-008
   3.0211000003716366       -4.4073242977650481E-008
   3.0250000003701434       -3.7328602934175857E-008
   3.0289000003686501       -3.1564723677857544E-008
   3.0328000003671569       -2.6648234181491344E-008
   3.0367000003656637       -2.2462236500718410E-008
   3.0406000003641704       -1.8904575178051950E-008
   3.0445000003626772       -1.5886230217927493E-008
   3.0484000003611840       -1.3329837401365131E-008
   3.0523000003596907       -1.1168335907569664E-008
   3.0562000003581975       -9.3437403767886246E-009
   3.0601000003567043       -7.8060325027976185E-009
   3.0640000003552110       -6.5121658310831857E-009
   3.0679000003537178       -5.4251765310314389E-009
   3.0718000003522246       -4.5133923992293843E-009
   3.0757000003507313       -3.7497321466895739E-009
   3.0796000003492381       -3.1110870515036255E-009
   3.0835000003477449       -2.5777772596697667E-009
   3.0874000003462516       -2.1330753416429781E-009
   3.0913000003447584       -1.7627901212212333E-009
   3.0952000003432651       -1.4549042555299587E-009
   3.0991000003417719       -1.1992595357163737E-009
   3.1030000003402787       -9.8728437873783612E-010
   3.1069000003387854       -8.1175847717156276E-010
   3.1108000003372922       -6.6661005589169085E-010
   3.1147000003357990       -5.4674164439797082E-010
   3.1186000003343057       -4.4788070661128031E-010
   3.1225000003328125       -3.6645187305744738E-010
   3.1264000003313193       -2.9946789202201262E-010
   3.1303000003298260       -2.4443675608591160E-010
   3.1342000003283328       -1.9928276891252286E-010
   3.1381000003268396       -1.6227959533308649E-010
   3.1420000003253463       -1.3199358718273287E-010
   3.1459000003238531       -1.0723589976835626E-010
   3.1498000003223598       -8.7022111261291826E-011
   3.1537000003208666       -7.0538231734713481E-011
   3.1576000003193734       -5.7112142047442439E-011
   3.1615000003178801       -4.6189637306214606E-011
   3.1654000003163869       -3.7314367131069778E-011
   3.1693000003148937       -3.0111067211412768E-011
   3.1732000003134004       -2.4271565360627673E-011
   3.1771000003119072       -1.9543122012720093E-011
   3.1810000003104140       -1.5718731280721276E-011
   3.1849000003089207       -1.2629065607487824E-011
   3.1888000003074275       -1.0135795851668736E-011
   3.1927000003059343       -8.1260604100453905E-012
   3.1966000003044410       -6.5078926132883709E-012
   3.2005000003029478       -5.2064459706122398E-012
   3.2044000003014546       -4.1608826078125260E-012
   3.2083000002999613       -3.3218120821315941E-012
   3.2122000002984681       -2.6491862256161621E-012
   3.2161000002969748       -2.1105712535183234E-012
   3.2200000002954816       -1.6797314990925047E-012
   3.2239000002939884       -1.3354701671552013E-012
   3.2278000002924951       -1.0606817519850421E-012
   3.2317000002910019       -8.4157851234129844E-013
   3.2356000002895087       -6.6705987063642296E-013
   3.2395000002880154       -5.2819900395133469E-013
   3.2434000002865222       -4.1782539165137394E-013
   3.2473000002850290       -3.3018582250068023E-013
   3.2512000002835357       -2.6066946614831299E-013
   3.2551000002820425       -2.0558518361716398E-013
   3.2590000002805493       -1.6198137677110852E-013
   3.2629000002790560       -1.2750043167725725E-013
   3.2668000002775628       -1.0026125756247036E-013
   3.2707000002760696       -7.8764613927734080E-014
   3.2746000002745763       -6.1816897085863009E-014
   3.2785000002730831       -4.8468860502416572E-014
   3.2824000002715898       -3.7966401360458491E-014
   3.2863000002700966       -2.9711084145855851E-014
   3.2902000002686034       -2.3228511879663348E-014
   3.2941000002671101       -1.8143014428884914E-014
   3.2980000002656169       -1.4157415616871035E-014
   3.3019000002641237       -1.1036878626018032E-014
   3.3058000002626304       -8.5960223388914997E-015
   3.3097000002611372       -6.6886579568785386E-015
   3.3136000002596440       -5.1996221781173403E-015
   3.3175000002581507       -4.0382859193667817E-015
   3.3214000002566575       -3.1334005480483758E-015
   3.3253000002551643       -2.4290105498392947E-015
   3.3292000002536710       -1.8812155173881820E-015
   3.3331000002521778       -1.4556077745255737E-015
   3.3370000002506846       -1.1252468586041184E-015
   3.3409000002491913       -8.6906010759373378E-016
   3.3448000002476981       -6.7058106776920366E-016
   3.3487000002462048       -5.1695543096162258E-016
   3.3526000002447116       -3.9815860135681502E-016
   3.3565000002432184       -3.0638048780387674E-016
   3.3604000002417251       -2.3554228983031110E-016
   3.3643000002402319       -1.8091735497729370E-016
   3.3682000002387387       -1.3883400305973566E-016
   3.3721000002372454       -1.0644283836198833E-016
   3.3760000002357522       -8.1534743746870268E-017
   3.3799000002342590       -6.2398663907803952E-017
   3.3838000002327657       -4.7710592998183701E-017
   3.3877000002312725       -3.6447008272797462E-017
   3.3916000002297793       -2.7817435018775747E-017
   3.3955000002282860       -2.1211967858907060E-017
   3.3994000002267928       -1.6160472411986667E-017
   3.4033000002252995       -1.2300899415419945E-017
   3.4072000002238063       -9.3547006249084319E-018
   3.4111000002223131       -7.1077737808570309E-018
   3.4150000002208198       -5.3957078068934059E-018
   3.4189000002193266       -4.0923691043814552E-018
   3.4228000002178334       -3.1010810985397546E-018
   3.4267000002163401       -2.3478145462748174E-018
   3.4306000002148469       -1.7759353809692244E-018
   3.4345000002133537       -1.3421578135710158E-018
   3.4384000002118604       -1.0134291532287153E-018
   3.4423000002103672       -7.6453417157760407E-019
   3.4462000002088740       -5.7625459942584837E-019
   3.4501000002073807       -4.3395648650790983E-019
   3.4540000002058875       -3.2650700635373823E-019
   3.4579000002043943       -2.4544467632704219E-019
   3.4618000002029010       -1.8434431739618896E-019
   3.4657000002014078       -1.3833151696583049E-019
   3.4696000001999145       -1.0371175389906747E-019
   3.4735000001984213       -7.7687378454863728E-020
   3.4774000001969281       -5.8141841650649467E-020
   3.4813000001954348       -4.3475351334506651E-020
   3.4852000001939416       -3.2479816940824431E-020
   3.4891000001924484       -2.4243780739450026E-020
   3.4930000001909551       -1.8080213717033055E-020
   3.4969000001894619       -1.3471728881581410E-020
   3.5008000001879687       -1.0029049744025359E-020
   3.5047000001864754       -7.4595566954228913E-021
   3.5086000001849822       -5.5434882504551825E-021
   3.5125000001834890       -4.1159511318636338E-021
   3.5164000001819957       -3.0533341403336172E-021
   3.5203000001805025       -2.2630574268808014E-021
   3.5242000001790093       -1.6758455737003650E-021
   3.5281000001775160       -1.2399085554930177E-021
   3.5320000001760228       -9.1656359841667808E-022
   3.5359000001745295       -6.7694422243959875E-022
   3.5398000001730363       -4.9952880592387052E-022
   3.5437000001715431       -3.6828632388135761E-022
   3.5476000001700498       -2.7128643386471115E-022
   3.5515000001685566       -1.9965859665422618E-022
   3.5554000001670634       -1.4681330735870786E-022
   3.5593000001655701       -1.0785997486278706E-022
   3.5632000001640769       -7.9172197776881185E-023
   3.5671000001625837       -5.8063416548266760E-023
   3.5710000001610904       -4.2545141786501821E-023
   3.5749000001595972       -3.1146902680801248E-023
   3.5788000001581040       -2.2782283685799139E-023
   3.5827000001566107       -1.6649344443575208E-023
   3.5866000001551175       -1.2156666597493335E-023
   3.5905000001536242       -8.8684832354854591E-024
   3.5944000001521310       -6.4640045905260406E-024
   3.5983000001506378       -4.7072949715795014E-024
   3.6022000001491445       -3.4249844637404795E-024
   3.6061000001476513       -2.4897928661966518E-024
   3.6100000001461581       -1.8083614232619379E-024
   3.6139000001446648       -1.3122743357923421E-024
   3.6178000001431716       -9.5143999774310851E-025
   3.6217000001416784       -6.8921627469146169E-025
   3.6256000001401851       -4.9882357960826199E-025
   3.6295000001386919       -3.6070796978589554E-025
   3.6334000001371987       -2.6060443141077558E-025
   3.6373000001357054       -1.8811573830165076E-025
   3.6412000001342122       -1.3567059378815133E-025
   3.6451000001327190       -9.7760533424420749E-026
   3.6490000001312257       -7.0381517379492628E-026
   3.6529000001297325       -5.0625683504955330E-026
   3.6568000001282392       -3.6383156147744597E-026
   3.6607000001267460       -2.6124442069144035E-026
   3.6646000001252528       -1.8741780579170477E-026
   3.6685000001237595       -1.3433582107836902E-026
   3.6724000001222663       -9.6203300059694817E-027
   3.6763000001207731       -6.8834355146801990E-027
   3.6802000001192798       -4.9208220780350008E-027
   3.6841000001177866       -3.5146914743432767E-027
   3.6880000001162934       -2.5081521660947142E-027
   3.6919000001148001       -1.7882888973584043E-027
   3.6958000001133069       -1.2739095865262225E-027
   3.6997000001118137       -9.0668547785978303E-028
   3.7036000001103204       -6.4475073539134853E-028
   3.7075000001088272       -4.5808299563696295E-028
   3.7114000001073340       -3.2517237383839051E-028
   3.7153000001058407       -2.3062175259011113E-028
   3.7192000001043475       -1.6341956979212771E-028
   3.7231000001028542       -1.1569778364586429E-028
   3.7270000001013610       -8.1839546520325065E-029
   3.7309000000998678       -5.7838710959186831E-029
   3.7348000000983745       -4.0840517192457003E-029
   3.7387000000968813       -2.8812511790681694E-029
   3.7426000000953881       -2.0308988411818490E-029
   3.7465000000938948       -1.4302526930295052E-029
   3.7504000000924016       -1.0063628508857388E-029
   3.7543000000909084       -7.0747938700964397E-030
   3.7582000000894151       -4.9692447783581272E-030
   3.7621000000879219       -3.4872608167862252E-030
   3.7660000000864287       -2.4450961893513338E-030
   3.7699000000849354       -1.7128723012893500E-030
   3.7738000000834422       -1.1988685994663275E-030
   3.7777000000819490       -8.3837011734330559E-031
   3.7816000000804557       -5.8575721554609784E-031
   3.7855000000789625       -4.0890008927049412E-031
   3.7894000000774692       -2.8519014621902937E-031
   3.7933000000759760       -1.9873283668986927E-031
   3.7972000000744828       -1.3836384047768848E-031
   3.8011000000729895       -9.6248396310287762E-032
   3.8050000000714963       -6.6893261807500873E-032
   3.8089000000700031       -4.6450381267424111E-032
   3.8128000000685098       -3.2226585622514152E-032
   3.8167000000670166       -2.2338678308954591E-032
   3.8206000000655234       -1.5471017882396019E-032
   3.8245000000640301       -1.0705294185680593E-032
   3.8284000000625369       -7.4011072925513008E-033
   3.8323000000610437       -5.1122636431868903E-033
   3.8362000000595504       -3.5281603000784210E-033
   3.8401000000580572       -2.4327751767392934E-033
   3.8440000000565639       -1.6760011877598730E-033
   3.8479000000550707       -1.1536270435497745E-033
   3.8518000000535775       -7.9336927372541016E-034
   3.8557000000520842       -5.4513523205978320E-034
   3.8596000000505910       -3.7424166605907681E-034
   3.8635000000490978       -2.5669601321686134E-034
   3.8674000000476045       -1.7591598226491959E-034
   3.8713000000461113       -1.2045109445742399E-034
   3.8752000000446181       -8.2401586689148130E-035
   3.8791000000431248       -5.6322232750604718E-035
   3.8830000000416316       -3.8463049296644292E-035
   3.8869000000401384       -2.6243830052998458E-035
   3.8908000000386451       -1.7890829493787533E-035
   3.8947000000371519       -1.2185787237192281E-035
   3.8986000000356587       -8.2927134868030755E-036
   3.9025000000341654       -5.6384507064745911E-036
   3.9064000000326722       -3.8303907191489420E-036
   3.9103000000311789       -2.5998400577351501E-036
   3.9142000000296857       -1.7630740681532427E-036
   3.9181000000281925       -1.1945792428252419E-036
   3.9220000000266992       -8.0868606333317812E-037
   3.9259000000252060       -5.4697270045084115E-037
   3.9298000000237128       -3.6963420452620591E-037
   3.9337000000222195       -2.4957413484492104E-037
   3.9376000000207263       -1.6836353278195783E-037
   3.9415000000192331       -1.1347955746870449E-037
   3.9454000000177398       -7.6420258070655369E-038
   3.9493000000162466       -5.1418658920267341E-038
   3.9532000000147534       -3.4566426702527777E-038
   3.9571000000132601       -2.3217199974582089E-038
   3.9610000000117669       -1.5580698731233240E-038
   3.9649000000102737       -1.0446862307581202E-038
   3.9688000000087804       -6.9985292832019175E-039
   3.9727000000072872       -4.6843549097496312E-039
   3.9766000000057939       -3.1326726553778790E-039
   3.9805000000043007       -2.0931607373452307E-039
   3.9844000000028075       -1.3973738328062766E-039
   3.9883000000013142       -9.3206289717129462E-040
   3.9921999999998210       -6.2115580233198108E-040
   3.9960999999983278       -4.1359826709348041E-040
