  0.10000000149011612        2.5786822895273853E-007
  0.10390000148862288        2.9906132439750369E-007
  0.10780000148712965        3.4637261757866037E-007
  0.11170000148563641        4.0063116410260755E-007
  0.11560000148414318        4.6276522944228044E-007
  0.11950000148264994        5.3381208483881067E-007
  0.12340000148115671        6.1492845112393310E-007
  0.12730000147966347        7.0740158270641406E-007
  0.13120000147817024        8.1266097354294977E-007
  0.13510000147667700        9.3229065478317527E-007
  0.13900000147518377        1.0680420398171377E-006
  0.14290000147369053        1.2218472565495662E-006
  0.14680000147219729        1.3958328887807299E-006
  0.15070000147070406        1.5923340285090301E-006
  0.15460000146921082        1.8139085187284516E-006
  0.15850000146771759        2.0633512418492150E-006
  0.16240000146622435        2.3437082822257460E-006
  0.16630000146473112        2.6582907624827183E-006
  0.17020000146323788        3.0106881224772122E-006
  0.17410000146174465        3.4047805769690890E-006
  0.17800000146025141        3.8447504535956909E-006
  0.18190000145875818        4.3350920768248388E-006
  0.18580000145726494        4.8806198265277092E-006
  0.18970000145577171        5.4864739620785692E-006
  0.19360000145427847        6.1581237649308703E-006
  0.19750000145278523        6.9013675150021325E-006
  0.20140000145129200        7.7223287795643442E-006
  0.20530000144979876        8.6274484583899511E-006
  0.20920000144830553        9.6234719964489350E-006
  0.21310000144681229        1.0717431146329890E-005
  0.21700000144531906        1.1916619637694955E-005
  0.22090000144382582        1.3228562091435696E-005
  0.22480000144233259        1.4660975502755548E-005
  0.22870000144083935        1.6221722611193521E-005
  0.23260000143934612        1.7918756477601982E-005
  0.23650000143785288        1.9760055599277644E-005
  0.24040000143635964        2.1753548915726146E-005
  0.24430000143486641        2.3907030089714422E-005
  0.24820000143337317        2.6228060492047352E-005
  0.25210000143187994        2.8723860374381016E-005
  0.25600000143038670        3.1401187782718418E-005
  0.25990000142889347        3.4266204845072911E-005
  0.26380000142740023        3.7324331159979312E-005
  0.26770000142590700        4.0580084117523291E-005
  0.27160000142441376        4.4036906100588064E-005
  0.27550000142292053        4.7696978639733906E-005
  0.27940000142142729        5.1561023729087620E-005
  0.28330000141993406        5.5628092650626175E-005
  0.28720000141844082        5.9895342798008649E-005
  0.29110000141694758        6.4357803135735861E-005
  0.29500000141545435        6.9008129071713618E-005
  0.29890000141396111        7.3836347657745327E-005
  0.30280000141246788        7.8829594159226607E-005
  0.30670000141097464        8.3971841148379180E-005
  0.31060000140948141        8.9243621370628683E-005
  0.31450000140798817        9.4621745707016306E-005
  0.31840000140649494        1.0007901760301860E-004
  0.32230000140500170        1.0558394535206384E-004
  0.32620000140350847        1.1110045360724492E-004
  0.33010000140201523        1.1658759544486477E-004
  0.33400000140052200        1.2199926621671371E-004
  0.33790000139902876        1.2728392030401546E-004
  0.34180000139753552        1.3238429172559047E-004
  0.34570000139604229        1.3723711935810753E-004
  0.34960000139454905        1.4177287730161235E-004
  0.35350000139305582        1.4591551067453918E-004
  0.35740000139156258        1.4958217685713567E-004
  0.36130000139006935        1.5268299193086304E-004
  0.36520000138857611        1.5512078179591278E-004
  0.36910000138708288        1.5679083720416341E-004
  0.37300000138558964        1.5758067173714707E-004
  0.37690000138409641        1.5736978160629372E-004
  0.38080000138260317        1.5602940607609443E-004
  0.38470000138110994        1.5342228733116571E-004
  0.38860000137961670        1.4940242874779001E-004
  0.39250000137812346        1.4381485081162409E-004
  0.39640000137663023        1.3649534436806167E-004
  0.40030000137513699        1.2727022152057241E-004
  0.40420000137364376        1.1595606532388584E-004
  0.40810000137215052        1.0235948046823398E-004
  0.41200000137065729        8.6276848428965645E-005
  0.41590000136916405        6.7494092068275477E-005
  0.41980000136767082        4.5786456421506809E-005
  0.42370000136617758        2.0918314370802338E-005
  0.42760000136468435       -7.3569919136592515E-006
  0.43150000136319111       -3.9297260527143268E-005
  0.43540000136169787       -7.5171474641303409E-005
  0.43930000136020464       -1.1525976424250598E-004
  0.44320000135871140       -1.5985326384218636E-004
  0.44710000135721817       -2.0925384261841689E-004
  0.45100000135572493       -2.6377368098617416E-004
  0.45490000135423170       -3.2373466535049654E-004
  0.45880000135273846       -3.8946757087628402E-004
  0.46270000135124523       -4.6131100062362772E-004
  0.46660000134975199       -5.3961004846685688E-004
  0.47050000134825876       -6.2471465296125642E-004
  0.47440000134676552       -7.1697760986638313E-004
  0.47830000134527229       -8.1675221249839715E-004
  0.48220000134377905       -9.2438949157836066E-004
  0.48610000134228581       -1.0402350298694238E-003
  0.49000000134079258       -1.1646253317377927E-003
  0.49390000133929934       -1.2978837338930326E-003
  0.49780000133780611       -1.4403158509996865E-003
  0.50170000133631276       -1.5922045586094420E-003
  0.50560000133481942       -1.7538045259109494E-003
  0.50950000133332607       -1.9253363220623867E-003
  0.51340000133183272       -2.1069801322451329E-003
  0.51730000133033938       -2.2988691328951045E-003
  0.52120000132884603       -2.5010825896216930E-003
  0.52510000132735268       -2.7136387558545113E-003
  0.52900000132585934       -2.9364876649604289E-003
  0.53290000132436599       -3.1695039230937865E-003
  0.53680000132287264       -3.4124796239917814E-003
  0.54070000132137930       -3.6651175198735390E-003
  0.54460000131988595       -3.9270245940931743E-003
  0.54850000131839260       -4.1977061907597308E-003
  0.55240000131689926       -4.4765608636931128E-003
  0.55630000131540591       -4.7628761113635608E-003
  0.56020000131391257       -5.0558251654148432E-003
  0.56410000131241922       -5.3544649975857837E-003
  0.56800000131092587       -5.6577357029687948E-003
  0.57190000130943253       -5.9644614062871045E-003
  0.57580000130793918       -6.2733528220468163E-003
  0.57970000130644583       -6.5830115789271889E-003
  0.58360000130495249       -6.8919363936473330E-003
  0.58750000130345914       -7.1985311499477914E-003
  0.59140000130196579       -7.5011149045568605E-003
  0.59530000130047245       -7.7979338045301239E-003
  0.59920000129897910       -8.0871748597614104E-003
  0.60310000129748575       -8.3669814715280812E-003
  0.60700000129599241       -8.6354705735583910E-003
  0.61090000129449906       -8.8907511973302707E-003
  0.61480000129300572       -9.1309442292949201E-003
  0.61870000129151237       -9.3542030857128797E-003
  0.62260000129001902       -9.5587349921191379E-003
  0.62650000128852568       -9.7428225204551910E-003
  0.63040000128703233       -9.9048450089701482E-003
  0.63430000128553898       -1.0043299469414397E-002
  0.63820000128404564       -1.0156820574042869E-002
  0.64210000128255229       -1.0244199312602533E-002
  0.64600000128105894       -1.0304399917699202E-002
  0.64990000127956560       -1.0336574676402933E-002
  0.65380000127807225       -1.0340076277059565E-002
  0.65770000127657890       -1.0314467383131560E-002
  0.66160000127508556       -1.0259527180237883E-002
  0.66550000127359221       -1.0175254707795778E-002
  0.66940000127209887       -1.0061868861777902E-002
  0.67330000127060552       -9.9198050387081932E-003
  0.67720000126911217       -9.7497084813511874E-003
  0.68110000126761883       -9.5524244814739184E-003
  0.68500000126612548       -9.3289856921123723E-003
  0.68890000126463213       -9.0805968982141834E-003
  0.69280000126313879       -8.8086176873807490E-003
  0.69670000126164544       -8.5145435485895378E-003
  0.70060000126015209       -8.1999860030493171E-003
  0.70450000125865875       -7.8666524345806493E-003
  0.70840000125716540       -7.5163263340974141E-003
  0.71230000125567206       -7.1508487011076359E-003
  0.71620000125417871       -6.7721013522149247E-003
  0.72010000125268536       -6.3819928703929820E-003
  0.72400000125119202       -5.9824478878932920E-003
  0.72790000124969867       -5.5754003292298113E-003
  0.73180000124820532       -5.1627911486953346E-003
  0.73570000124671198       -4.7465709800106858E-003
  0.73960000124521863       -4.3287079755234175E-003
  0.74350000124372528       -3.9112009512333934E-003
  0.74740000124223194       -3.4960977750399711E-003
  0.75130000124073859       -3.0855187429896314E-003
  0.75520000123924524       -2.6816844867026297E-003
  0.75910000123775190       -2.2869477499652489E-003
  0.76300000123625855       -1.9038281696125440E-003
  0.76690000123476521       -1.5350490015960121E-003
  0.77080000123327186       -1.1835745540516398E-003
  0.77470000123177851       -8.5264693180342531E-004
  0.77860000123028517       -5.4582056743546800E-004
  0.78250000122879182       -2.6699291884208377E-004
  0.78640000122729847       -2.0429657436552800E-005
  0.79030000122580513        1.8921734041338041E-004
  0.79420000122431178        3.5690085001203098E-004
  0.79810000122281843        4.7717956793468441E-004
  0.80200000122132509        5.4423122172092694E-004
  0.80590000121983174        5.5187875783578924E-004
  0.80980000121833839        4.9363060771015510E-004
  0.81370000121684505        3.6273574718166370E-004
  0.81760000121535170        1.5225393884577527E-004
  0.82150000121385836       -1.4485881403141854E-004
  0.82540000121236501       -5.3564996166119915E-004
  0.82930000121087166       -1.0270560164202817E-003
  0.83320000120937832       -1.6257752581612880E-003
  0.83710000120788497       -2.3381291319824493E-003
  0.84100000120639162       -3.1699143351173191E-003
  0.84490000120489828       -4.1262479662319482E-003
  0.84880000120340493       -5.2114084517209114E-003
  0.85270000120191158       -6.4286752589098189E-003
  0.85660000120041824       -7.7801706455319398E-003
  0.86050000119892489       -9.2667068696881891E-003
  0.86440000119743154       -1.0887642387356766E-002
  0.86830000119593820       -1.2640750589681036E-002
  0.87220000119444485       -1.4522104575892099E-002
  0.87610000119295151       -1.6525981318004711E-002
  0.88000000119145816       -1.8644788350690219E-002
  0.88390000118996481       -2.0869015816486366E-002
  0.88780000118847147       -2.3187216317409189E-002
  0.89170000118697812       -2.5586014575824101E-002
  0.89560000118548477       -2.8050148398745277E-002
  0.89950000118399143       -3.0562541880914409E-002
  0.90340000118249808       -3.3104411184834752E-002
  0.90730000118100473       -3.5655402613295507E-002
  0.91120000117951139       -3.8193762055482895E-002
  0.91510000117801804       -4.0696534255600741E-002
  0.91900000117652469       -4.3139789737086397E-002
  0.92290000117503135       -4.5498876629715371E-002
  0.92680000117353800       -4.7748694104101694E-002
  0.93070000117204466       -4.9863983630199164E-002
  0.93460000117055131       -5.1819633853879422E-002
  0.93850000116905796       -5.3590994537341445E-002
  0.94240000116756462       -5.5154194741984269E-002
  0.94630000116607127       -5.6486460251435125E-002
  0.95020000116457792       -5.7566425140605455E-002
  0.95410000116308458       -5.8374432394783154E-002
  0.95800000116159123       -5.8892818569703444E-002
  0.96190000116009788       -5.9106177656193366E-002
  0.96580000115860454       -5.9001599566566219E-002
  0.96970000115711119       -5.8568878988142406E-002
  0.97360000115561784       -5.7800690744547675E-002
  0.97750000115412450       -5.6692728259257329E-002
  0.98140000115263115       -5.5243802219041765E-002
  0.98530000115113781       -5.3455897077942335E-002
  0.98920000114964446       -5.1334183615534879E-002
  0.99310000114815111       -4.8886986357028483E-002
  0.99700000114665777       -4.6125705268151337E-002
   1.0009000011451645       -4.3064691746313083E-002
   1.0048000011436713       -3.9721079533504185E-002
   1.0087000011421778       -3.6114571768908310E-002
   1.0126000011406846       -3.2267185974293351E-002
   1.0165000011391914       -2.8202959317805715E-002
   1.0204000011376979       -2.3947617027552281E-002
   1.0243000011362047       -1.9528207321802760E-002
   1.0282000011347114       -1.4972706684857845E-002
   1.0321000011332182       -1.0309599744184161E-002
   1.0360000011317250       -5.5674383931765443E-003
   1.0399000011302315       -7.7438515286984422E-004
   1.0438000011287383        4.0422539269055237E-003
   1.0477000011272450        8.8565012632342323E-003
   1.0516000011257516        1.3644178852220452E-002
   1.0555000011242583        1.8383372549436193E-002
   1.0594000011227651        2.3054883455484596E-002
   1.0633000011212719        2.7642660284243149E-002
   1.0672000011197786        3.2134206592020244E-002
   1.0711000011182852        3.6520956810560619E-002
   1.0750000011167919        4.0798615159814179E-002
   1.0789000011152987        4.4967451721807342E-002
   1.0828000011138053        4.9032550238718553E-002
   1.0867000011123120        5.3004002559722103E-002
   1.0906000011108188        5.6897045104936088E-002
   1.0945000011093255        6.0732133242487975E-002
   1.0984000011078323        6.4534950086635984E-002
   1.1023000011063389        6.8336346919920868E-002
   1.1062000011048456        7.2172213217661638E-002
   1.1101000011033524        7.6083275104087855E-002
   1.1140000011018589        8.0114821989410903E-002
   1.1179000011003657        8.4316362117510812E-002
   1.1218000010988725        8.8741208783949713E-002
   1.1257000010973792        9.3446000050968800E-002
   1.1296000010958860        9.8490155875335050E-002
   1.1335000010943925       0.10393527765990961     
   1.1374000010928993       0.10984449632262110     
   1.1413000010914061       0.11628177602778948     
   1.1452000010899126       0.12331118172414457     
   1.1491000010884194       0.13099611956041912     
   1.1530000010869261       0.13939856008182627     
   1.1569000010854329       0.14857825482797940     
   1.1608000010839397       0.15859195753440386     
   1.1647000010824462       0.16949266156635592     
   1.1686000010809530       0.18132886546740154     
   1.1725000010794597       0.19414387857034926     
   1.1764000010779663       0.20797517848149655     
   1.1803000010764730       0.22285383190050836     
   1.1842000010749798       0.23880398967086452     
   1.1881000010734866       0.25584246616679990     
   1.1920000010719933       0.27397841211333379     
   1.1959000010704999       0.29321308871222951     
   1.1998000010690066       0.31353974951913738     
   1.2037000010675134       0.33494363490127477     
   1.2076000010660199       0.35740208212132485     
   1.2115000010645267       0.38088475216708162     
   1.2154000010630335       0.40535397240794230     
   1.2193000010615402       0.43076519204308394     
   1.2232000010600470       0.45706754515060755     
   1.2271000010585535       0.48420451399390657     
   1.2310000010570603       0.51211468313560493     
   1.2349000010555671       0.54073257289689702     
   1.2388000010540736       0.56998953882820957     
   1.2427000010525804       0.59981472217268561     
   1.2466000010510871       0.63013603485252245     
   1.2505000010495939       0.66088116133252117     
   1.2544000010481005       0.69197855885418857     
   1.2583000010466072       0.72335843702111435     
   1.2622000010451138       0.75495369757950648     
   1.2661000010436205       0.78670081549653392     
   1.2700000010421273       0.81854064310502417     
   1.2739000010406338       0.85041912015819054     
   1.2778000010391406       0.88228787411481979     
   1.2817000010376474       0.91410469683592144     
   1.2856000010361539       0.94583388609008101     
   1.2895000010346607       0.97744644279872439     
   1.2934000010331674        1.0089201177565483     
   1.2973000010316740        1.0402393045804519     
   1.3012000010301807        1.0713947788088551     
   1.3051000010286873        1.1023832863226337     
   1.3090000010271940        1.1332069875152724     
   1.3129000010257008        1.1638727668267315     
   1.3168000010242074        1.1943914202962391     
   1.3207000010227141        1.2247767366086617     
   1.3246000010212207        1.2550444896359467     
   1.3285000010197274        1.2852113626442092     
   1.3324000010182342        1.3152938260907352     
   1.3363000010167407        1.3453069922259329     
   1.3402000010152475        1.3752634705063778     
   1.3441000010137543        1.4051722480925635     
   1.3480000010122608        1.4350376194378249     
   1.3519000010107676        1.4648581881759810     
   1.3558000010092743        1.4946259632011534     
   1.3597000010077809        1.5243255690338084     
   1.3636000010062876        1.5539335883248648     
   1.3675000010047942        1.5834180517183982     
   1.3714000010033010        1.6127380873366639     
   1.3753000010018077        1.6418437389402980     
   1.3792000010003143        1.6706759584289363     
   1.3831000009988210        1.6991667748638972     
   1.3870000009973276        1.7272396386971427     
   1.3909000009958343        1.7548099364602610     
   1.3948000009943411        1.7817856678812469     
   1.3987000009928476        1.8080682743273675     
   1.4026000009913544        1.8335536046837475     
   1.4065000009898612        1.8581330023252598     
   1.4104000009883677        1.8816944947686551     
   1.4143000009868745        1.9041240659369805     
   1.4182000009853812        1.9253069897511621     
   1.4221000009838878        1.9451292029948741     
   1.4260000009823945        1.9634786950772223     
   1.4299000009809011        1.9802468924315391     
   1.4338000009794079        1.9953300158156468     
   1.4377000009779146        2.0086303896888715     
   1.4416000009764212        2.0200576840958373     
   1.4455000009749279        2.0295300710431627     
   1.4494000009734347        2.0369752791649578     
   1.4533000009719412        2.0423315324865672     
   1.4572000009704480        2.0455483612625009     
   1.4611000009689548        2.0465872751339784     
   1.4650000009674613        2.0454222911760684     
   1.4689000009659681        2.0420403117392230     
   1.4728000009644748        2.0364413492943600     
   1.4767000009629814        2.0286385977286581     
   1.4806000009614881        2.0186583516799375     
   1.4845000009599949        2.0065397775151559     
   1.4884000009585014        1.9923345414328446     
   1.4923000009570082        1.9761063018843992     
   1.4962000009555148        1.9579300750539950     
   1.5001000009540215        1.9378914835039789     
   1.5040000009525283        1.9160858992781848     
   1.5079000009510348        1.8926174937578653     
   1.5118000009495416        1.8675982073847532     
   1.5157000009480484        1.8411466530048504     
   1.5196000009465549        1.8133869670478440     
   1.5235000009450617        1.7844476230439172     
   1.5274000009435684        1.7544602220957812     
   1.5313000009420750        1.7235582748727747     
   1.5352000009405817        1.6918759894797415     
   1.5391000009390885        1.6595470791802767     
   1.5430000009375950        1.6267036034264322     
   1.5469000009361018        1.5934748549703637     
   1.5508000009346086        1.5599863050143032     
   1.5547000009331151        1.5263586174012083     
   1.5586000009316219        1.4927067417693733     
   1.5625000009301286        1.4591390944014577     
   1.5664000009286352        1.4257568342057556     
   1.5703000009271419        1.3926532398910669     
   1.5742000009256485        1.3599131929544686     
   1.5781000009241553        1.3276127696140991     
   1.5820000009226620        1.2958189433088250     
   1.5859000009211686        1.2645893978770384     
   1.5898000009196753        1.2339724500422087     
   1.5937000009181821        1.2040070783980983     
   1.5976000009166886        1.1747230547259260     
   1.6015000009151954        1.1461411722128152     
   1.6054000009137019        1.1182735639969525     
   1.6093000009122087        1.0911241044593072     
   1.6132000009107155        1.0646888848305665     
   1.6171000009092220        1.0389567539976929     
   1.6210000009077288        1.0139099148859230     
   1.6249000009062355       0.98952456646338083     
   1.6288000009047421       0.96577158126695062     
   1.6327000009032488       0.94261720837534568     
   1.6366000009017556       0.92002379195000294     
   1.6405000009002622       0.89795049581446429     
   1.6444000008987689       0.87635402503249682     
   1.6483000008972755       0.85518933605618064     
   1.6522000008957822       0.83441032772687140     
   1.6561000008942890       0.81397050620235745     
   1.6600000008927955       0.79382361772993559     
   1.6639000008913023       0.77392424406472382     
   1.6678000008898088       0.75422835622326134     
   1.6717000008883156       0.73469382314357023     
   1.6756000008868224       0.71528087267554563     
   1.6795000008853289       0.69595250313330503     
   1.6834000008838357       0.67667484439031322     
   1.6873000008823424       0.65741746817788471     
   1.6912000008808490       0.63815364785050788     
   1.6951000008793558       0.61886056840273540     
   1.6990000008778625       0.59951948796070464     
   1.7029000008763691       0.58011585232790586     
   1.7068000008748758       0.56063936444341156     
   1.7107000008733824       0.54108401081736091     
   1.7146000008718891       0.52144804715062909     
   1.7185000008703959       0.50173394543231509     
   1.7224000008689024       0.48194830484963896     
   1.7263000008674092       0.46210172885020145     
   1.7302000008659157       0.44220867067647407     
   1.7341000008644225       0.42228724965643616     
   1.7380000008629293       0.40235904049147714     
   1.7419000008614358       0.38244883774083999     
   1.7458000008599426       0.36258439766767731     
   1.7497000008584493       0.34279615959043108     
   1.7536000008569559       0.32311694887849385     
   1.7575000008554627       0.30358166374517237     
   1.7614000008539694       0.28422694802461240     
   1.7653000008524762       0.26509085217190681     
   1.7692000008509827       0.24621248479509703     
   1.7731000008494895       0.22763165711118274     
   1.7770000008479963       0.20938852281143552     
   1.7809000008465028       0.19152321591954619     
   1.7848000008450096       0.17407548932396213     
   1.7887000008435163       0.15708435675752058     
   1.7926000008420231       0.14058774107720234     
   1.7965000008405299       0.12462213175871593     
   1.8004000008390364       0.10922225455899041     
   1.8043000008375432        9.4420756309304688E-002
   1.8082000008360499        8.0247907777995994E-002
   1.8121000008345565        6.6731327480476096E-002
   1.8160000008330632        5.3895729212435121E-002
   1.8199000008315700        4.1762695937338723E-002
   1.8238000008300768        3.0350482470332268E-002
   1.8277000008285835        1.9673849167188506E-002
   1.8316000008270901        9.7439285498354209E-003
   1.8355000008255968        5.6812648121664158E-004
   1.8394000008241036       -7.8499408551514424E-003
   1.8433000008226101       -1.5510473307433581E-002
   1.8472000008211169       -2.2417475997207153E-002
   1.8511000008196237       -2.8578711452683522E-002
   1.8550000008181304       -3.4005615095986715E-002
   1.8589000008166372       -3.8713175016135776E-002
   1.8628000008151437       -4.2719777428724098E-002
   1.8667000008136505       -4.6047019684267936E-002
   1.8706000008121573       -4.8719493130936868E-002
   1.8745000008106638       -5.0764538555054244E-002
   1.8784000008091706       -5.2211977305739697E-002
   1.8823000008076773       -5.3093821550160430E-002
   1.8862000008061841       -5.3443967395568150E-002
   1.8901000008046909       -5.3297874846951393E-002
   1.8940000008031974       -5.2692238739163851E-002
   1.8979000008017042       -5.1664654885439483E-002
   1.9018000008002109       -5.0253285717326464E-002
   1.9057000007987175       -4.8496529652794482E-002
   1.9096000007972243       -4.6432698319687965E-002
   1.9135000007957310       -4.4099705582515719E-002
   1.9174000007942378       -4.1534772075051934E-002
   1.9213000007927445       -3.8774148634166984E-002
   1.9252000007912511       -3.5852861667919733E-002
   1.9291000007897579       -3.2804483080693891E-002
   1.9330000007882646       -2.9660926928612604E-002
   1.9369000007867712       -2.6452274499035529E-002
   1.9408000007852779       -2.3206629008688678E-002
   1.9447000007837847       -1.9950000606308742E-002
   1.9486000007822915       -1.6706221858120242E-002
   1.9525000007807982       -1.3496893398337912E-002
   1.9564000007793048       -1.0341358952109830E-002
   1.9603000007778115       -7.2567084941037897E-003
   1.9642000007763183       -4.2578079006026807E-003
   1.9681000007748248       -1.3573530937287118E-003
   1.9720000007733316        1.4340536307916227E-003
   1.9759000007718384        4.1078076515090973E-003
   1.9798000007703451        6.6571891948416385E-003
   1.9837000007688519        9.0772365139605016E-003
   1.9876000007673584        1.1364608020601538E-002
   1.9915000007658652        1.3517436325263622E-002
   1.9954000007643720        1.5535177091521628E-002
   1.9993000007628785        1.7418455506723468E-002
   2.0032000007613853        1.9168913019076937E-002
   2.0071000007598920        2.0789056795874401E-002
   2.0110000007583988        2.2282114125877894E-002
   2.0149000007569051        2.3651893727698950E-002
   2.0188000007554119        2.4902655642707425E-002
   2.0227000007539186        2.6038991092996108E-002
   2.0266000007524250        2.7065713379580025E-002
   2.0305000007509317        2.7987760590379371E-002
   2.0344000007494385        2.8810110588299472E-002
   2.0383000007479453        2.9537708462966387E-002
   2.0422000007464520        3.0175406360831658E-002
   2.0461000007449583        3.0727915362104369E-002
   2.0500000007434651        3.1199768853126579E-002
   2.0539000007419719        3.1595296652396611E-002
   2.0578000007404782        3.1918608989558075E-002
   2.0617000007389850        3.2173589310591527E-002
   2.0656000007374917        3.2363894789595476E-002
   2.0695000007359985        3.2492963367581826E-002
   2.0734000007345053        3.2564026110584676E-002
   2.0773000007330116        3.2580123681386026E-002
   2.0812000007315183        3.2544125749051411E-002
   2.0851000007300251        3.2458752215521539E-002
   2.0890000007285314        3.2326595215636925E-002
   2.0929000007270382        3.2150140942808762E-002
   2.0968000007255450        3.1931790463536919E-002
   2.1007000007240517        3.1673878806473071E-002
   2.1046000007225585        3.1378691742045738E-002
   2.1085000007210648        3.1048479803225951E-002
   2.1124000007195716        3.0685469233334293E-002
   2.1163000007180783        3.0291869679604289E-002
   2.1202000007165847        2.9869878578510724E-002
   2.1241000007150914        2.9421682297926674E-002
   2.1280000007135982        2.8949454209601960E-002
   2.1319000007121049        2.8455349961263973E-002
   2.1358000007106117        2.7941500299198507E-002
   2.1397000007091180        2.7410001858268071E-002
   2.1436000007076248        2.6862906386164547E-002
   2.1475000007061316        2.6302208901886077E-002
   2.1514000007046379        2.5729835304984832E-002
   2.1553000007031446        2.5147629952455904E-002
   2.1592000007016514        2.4557343704993281E-002
   2.1631000007001582        2.3960622914823211E-002
   2.1670000006986649        2.3358999784848913E-002
   2.1709000006971713        2.2753884475057509E-002
   2.1748000006956780        2.2146559268937500E-002
   2.1787000006941848        2.1538175042079614E-002
   2.1826000006926911        2.0929750199349798E-002
   2.1865000006911979        2.0322172168258278E-002
   2.1904000006897046        1.9716201456647084E-002
   2.1943000006882114        1.9112478204763715E-002
   2.1982000006867182        1.8511531087284795E-002
   2.2021000006852245        1.7913788351846743E-002
   2.2060000006837313        1.7319590718885905E-002
   2.2099000006822380        1.6729205814612808E-002
   2.2138000006807443        1.6142843766006384E-002
   2.2177000006792511        1.5560673554762226E-002
   2.2216000006777579        1.4982839706832623E-002
   2.2255000006762646        1.4409478885859391E-002
   2.2294000006747714        1.3840735962435164E-002
   2.2333000006732777        1.3276779146402760E-002
   2.2372000006717845        1.2717813795690043E-002
   2.2411000006702912        1.2164094551566905E-002
   2.2450000006687976        1.1615935495535606E-002
   2.2489000006673043        1.1073718075948145E-002
   2.2528000006658111        1.0537896611328743E-002
   2.2567000006643179        1.0009001240584880E-002
   2.2606000006628246        9.4876382560561932E-003
   2.2645000006613309        8.9744878218862151E-003
   2.2684000006598377        8.4702991457373152E-003
   2.2723000006583445        7.9758832347049495E-003
   2.2762000006568508        7.4921034248321286E-003
   2.2801000006553576        7.0198639264464130E-003
   2.2840000006538643        6.5600966733936972E-003
   2.2879000006523711        6.1137468020964585E-003
   2.2918000006508779        5.6817571154315540E-003
   2.2957000006493842        5.2650519061707467E-003
   2.2996000006478909        4.8645205248798633E-003
   2.3035000006463977        4.4810010777218481E-003
   2.3074000006449040        4.1152646307898288E-003
   2.3113000006434108        3.7680002798897482E-003
   2.3152000006419176        3.4398014187904343E-003
   2.3191000006404243        3.1311535057461934E-003
   2.3230000006389311        2.8424235886177996E-003
   2.3269000006374374        2.5738518043401499E-003
   2.3308000006359442        2.3255450200693568E-003
   2.3347000006344509        2.0974727323971993E-003
   2.3386000006329573        1.8894652888757041E-003
   2.3425000006314640        1.7012144440522237E-003
   2.3464000006299708        1.5322762115283781E-003
   2.3503000006284775        1.3820759253900942E-003
   2.3542000006269843        1.2499153797645647E-003
   2.3581000006254906        1.1349818751627010E-003
   2.3620000006239974        1.0363589654294259E-003
   2.3659000006225042        9.5303867015056212E-004
   2.3698000006210105        8.8393489468310414E-004
   2.3737000006195172        8.2789778383906209E-004
   2.3776000006180240        7.8372872574288335E-004
   2.3815000006165308        7.5019571941301890E-004
   2.3854000006150375        7.2604882295057268E-004
   2.3893000006135439        7.1003540847064579E-004
   2.3932000006120506        7.0091496458283078E-004
   2.3971000006105574        6.9747320670894802E-004
   2.4010000006090637        6.9853527913107363E-004
   2.4049000006075705        7.0297785964247106E-004
   2.4088000006060772        7.0974000724313940E-004
   2.4127000006045840        7.1783262467926801E-004
   2.4166000006030908        7.2634643997665082E-004
   2.4205000006015971        7.3445844369116324E-004
   2.4244000006001039        7.4143675066695584E-004
   2.4283000005986106        7.4664388598402580E-004
   2.4322000005971169        7.4953852389102920E-004
   2.4361000005956237        7.4967573533606460E-004
   2.4400000005941305        7.4670582379496862E-004
   2.4439000005926372        7.4037185011179094E-004
   2.4478000005911440        7.3050596476239053E-004
   2.4517000005896503        7.1702468017394909E-004
   2.4556000005881571        6.9992322641636024E-004
   2.4595000005866638        6.7926914074419335E-004
   2.4634000005851702        6.5519524520878526E-004
   2.4673000005836769        6.2789216704464267E-004
   2.4712000005821837        5.9760055399055026E-004
   2.4751000005806905        5.6460313141017365E-004
   2.4790000005791972        5.2921674034639443E-004
   2.4829000005777035        4.9178448582374982E-004
   2.4868000005762103        4.5266811316809879E-004
   2.4907000005747171        4.1224071721477127E-004
   2.4946000005732234        3.7087987539750780E-004
   2.4985000005717302        3.2896128121259315E-004
   2.5024000005702369        2.8685293978104062E-004
   2.5063000005687437        2.4490997250805252E-004
   2.5102000005672505        2.0347006345623628E-004
   2.5141000005657572        1.6284956626712768E-004
   2.5180000005642640        1.2334027750851296E-004
   2.5219000005627707        8.5206870379234516E-005
   2.5258000005612775        4.8684971916557391E-005
   2.5297000005597843        1.3979857333364162E-005
   2.5336000005582910       -1.8734273063738298E-005
   2.5375000005567978       -4.9314475721533979E-005
   2.5414000005553046       -7.7648751211922067E-005
   2.5453000005538113       -1.0365528794155432E-004
   2.5492000005523181       -1.2728131575796486E-004
   2.5531000005508249       -1.4850162452043444E-004
   2.5570000005493316       -1.6731680306927539E-004
   2.5609000005478384       -1.8375125335467725E-004
   2.5648000005463452       -1.9785103289226771E-004
   2.5687000005448519       -2.0968157632121433E-004
   2.5726000005433587       -2.1932534377924480E-004
   2.5765000005418655       -2.2687944020551121E-004
   2.5804000005403722       -2.3245324566206047E-004
   2.5843000005388790       -2.3616609244855500E-004
   2.5882000005373857       -2.3814502028657127E-004
   2.5921000005358925       -2.3852263627411038E-004
   2.5960000005343993       -2.3743510175334079E-004
   2.5999000005329060       -2.3502026377898862E-004
   2.6038000005314128       -2.3141594459409937E-004
   2.6077000005299196       -2.2675839847532340E-004
   2.6116000005284263       -2.2118094155058061E-004
   2.6155000005269331       -2.1481275675618231E-004
   2.6194000005254399       -2.0777787301536215E-004
   2.6233000005239466       -2.0019431500273811E-004
   2.6272000005224534       -1.9217341751723069E-004
   2.6311000005209602       -1.8381929651892456E-004
   2.6350000005194669       -1.7522846728510404E-004
   2.6389000005179737       -1.6648959889328631E-004
   2.6428000005164805       -1.5768339332493882E-004
   2.6467000005149872       -1.4888257687912447E-004
   2.6506000005134940       -1.4015199126400505E-004
   2.6545000005120007       -1.3154877166671178E-004
   2.6584000005105075       -1.2312259925875113E-004
   2.6623000005090143       -1.1491601594356229E-004
   2.6662000005075210       -1.0696478966492353E-004
   2.6701000005060278       -9.9298319239453107E-005
   2.6740000005045346       -9.1940068425124376E-005
   2.6779000005030413       -8.4908019763555614E-005
   2.6818000005015481       -7.8215139612079908E-005
   2.6857000005000549       -7.1869846689698929E-005
   2.6896000004985616       -6.5876477378847421E-005
   2.6935000004970684       -6.0235741934762998E-005
   2.6974000004955752       -5.4945166641180980E-005
   2.7013000004940819       -4.9999517802255995E-005
   2.7052000004925887       -4.5391204266019368E-005
   2.7091000004910955       -4.1110655926164489E-005
   2.7130000004896022       -3.7146676340778210E-005
   2.7169000004881090       -3.3486768234860646E-005
   2.7208000004866157       -3.0117431215890703E-005
   2.7247000004851225       -2.7024431527690243E-005
   2.7286000004836293       -2.4193044098106545E-005
   2.7325000004821360       -2.1608267502346175E-005
   2.7364000004806428       -1.9255012768953637E-005
   2.7403000004791496       -1.7118267202843095E-005
   2.7442000004776563       -1.5183234593561465E-005
   2.7481000004761631       -1.3435453321484218E-005
   2.7520000004746699       -1.1860893974625196E-005
   2.7559000004731766       -1.0446038148998227E-005
   2.7598000004716834       -9.1779401308166968E-006
   2.7637000004701902       -8.0442731540013841E-006
   2.7676000004686969       -7.0333618960731838E-006
   2.7715000004672037       -6.1342028238642856E-006
   2.7754000004657104       -5.3364739316845814E-006
   2.7793000004642172       -4.6305353323701490E-006
   2.7832000004627240       -4.0074220694480790E-006
   2.7871000004612307       -3.4588304195501222E-006
   2.7910000004597375       -2.9770988509056300E-006
   2.7949000004582443       -2.5551846986193470E-006
   2.7988000004567510       -2.1866375125129332E-006
   2.8027000004552578       -1.8655699302818891E-006
   2.8066000004537646       -1.5866268289950211E-006
   2.8105000004522713       -1.3449534126515579E-006
   2.8144000004507781       -1.1361628034704706E-006
   2.8183000004492849       -9.5630362044470697E-007
   2.8222000004477916       -8.0182795086622116E-007
   2.8261000004462984       -6.6956004925814953E-007
   2.8300000004448052       -5.5666603352289189E-007
   2.8339000004433119       -4.6062479008222849E-007
   2.8378000004418187       -3.7920024819795701E-007
   2.8417000004403254       -3.1041513827569682E-007
   2.8456000004388322       -2.5252630946543137E-007
   2.8495000004373390       -2.0400164792058277E-007
   2.8534000004358457       -1.6349860827039587E-007
   2.8573000004343525       -1.2984434678290482E-007
   2.8612000004328593       -1.0201742492231920E-007
   2.8651000004313660       -7.9131036109313288E-008
   2.8690000004298728       -6.0417696056248058E-008
   2.8729000004283796       -4.5215327666847466E-008
   2.8768000004268863       -3.2954664774695167E-008
   2.8807000004253931       -2.3147894583167453E-008
   2.8846000004238999       -1.5378456222360350E-008
   2.8885000004224066       -9.2919120442659781E-009
   2.8924000004209134       -4.5878088517731325E-009
   2.8963000004194202       -1.0124479438135978E-009
   2.9002000004179269        1.6475145706076348E-009
   2.9041000004164337        3.5707124846445967E-009
   2.9080000004149404        4.9060307701063173E-009
   2.9119000004134472        5.7769508466096789E-009
   2.9158000004119540        6.2853429401140881E-009
   2.9197000004104607        6.5147641836307318E-009
   2.9236000004089675        6.5333166479202360E-009
   2.9275000004074743        6.3961150783422751E-009
   2.9314000004059810        6.1474098151286209E-009
   2.9353000004044878        5.8224062344490256E-009
   2.9392000004029946        5.4488181014312347E-009
   2.9431000004015013        5.0481884985822278E-009
   2.9470000004000081        4.6370085001404468E-009
   2.9509000003985149        4.2276605139857183E-009
   2.9548000003970216        3.8292102111284520E-009
   2.9587000003955284        3.4480682070037588E-009
   2.9626000003940351        3.0885401434502799E-009
   2.9665000003925419        2.7532815370466923E-009
   2.9704000003910487        2.4436716978311579E-009
   2.9743000003895554        2.1601191701684305E-009
   2.9782000003880622        1.9023094914118226E-009
   2.9821000003865690        1.6694045901649400E-009
   2.9860000003850757        1.4602018402814163E-009
   2.9899000003835825        1.2732596351918035E-009
   2.9938000003820893        1.1069953359659218E-009
   2.9977000003805960        9.5976056242770149E-010
   3.0016000003791028        8.2989802698265173E-010
   3.0055000003776096        7.1578344365359680E-010
   3.0094000003761163        6.1585546898618166E-010
   3.0133000003746231        5.2863613663557884E-010
   3.0172000003731299        4.5274382406160248E-010
   3.0211000003716366        3.8690042914748851E-010
   3.0250000003701434        3.2993412882501228E-010
   3.0289000003686501        2.8077883381992539E-010
   3.0328000003671569        2.3847123704103045E-010
   3.0367000003656637        2.0214617223195034E-010
   3.0406000003641704        1.7103084923453369E-010
   3.0445000003626772        1.4443840811962702E-010
   3.0484000003611840        1.2176113260928512E-010
   3.0523000003596907        1.0246358022296612E-010
   3.0562000003581975        8.6075819453775450E-011
   3.0601000003567043        7.2186910443932595E-011
   3.0640000003552110        6.0438722863362422E-011
   3.0679000003537178        5.0520151100444749E-011
   3.0718000003522246        4.2161760827555662E-011
   3.0757000003507313        3.5130881129740090E-011
   3.0796000003492381        2.9227141520290702E-011
   3.0835000003477449        2.4278442335834771E-011
   3.0874000003462516        2.0137339390222670E-011
   3.0913000003447584        1.6677818693728270E-011
   3.0952000003432651        1.3792433952677792E-011
   3.0991000003417719        1.1389777996215754E-011
   3.1030000003402787        9.3922588581900343E-012
   3.1069000003387854        7.7341516716163259E-012
   3.1108000003372922        6.3598985694175584E-012
   3.1147000003357990        5.2226302367190842E-012
   3.1186000003343057        4.2828844769150029E-012
   3.1225000003328125        3.5074990199806753E-012
   3.1264000003313193        2.8686577289065260E-012
   3.1303000003298260        2.3430712829204333E-012
   3.1342000003283328        1.9112752867162803E-012
   3.1381000003268396        1.5570305399409932E-012
   3.1420000003253463        1.2668118787465732E-012
   3.1459000003238531        1.0293735581230424E-012
   3.1498000003223598        8.3538057354890685E-013
   3.1537000003208666        6.7709662182628670E-013
   3.1576000003193734        5.4812057611664932E-013
   3.1615000003178801        4.4316440407907930E-013
   3.1654000003163869        3.5786639733277051E-013
   3.1693000003148937        2.8863441302040397E-013
   3.1732000003134004        2.3251456243950398E-013
   3.1771000003119072        1.8708142614802108E-013
   3.1810000003104140        1.5034643817999977E-013
   3.1849000003089207        1.2068157229380746E-013
   3.1888000003074275        9.6755888370959775E-014
   3.1927000003059343        7.7482864533660783E-014
   3.1966000003044410        6.1976757043042032E-014
   3.2005000003029478        4.9516501786676908E-014
   3.2044000003014546        3.9515903791697003E-014
   3.2083000002999613        3.1499059771389407E-014
   3.2122000002984681        2.5080127750668906E-014
   3.2161000002969748        1.9946701334320312E-014
   3.2200000002954816        1.5846167726023375E-014
   3.2239000002939884        1.2574531289706309E-014
   3.2278000002924951        9.9672709899856835E-015
   3.2317000002910019        7.8918728254598314E-015
   3.2356000002895087        6.2417394322796949E-015
   3.2395000002880154        4.9312301608540542E-015
   3.2434000002865222        3.8916276436421394E-015
   3.2473000002850290        3.0678624875261713E-015
   3.2512000002835357        2.4158573611482121E-015
   3.2551000002820425        1.9003763615401383E-015
   3.2590000002805493        1.4932859478112928E-015
   3.2629000002790560        1.1721506113866516E-015
   3.2668000002775628        9.1910039469763673E-016
   3.2707000002760696        7.1991886450334400E-016
   3.2746000002745763        5.6330960539686956E-016
   3.2785000002730831        4.4030707035821112E-016
   3.2824000002715898        3.4380399887510521E-016
   3.2863000002700966        2.6817283181533668E-016
   3.2902000002686034        2.0896281818723416E-016
   3.2941000002671101        1.6265799045870519E-016
   3.2980000002656169        1.2648402193144529E-016
   3.3019000002641237        9.8254287542493372E-017
   3.3058000002626304        7.6247324108536673E-017
   3.3097000002611372        5.9109406437124509E-017
   3.3136000002596440        4.5777186978263621E-017
   3.3175000002581507        3.5416342286507791E-017
   3.3214000002566575        2.7372973423835921E-017
   3.3253000002551643        2.1135155537139378E-017
   3.3292000002536710        1.6302553617944337E-017
   3.3331000002521778        1.2562440921895352E-017
   3.3370000002506846        9.6707932746512408E-018
   3.3409000002491913        7.4374024546803922E-018
   3.3448000002476981        5.7141679679637179E-018
   3.3487000002462048        4.3858993152844367E-018
   3.3526000002447116        3.3630988029012870E-018
   3.3565000002432184        2.5763049372395223E-018
   3.3604000002417251        1.9716640241161657E-018
   3.3643000002402319        1.5074672368060811E-018
   3.3682000002387387        1.1514457257239035E-018
   3.3721000002372454        8.7866020936936696E-019
   3.3760000002357522        6.6985623356672539E-019
   3.3799000002342590        5.1018377460789447E-019
   3.3838000002327657        3.8820158049399245E-019
   3.3877000002312725        2.9510378262028525E-019
   3.3916000002297793        2.2411981708368465E-019
   3.3955000002282860        1.7004932652973812E-019
   3.3994000002267928        1.2890207179391502E-019
   3.4033000002252995        9.7619445617392363E-020
   3.4072000002238063        7.3859327792609112E-020
   3.4111000002223131        5.5830052834288861E-020
   3.4150000002208198        4.2162415576810077E-020
   3.4189000002193266        3.1811104987293168E-020
   3.4228000002178334        2.3978880357020958E-020
   3.4267000002163401        1.8058303872165180E-020
   3.4306000002148469        1.3587011461143557E-020
   3.4345000002133537        1.0213412178129591E-020
   3.4384000002118604        7.6704120683673818E-021
   3.4423000002103672        5.7553060627040780E-021
   3.4462000002088740        4.3144058938344346E-021
   3.4501000002073807        3.2313006395487415E-021
   3.4540000002058875        2.4179006284582247E-021
   3.4579000002043943        1.8076117523997833E-021
   3.4618000002029010        1.3501387033391135E-021
   3.4657000002014078        1.0075324010041243E-021
   3.4696000001999145        7.5118676181413141E-022
   3.4735000001984213        5.5955908519762749E-022
   3.4774000001969281        4.1644143610280643E-022
   3.4813000001954348        3.0965115188775249E-022
   3.4852000001939416        2.3003983765500343E-022
   3.4891000001924484        1.7074413165990358E-022
   3.4930000001909551        1.2661981660190515E-022
   3.4969000001894619        9.3814830566435188E-023
   3.5008000001879687        6.9447400085726376E-023
   3.5047000001864754        5.1363652050640341E-023
   3.5086000001849822        3.7955256557422380E-023
   3.5125000001834890        2.8022366415665280E-023
   3.5164000001819957        2.0670701592866951E-023
   3.5203000001805025        1.5234346905574334E-023
   3.5242000001790093        1.1217894296003862E-023
   3.5281000001775160        8.2531241325025995E-024
   3.5320000001760228        6.0666030685912964E-024
   3.5359000001745295        4.4554705514306516E-024
   3.5398000001730363        3.2693617655568141E-024
   3.5437000001715431        2.3969246580091136E-024
   3.5476000001700498        1.7557730265950516E-024
   3.5515000001685566        1.2850070744931771E-024
   3.5554000001670634        9.3965056175115876E-025
   3.5593000001655701        6.8651731276835734E-025
   3.5632000001640769        5.0114268749227053E-025
   3.5671000001625837        3.6550776411015709E-025
   3.5710000001610904        2.6635302006574228E-025
   3.5749000001595972        1.9392997684097212E-025
   3.5788000001581040        1.4107791935710665E-025
   3.5827000001566107        1.0254167156606362E-025
   3.5866000001551175        7.4467957012109819E-026
   3.5905000001536242        5.4033938843192563E-026
   3.5944000001521310        3.9173500735577356E-026
   3.5983000001506378        2.8375735474834178E-026
   3.6022000001491445        2.0536728414653953E-026
   3.6061000001476513        1.4850640161828408E-026
   3.6100000001461581        1.0729741340181447E-026
   3.6139000001446648        7.7457568730794835E-027
   3.6178000001431716        5.5868801769885702E-027
   3.6217000001416784        4.0262995806999673E-027
   3.6256000001401851        2.8991746678848596E-027
   3.6295000001386919        2.0858091385146010E-027
   3.6334000001371987        1.4993635580790541E-027
   3.6373000001357054        1.0768912234281132E-027
   3.6412000001342122        7.7280427289550345E-028
   3.6451000001327190        5.5411545272819594E-028
   3.6490000001312257        3.9697608717745008E-028
   3.6529000001297325        2.8415940080721994E-028
   3.6568000001282392        2.0323268469117742E-028
   3.6607000001267460        1.4523094467345540E-028
   3.6646000001252528        1.0369530197028113E-028
   3.6685000001237595        7.3976457008760745E-029
   3.6724000001222663        5.2730599871576438E-029
   3.6763000001207731        3.7554919310720184E-029
   3.6802000001192798        2.6724284199578689E-029
   3.6841000001177866        1.9001182904174491E-029
   3.6880000001162934        1.3498660547550096E-029
   3.6919000001148001        9.5815629825916600E-030
   3.6958000001133069        6.7954440525310593E-030
   3.6997000001118137        4.8154321826067196E-030
   3.7036000001103204        3.4094850204261885E-030
   3.7075000001088272        2.4120067546204762E-030
   3.7114000001073340        1.7049223073249193E-030
   3.7153000001058407        1.2041126609091893E-030
   3.7192000001043475        8.4970117223136631E-031
   3.7231000001028542        5.9910366708224416E-031
   3.7270000001013610        4.2206029550608321E-031
   3.7309000000998678        2.9708714979459620E-031
   3.7348000000983745        2.0894412506019725E-031
   3.7387000000968813        1.4682954900808543E-031
   3.7426000000953881        1.0309410592108165E-031
   3.7465000000938948        7.2325482877732023E-032
   3.7504000000924016        5.0697440833900206E-032
   3.7543000000909084        3.5507326428227010E-032
   3.7582000000894151        2.4847757167063260E-032
   3.7621000000879219        1.7373756923651411E-032
   3.7660000000864287        1.2137734907379472E-032
   3.7699000000849354        8.4726437346274922E-033
   3.7738000000834422        5.9093220246704028E-033
   3.7777000000819490        4.1180707586559339E-033
   3.7816000000804557        2.8673942056230382E-033
   3.7855000000789625        1.9948877570765638E-033
   3.7894000000774692        1.3867143105702593E-033
   3.7933000000759760        9.6314794906548455E-034
   3.7972000000744828        6.6840006794689779E-034
   3.8011000000729895        4.6346552798573253E-034
   3.8050000000714963        3.2109670812049925E-034
   3.8089000000700031        2.2227556488621320E-034
   3.8128000000685098        1.5373934707077704E-034
   3.8167000000670166        1.0624677733204634E-034
   3.8206000000655234        7.3364152425012609E-035
   3.8245000000640301        5.0616187042641872E-035
   3.8284000000625369        3.4892517674936045E-035
   3.8323000000610437        2.4033250909494319E-035
   3.8362000000595504        1.6539791775019563E-035
   3.8401000000580572        1.1373256347434990E-035
   3.8440000000565639        7.8140621055978717E-036
   3.8479000000550707        5.3642139980201953E-036
   3.8518000000535775        3.6793618525407170E-036
   3.8557000000520842        2.5215990925113965E-036
   3.8596000000505910        1.7266991319651470E-036
   3.8635000000490978        1.1813928944299992E-036
   3.8674000000476045        8.0762368931641020E-037
   3.8713000000461113        5.5164630365552072E-037
   3.8752000000446181        3.7648640704220155E-037
   3.8791000000431248        2.5672890562688654E-037
   3.8830000000416316        1.7491903544299246E-037
   3.8869000000401384        1.1907927121026060E-037
   3.8908000000386451        8.0997572976036939E-038
   3.8947000000371519        5.5048379723129408E-038
   3.8986000000356587        3.7381241884170933E-038
   3.9025000000341654        2.5362935263188462E-038
   3.9064000000326722        1.7194195344683001E-038
   3.9103000000311789        1.1646641512121036E-038
   3.9142000000296857        7.8823555402050972E-039
   3.9181000000281925        5.3302520514708396E-039
   3.9220000000266992        3.6014371342698692E-039
   3.9259000000252060        2.4313095175515334E-039
   3.9298000000237128        1.6399890005825846E-039
   3.9337000000222195        1.1052940887691571E-039
   3.9376000000207263        7.4430500768256597E-040
   3.9415000000192331        5.0079521521178465E-040
   3.9454000000177398        3.3667083217832402E-040
   3.9493000000162466        2.2614493333956725E-040
   3.9532000000147534        1.5177639609229043E-040
   3.9571000000132601        1.0177885785135477E-040
   3.9610000000117669        6.8194104423106317E-041
   3.9649000000102737        4.5653278131347031E-041
   3.9688000000087804        3.0537462364457827E-041
   3.9727000000072872        2.0409375830421444E-041
   3.9766000000057939        1.3628945807142470E-041
   3.9805000000043007        9.0934887203582599E-042
   3.9844000000028075        6.0622590509836650E-042
   3.9883000000013142        4.0380724285755154E-042
   3.9921999999998210        2.6875053663097387E-042
   3.9960999999983278        1.7871465428002363E-042
