  0.10000000149011612       -1.5640352615410447E-006
  0.10390000148862288       -1.8141663182477816E-006
  0.10780000148712965       -2.1014980163151976E-006
  0.11170000148563641       -2.4310790535672059E-006
  0.11560000148414318       -2.8085633310333902E-006
  0.11950000148264994       -3.2402698254101505E-006
  0.12340000148115671       -3.7332464307023142E-006
  0.12730000147966347       -4.2953377219156080E-006
  0.13120000147817024       -4.9352565297309794E-006
  0.13510000147667700       -5.6626591406793878E-006
  0.13900000147518377       -6.4882238517101408E-006
  0.14290000147369053       -7.4237325105344949E-006
  0.14680000147219729       -8.4821545631508298E-006
  0.15070000147070406       -9.6777330070592225E-006
  0.15460000146921082       -1.1026071512537432E-005
  0.15850000146771759       -1.2544221824869341E-005
  0.16240000146622435       -1.4250770397670531E-005
  0.16630000146473112       -1.6165923031825528E-005
  0.17020000146323788       -1.8311586106677448E-005
  0.17410000146174465       -2.0711442790996644E-005
  0.17800000146025141       -2.3391022412273365E-005
  0.18190000145875818       -2.6377760945799761E-005
  0.18580000145726494       -2.9701050362061180E-005
  0.18970000145577171       -3.3392274344851769E-005
  0.19360000145427847       -3.7484827666429813E-005
  0.19750000145278523       -4.2014116283652793E-005
  0.20140000145129200       -4.7017535004596262E-005
  0.20530000144979876       -5.2534419373331996E-005
  0.20920000144830553       -5.8605968236591576E-005
  0.21310000144681229       -6.5275133295510752E-005
  0.21700000144531906       -7.2586471814634182E-005
  0.22090000144382582       -8.0585958565189750E-005
  0.22480000144233259       -8.9320753026785613E-005
  0.22870000144083935       -9.8838917867926160E-005
  0.23260000143934612       -1.0918908477755890E-004
  0.23650000143785288       -1.2042006383371983E-004
  0.24040000143635964       -1.3258039277726379E-004
  0.24430000143486641       -1.4571782281393785E-004
  0.24820000143337317       -1.5987873790145385E-004
  0.25210000143187994       -1.7510750489299341E-004
  0.25600000143038670       -1.9144575240717573E-004
  0.25990000142889347       -2.0893157687730559E-004
  0.26380000142740023       -2.2759867489870739E-004
  0.26770000142590700       -2.4747540173845287E-004
  0.27160000142441376       -2.6858375669171496E-004
  0.27550000142292053       -2.9093829685433178E-004
  0.27940000142142729       -3.1454498182211898E-004
  0.28330000141993406       -3.3939995280926085E-004
  0.28720000141844082       -3.6548825068505591E-004
  0.29110000141694758       -3.9278247844059811E-004
  0.29500000141545435       -4.2124141459263441E-004
  0.29890000141396111       -4.5080858498643643E-004
  0.30280000141246788       -4.8141080134608117E-004
  0.30670000141097464       -5.1295667571086927E-004
  0.31060000140948141       -5.4533512056118862E-004
  0.31450000140798817       -5.7841384494561950E-004
  0.31840000140649494       -6.1203785724480136E-004
  0.32230000140500170       -6.4602798531789452E-004
  0.32620000140350847       -6.8017942464916202E-004
  0.33010000140201523       -7.1426032472444827E-004
  0.33400000140052200       -7.4801042320264330E-004
  0.33790000139902876       -7.8113973649679923E-004
  0.34180000139753552       -8.1332731414173159E-004
  0.34570000139604229       -8.4422006280632331E-004
  0.34960000139454905       -8.7343164402950684E-004
  0.35350000139305582       -9.0054144774834170E-004
  0.35740000139156258       -9.2509364148894583E-004
  0.36130000139006935       -9.4659629276477788E-004
  0.36520000138857611       -9.6452055984291168E-004
  0.36910000138708288       -9.7829994368592711E-004
  0.37300000138558964       -9.8732959165598170E-004
  0.37690000138409641       -9.9096564159343844E-004
  0.38080000138260317       -9.8852459328337009E-004
  0.38470000138110994       -9.7928269323656510E-004
  0.38860000137961670       -9.6247531828320694E-004
  0.39250000137812346       -9.3729634385583932E-004
  0.39640000137663023       -9.0289748417433945E-004
  0.40030000137513699       -8.5838759398223976E-004
  0.40420000137364376       -8.0283192515648988E-004
  0.40810000137215052       -7.3525133653816856E-004
  0.41200000137065729       -6.5462146180404474E-004
  0.41590000136916405       -5.5987184818235408E-004
  0.41980000136767082       -4.4988508833653228E-004
  0.42370000136617758       -3.2349597877937914E-004
  0.42760000136468435       -1.7949075066638661E-004
  0.43150000136319111       -1.6606432621702320E-005
  0.43540000136169787        1.6646957982100160E-004
  0.43930000136020464        3.7109965778923715E-004
  0.44320000135871140        5.9869566896316438E-004
  0.44710000135721817        8.5071818066176678E-004
  0.45100000135572493        1.1286749969276586E-003
  0.45490000135423170        1.4341188752618895E-003
  0.45880000135273846        1.7686442550427649E-003
  0.46270000135124523        2.1338828182544704E-003
  0.46660000134975199        2.5314976946699376E-003
  0.47050000134825876        2.9631761188257141E-003
  0.47440000134676552        3.4306203457544196E-003
  0.47830000134527229        3.9355366372511068E-003
  0.48220000134377905        4.4796221411606474E-003
  0.48610000134228581        5.0645495034380445E-003
  0.49000000134079258        5.6919490771193647E-003
  0.49390000133929934        6.3633886242935008E-003
  0.49780000133780611        7.0803504469817043E-003
  0.50170000133631276        7.8442059306262982E-003
  0.50560000133481942        8.6561875395680301E-003
  0.50950000133332607        9.5173583671198398E-003
  0.51340000133183272        1.0428579413027845E-002
  0.51730000133033938        1.1390474837374622E-002
  0.52120000132884603        1.2403395521156770E-002
  0.52510000132735268        1.3467381348390617E-002
  0.52900000132585934        1.4582122710910179E-002
  0.53290000132436599        1.5746921822965360E-002
  0.53680000132287264        1.6960654516016225E-002
  0.54070000132137930        1.8221733262205306E-002
  0.54460000131988595        1.9528072245178170E-002
  0.54850000131839260        2.0877055356371924E-002
  0.55240000131689926        2.2265508040719025E-002
  0.55630000131540591        2.3689673945056767E-002
  0.56020000131391257        2.5145197332642352E-002
  0.56410000131241922        2.6627112215501417E-002
  0.56800000131092587        2.8129839120667955E-002
  0.57190000130943253        2.9647190344852217E-002
  0.57580000130793918        3.1172384463440034E-002
  0.57970000130644583        3.2698070743245655E-002
  0.58360000130495249        3.4216363964165407E-002
  0.58750000130345914        3.5718889983595292E-002
  0.59140000130196579        3.7196842180852729E-002
  0.59530000130047245        3.8641048699451765E-002
  0.59920000129897910        4.0042050166394415E-002
  0.60310000129748575        4.1390187314091047E-002
  0.60700000129599241        4.2675697667411777E-002
  0.61090000129449906        4.3888820191816953E-002
  0.61480000129300572        4.5019906535414198E-002
  0.61870000129151237        4.6059537245587881E-002
  0.62260000129001902        4.6998641107457426E-002
  0.62650000128852568        4.7828615545007058E-002
  0.63040000128703233        4.8541445854443144E-002
  0.63430000128553898        4.9129820911144151E-002
  0.63820000128404564        4.9587242913900612E-002
  0.64210000128255229        4.9908128709698144E-002
  0.64600000128105894        5.0087900284687771E-002
  0.64990000127956560        5.0123062116522357E-002
  0.65380000127807225        5.0011263262598957E-002
  0.65770000127657890        4.9751342308839028E-002
  0.66160000127508556        4.9343353623258875E-002
  0.66550000127359221        4.8788573744424538E-002
  0.66940000127209887        4.8089487181268382E-002
  0.67330000127060552        4.7249751399733961E-002
  0.67720000126911217        4.6274141313019747E-002
  0.68110000126761883        4.5168474163379858E-002
  0.68500000126612548        4.3939516270064184E-002
  0.68890000126463213        4.2594873703898729E-002
  0.69280000126313879        4.1142869516666056E-002
  0.69670000126164544        3.9592410684445085E-002
  0.70060000126015209        3.7952848399473341E-002
  0.70450000125865875        3.6233835746174115E-002
  0.70840000125716540        3.4445187105690410E-002
  0.71230000125567206        3.2596743832916601E-002
  0.71620000125417871        3.0698250825923694E-002
  0.72010000125268536        2.8759248547764186E-002
  0.72400000125119202        2.6788984856094045E-002
  0.72790000124969867        2.4796350641747147E-002
  0.73180000124820532        2.2789842772496054E-002
  0.73570000124671198        2.0777557186445902E-002
  0.73960000124521863        1.8767214189369670E-002
  0.74350000124372528        1.6766217095275530E-002
  0.74740000124223194        1.4781744327948982E-002
  0.75130000124073859        1.2820873996143026E-002
  0.75520000123924524        1.0890738793806339E-002
  0.75910000123775190        8.9987078902876976E-003
  0.76300000123625855        7.1525912979270509E-003
  0.76690000123476521        5.3608610721019769E-003
  0.77080000123327186        3.6328826491221732E-003
  0.77470000123177851        1.9791486979253686E-003
  0.77860000123028517        4.1150708884676981E-004
  0.78250000122879182       -1.0566259989505354E-003
  0.78640000122729847       -2.4100771697225312E-003
  0.79030000122580513       -3.6317605534950167E-003
  0.79420000122431178       -4.7025654928796491E-003
  0.79810000122281843       -5.6012960309492757E-003
  0.80200000122132509       -6.3046703313227393E-003
  0.80590000121983174       -6.7873871507394285E-003
  0.80980000121833839       -7.0222651989572133E-003
  0.81370000121684505       -6.9804596804061373E-003
  0.81760000121535170       -6.6317585449145872E-003
  0.82150000121385836       -5.9449590174640568E-003
  0.82540000121236501       -4.8883228733076992E-003
  0.82930000121087166       -3.4301067254504979E-003
  0.83320000120937832       -1.5391613523013711E-003
  0.83710000120788497        8.1440812598892012E-004
  0.84100000120639162        3.6585315514198425E-003
  0.84490000120489828        7.0184248343098995E-003
  0.84880000120340493        1.0915816971606760E-002
  0.85270000120191158        1.5368168611995674E-002
  0.85660000120041824        2.0387899011678805E-002
  0.86050000119892489        2.5981639072717840E-002
  0.86440000119743154        3.2149528605537839E-002
  0.86830000119593820        3.8884575981369199E-002
  0.87220000119444485        4.6172097922820295E-002
  0.87610000119295151        5.3989256316969679E-002
  0.88000000119145816        6.2304707633060105E-002
  0.88390000118996481        7.1078378806048947E-002
  0.88780000118847147        8.0261381339751067E-002
  0.89170000118697812        8.9796072932151499E-002
  0.89560000118548477        9.9616273183718476E-002
  0.89950000118399143       0.10964763697896940     
  0.90340000118249808       0.11980818600073191     
  0.90730000118100473       0.13000899561910639     
  0.91120000117951139       0.14015503116945463     
  0.91510000117801804       0.15014612447280515     
  0.91900000117652469       0.15987807843320687     
  0.92290000117503135       0.16924388474121235     
  0.92680000117353800       0.17813503718639984     
  0.93070000117204466       0.18644292089239795     
  0.93460000117055131       0.19406025598367113     
  0.93850000116905796       0.20088257281214866     
  0.94240000116756462       0.20680969493997298     
  0.94630000116607127       0.21174720560646684     
  0.95020000116457792       0.21560787340522544     
  0.95410000116308458       0.21831301335146694     
  0.95800000116159123       0.21979376041004420     
  0.96190000116009788       0.21999223385033911     
  0.96580000115860454       0.21886257245670190     
  0.96970000115711119       0.21637182260619323     
  0.97360000115561784       0.21250066347805685     
  0.97750000115412450       0.20724395612721414     
  0.98140000115263115       0.20061110578142585     
  0.98530000115113781       0.19262622945330879     
  0.98920000114964446       0.18332812374114371     
  0.99310000114815111       0.17277003047696796     
  0.99700000114665777       0.16101920062251115     
   1.0009000011451645       0.14815625947464015     
   1.0048000011436713       0.13427437879031892     
   1.0087000011421778       0.11947826385161334     
   1.0126000011406846       0.10388296574580204     
   1.0165000011391914        8.7612531222379594E-002
   1.0204000011376979        7.0798504401579490E-002
   1.0243000011362047        5.3578296346802369E-002
   1.0282000011347114        3.6093440078394649E-002
   1.0321000011332182        1.8487750003611428E-002
   1.0360000011317250        9.0540597338107482E-004
   1.0399000011302315       -1.6511016743300730E-002
   1.0438000011287383       -3.3622549347083176E-002
   1.0477000011272450       -5.0295840256769808E-002
   1.0516000011257516       -6.6405151085391315E-002
   1.0555000011242583       -8.1834313732284281E-002
   1.0594000011227651       -9.6478624163512355E-002
   1.0633000011212719      -0.11024664831176148     
   1.0672000011197786      -0.12306191557704091     
   1.0711000011182852      -0.13486447567095147     
   1.0750000011167919      -0.14561229504215381     
   1.0789000011152987      -0.15528246987262886     
   1.0828000011138053      -0.16387223366716580     
   1.0867000011123120      -0.17139973879488693     
   1.0906000011108188      -0.17790459300153089     
   1.0945000011093255      -0.18344813391073994     
   1.0984000011078323      -0.18811342688237337     
   1.1023000011063389      -0.19200497430000515     
   1.1062000011048456      -0.19524812741463624     
   1.1101000011033524      -0.19798819526514011     
   1.1140000011018589      -0.20038924890670945     
   1.1179000011003657      -0.20263262317575115     
   1.1218000010988725      -0.20491512246275537     
   1.1257000010973792      -0.20744694140368580     
   1.1296000010958860      -0.21044931597645938     
   1.1335000010943925      -0.21415192513479492     
   1.1374000010928993      -0.21879006775255602     
   1.1413000010914061      -0.22460164420679965     
   1.1452000010899126      -0.23182397631144105     
   1.1491000010884194      -0.24069050343659057     
   1.1530000010869261      -0.25142739642044848     
   1.1569000010854329      -0.26425013421014054     
   1.1608000010839397      -0.27936009096595649     
   1.1647000010824462      -0.29694118354447369     
   1.1686000010809530      -0.31715663075993900     
   1.1725000010794597      -0.34014587653735240     
   1.1764000010779663      -0.36602172895154733     
   1.1803000010764730      -0.39486776614210928     
   1.1842000010749798      -0.42673605816505900     
   1.1881000010734866      -0.46164525096480852     
   1.1920000010719933      -0.49957905481622589     
   1.1959000010704999      -0.54048517480736369     
   1.1998000010690066      -0.58427471523839658     
   1.2037000010675134      -0.63082208325205835     
   1.2076000010660199      -0.67996540965724483     
   1.2115000010645267      -0.73150749685374938     
   1.2154000010630335      -0.78521729512737415     
   1.2193000010615402      -0.84083189949672177     
   1.2232000010600470      -0.89805904991135133     
   1.2271000010585535      -0.95658010809887872     
   1.2310000010570603       -1.0160534749245382     
   1.2349000010555671       -1.0761184029610407     
   1.2388000010540736       -1.1363991502775852     
   1.2427000010525804       -1.1965094134564411     
   1.2466000010510871       -1.2560569707434650     
   1.2505000010495939       -1.3146484602380377     
   1.2544000010481005       -1.3718942133173837     
   1.2583000010466072       -1.4274130602401129     
   1.2622000010451138       -1.4808370232285932     
   1.2661000010436205       -1.5318158124028387     
   1.2700000010421273       -1.5800210418067160     
   1.2739000010406338       -1.6251500864663493     
   1.2778000010391406       -1.6669295069415346     
   1.2817000010376474       -1.7051179751176142     
   1.2856000010361539       -1.7395086439329102     
   1.2895000010346607       -1.7699309141925548     
   1.2934000010331674       -1.7962515633841809     
   1.2973000010316740       -1.8183752142422511     
   1.3012000010301807       -1.8362441344256035     
   1.3051000010286873       -1.8498373727653386     
   1.3090000010271940       -1.8591692517724745     
   1.3129000010257008       -1.8642872501162970     
   1.3168000010242074       -1.8652693222409282     
   1.3207000010227141       -1.8622207148294512     
   1.3246000010212207       -1.8552703511194339     
   1.3285000010197274       -1.8445668638143298     
   1.3324000010182342       -1.8302743652523816     
   1.3363000010167407       -1.8125680493643654     
   1.3402000010152475       -1.7916297236029608     
   1.3441000010137543       -1.7676433703488024     
   1.3480000010122608       -1.7407908362439395     
   1.3519000010107676       -1.7112477444913918     
   1.3558000010092743       -1.6791797194747509     
   1.3597000010077809       -1.6447390052432449     
   1.3636000010062876       -1.6080615496841999     
   1.3675000010047942       -1.5692646148284344     
   1.3714000010033010       -1.5284449610120072     
   1.3753000010018077       -1.4856776388929243     
   1.3792000010003143       -1.4410154089609644     
   1.3831000009988210       -1.3944887935634029     
   1.3870000009973276       -1.3461067519801360     
   1.3909000009958343       -1.2958579550889646     
   1.3948000009943411       -1.2437126230137636     
   1.3987000009928476       -1.1896248771599647     
   1.4026000009913544       -1.1335355474870554     
   1.4065000009898612       -1.0753753669710129     
   1.4104000009883677       -1.0150684781403485     
   1.4143000009868745      -0.95253617143976854     
   1.4182000009853812      -0.88770077203757936     
   1.4221000009838878      -0.82048959054103299     
   1.4260000009823945      -0.75083885385638538     
   1.4299000009809011      -0.67869753501524333     
   1.4338000009794079      -0.60403100502945772     
   1.4377000009779146      -0.52682443554012059     
   1.4416000009764212      -0.44708588797082982     
   1.4455000009749279      -0.36484903284110493     
   1.4494000009734347      -0.28017545159254564     
   1.4533000009719412      -0.19315648247722428     
   1.4572000009704480      -0.10391458151167320     
   1.4611000009689548       -1.2604178982404075E-002
   1.4650000009674613        8.0587978706719521E-002
   1.4689000009659681       0.17544300310963862     
   1.4728000009644748       0.27171054656529880     
   1.4767000009629814       0.36910997880212126     
   1.4806000009614881       0.46733203525982170     
   1.4845000009599949       0.56604090876080226     
   1.4884000009585014       0.66487675066294361     
   1.4923000009570082       0.76345854293806137     
   1.4962000009555148       0.86138729873060682     
   1.5001000009540215       0.95824954582838739     
   1.5040000009525283        1.0536210450792598     
   1.5079000009510348        1.1470706940665172     
   1.5118000009495416        1.2381645652609008     
   1.5157000009480484        1.3264700273502308     
   1.5196000009465549        1.4115598984650870     
   1.5235000009450617        1.4930165805339903     
   1.5274000009435684        1.5704361249857575     
   1.5313000009420750        1.6434321814496997     
   1.5352000009405817        1.7116397829737493     
   1.5391000009390885        1.7747189235796570     
   1.5430000009375950        1.8323578867006007     
   1.5469000009361018        1.8842762861983284     
   1.5508000009346086        1.9302277852311505     
   1.5547000009331151        1.9700024622327486     
   1.5586000009316219        2.0034287976492999     
   1.5625000009301286        2.0303752598433755     
   1.5664000009286352        2.0507514736698083     
   1.5703000009271419        2.0645089606107172     
   1.5742000009256485        2.0716414449597633     
   1.5781000009241553        2.0721847262920932     
   1.5820000009226620        2.0662161242569481     
   1.5859000009211686        2.0538535074852904     
   1.5898000009196753        2.0352539240088903     
   1.5937000009181821        2.0106118559297221     
   1.5976000009166886        1.9801571260495578     
   1.6015000009151954        1.9441524886629349     
   1.6054000009137019        1.9028909406341736     
   1.6093000009122087        1.8566927921346230     
   1.6132000009107155        1.8059025389386170     
   1.6171000009092220        1.7508855799129921     
   1.6210000009077288        1.6920248242530653     
   1.6249000009062355        1.6297172331071050     
   1.6288000009047421        1.5643703395036583     
   1.6327000009032488        1.4963987889858084     
   1.6366000009017556        1.4262209411187263     
   1.6405000009002622        1.3542555691463258     
   1.6444000008987689        1.2809186916198971     
   1.6483000008972755        1.2066205659106588     
   1.6522000008957822        1.1317628692620900     
   1.6561000008942890        1.0567360885559705     
   1.6600000008927955       0.98191713537816272     
   1.6639000008913023       0.90766719839400423     
   1.6678000008898088       0.83432984058985260     
   1.6717000008883156       0.76222934470828241     
   1.6756000008868224       0.69166930628828671     
   1.6795000008853289       0.62293147019240314     
   1.6834000008838357       0.55627480341724955     
   1.6873000008823424       0.49193479438210741     
   1.6912000008808490       0.43012296679425044     
   1.6951000008793558       0.37102659460430526     
   1.6990000008778625       0.31480860347892281     
   1.7029000008763691       0.26160764360536531     
   1.7068000008748758       0.21153831846483592     
   1.7107000008733824       0.16469155441961594     
   1.7146000008718891       0.12113509649671343     
   1.7185000008703959        8.0914116555953680E-002
   1.7224000008689024        4.4051921038746542E-002
   1.7263000008674092        1.0550746640498694E-002
   1.7302000008659157       -1.9607366527979109E-002
   1.7341000008644225       -4.6459633485304921E-002
   1.7380000008629293       -7.0061522622750422E-002
   1.7419000008614358       -9.0485700517441689E-002
   1.7458000008599426      -0.10782092918785265     
   1.7497000008584493      -0.12217092081623694     
   1.7536000008569559      -0.13365315428846034     
   1.7575000008554627      -0.14239765741454244     
   1.7614000008539694      -0.14854575839849762     
   1.7653000008524762      -0.15224881002174542     
   1.7692000008509827      -0.15366689008164672     
   1.7731000008494895      -0.15296748187077169     
   1.7770000008479963      -0.15032413887350962     
   1.7809000008465028      -0.14591513837058004     
   1.7848000008450096      -0.13992212925163799     
   1.7887000008435163      -0.13252878001193782     
   1.7926000008420231      -0.12391943361984846     
   1.7965000008405299      -0.11427777665607673     
   1.8004000008390364      -0.10378553081112250     
   1.8043000008375432       -9.2621175453634672E-002
   1.8082000008360499       -8.0958710519461352E-002
   1.8121000008345565       -6.8966469391585045E-002
   1.8160000008330632       -5.6805991719802218E-002
   1.8199000008315700       -4.4630966243934068E-002
   1.8238000008300768       -3.2586253617279494E-002
   1.8277000008285835       -2.0806998963651839E-002
   1.8316000008270901       -9.4178434320293415E-003
   1.8355000008255968        1.4677566671680322E-003
   1.8394000008241036        1.1748095450408893E-002
   1.8433000008226101        2.1333661174729603E-002
   1.8472000008211169        3.0147452764714457E-002
   1.8511000008196237        3.8125165303518657E-002
   1.8550000008181304        4.5215242254441672E-002
   1.8589000008166372        5.1378793920607881E-002
   1.8628000008151437        5.6589383484251174E-002
   1.8667000008136505        6.0832683857553339E-002
   1.8706000008121573        6.4106010484312304E-002
   1.8745000008106638        6.6417737114027500E-002
   1.8784000008091706        6.7786603384199839E-002
   1.8823000008076773        6.8240924749591397E-002
   1.8862000008061841        6.7817716846977197E-002
   1.8901000008046909        6.6561747741040955E-002
   1.8940000008031974        6.4524532625755610E-002
   1.8979000008017042        6.1763286424859398E-002
   1.9018000008002109        5.8339850319862017E-002
   1.9057000007987175        5.4319608516106295E-002
   1.9096000007972243        4.9770411525947751E-002
   1.9135000007957310        4.4761521900285324E-002
   1.9174000007942378        3.9362597680761023E-002
   1.9213000007927445        3.3642727888431527E-002
   1.9252000007912511        2.7669533131868145E-002
   1.9291000007897579        2.1508342937035241E-002
   1.9330000007882646        1.5221459707962078E-002
   1.9369000007867712        8.8675173616741473E-003
   1.9408000007852779        2.5009406878508528E-003
   1.9447000007837847       -3.8284905890005037E-003
   1.9486000007822915       -1.0075971170138934E-002
   1.9525000007807982       -1.6201893175302632E-002
   1.9564000007793048       -2.2171964993826759E-002
   1.9603000007778115       -2.7957230124877889E-002
   1.9642000007763183       -3.3533991887928383E-002
   1.9681000007748248       -3.8883651444544906E-002
   1.9720000007733316       -4.3992467911555234E-002
   1.9759000007718384       -4.8851250439823489E-002
   1.9798000007703451       -5.3454992965463653E-002
   1.9837000007688519       -5.7802462901952859E-002
   1.9876000007673584       -6.1895755330236946E-002
   1.9915000007658652       -6.5739824264573782E-002
   1.9954000007643720       -6.9342002336291980E-002
   1.9993000007628785       -7.2711519763595051E-002
   2.0032000007613853       -7.5859032786034536E-002
   2.0071000007598920       -7.8796170864684434E-002
   2.0110000007583988       -8.1535110914128781E-002
   2.0149000007569051       -8.4088185673169849E-002
   2.0188000007554119       -8.6467532072112219E-002
   2.0227000007539186       -8.8684784150186338E-002
   2.0266000007524250       -9.0750813751216894E-002
   2.0305000007509317       -9.2675520911421352E-002
   2.0344000007494385       -9.4467674580477737E-002
   2.0383000007479453       -9.6134803112924438E-002
   2.0422000007464520       -9.7683132855365493E-002
   2.0461000007449583       -9.9117572155850514E-002
   2.0500000007434651      -0.10044173725108992     
   2.0539000007419719      -0.10165801575670952     
   2.0578000007404782      -0.10276766290318162     
   2.0617000007389850      -0.10377092522912260     
   2.0656000007374917      -0.10466718616423767     
   2.0695000007359985      -0.10545512780279023     
   2.0734000007345053      -0.10613290317844173     
   2.0773000007330116      -0.10669831349329481     
   2.0812000007315183      -0.10714898501635420     
   2.0851000007300251      -0.10748254073592672     
   2.0890000007285314      -0.10769676231182805     
   2.0929000007270382      -0.10778973841076916     
   2.0968000007255450      -0.10775999610548632     
   2.1007000007240517      -0.10760661265839200     
   2.1046000007225585      -0.10732930567711157     
   2.1085000007210648      -0.10692850030615152     
   2.1124000007195716      -0.10640537279059091     
   2.1163000007180783      -0.10576187039956599     
   2.1202000007165847      -0.10500070831602432     
   2.1241000007150914      -0.10412534467264681     
   2.1280000007135982      -0.10313993543128290     
   2.1319000007121049      -0.10204927125568196     
   2.1358000007106117      -0.10085869890726140     
   2.1397000007091180       -9.9574029995480359E-002
   2.1436000007076248       -9.8201440134171827E-002
   2.1475000007061316       -9.6747361690862357E-002
   2.1514000007046379       -9.5218373367384077E-002
   2.1553000007031446       -9.3621089818496123E-002
   2.1592000007016514       -9.1962054404009841E-002
   2.1631000007001582       -9.0247637983951939E-002
   2.1670000006986649       -8.8483946412058867E-002
   2.1709000006971713       -8.6676739068169043E-002
   2.1748000006956780       -8.4831360403964481E-002
   2.1787000006941848       -8.2952686069077991E-002
   2.1826000006926911       -8.1045084746734802E-002
   2.1865000006911979       -7.9112396371272126E-002
   2.1904000006897046       -7.7157926935867371E-002
   2.1943000006882114       -7.5184459639332610E-002
   2.1982000006867182       -7.3194281677445044E-002
   2.2021000006852245       -7.1189225567947337E-002
   2.2060000006837313       -6.9170723519226776E-002
   2.2099000006822380       -6.7139873019881655E-002
   2.2138000006807443       -6.5097511547748302E-002
   2.2177000006792511       -6.3044298078784228E-002
   2.2216000006777579       -6.0980798923248501E-002
   2.2255000006762646       -5.8907575331779087E-002
   2.2294000006747714       -5.6825270298407018E-002
   2.2333000006732777       -5.4734692040552584E-002
   2.2372000006717845       -5.2636891755116086E-002
   2.2411000006702912       -5.0533233430698231E-002
   2.2450000006687976       -4.8425453732954066E-002
   2.2489000006673043       -4.6315710265919977E-002
   2.2528000006658111       -4.4206616838453075E-002
   2.2567000006643179       -4.2101264722374271E-002
   2.2606000006628246       -4.0003229267514269E-002
   2.2645000006613309       -3.7916561628249038E-002
   2.2684000006598377       -3.5845765745824050E-002
   2.2723000006583445       -3.3795761110544421E-002
   2.2762000006568508       -3.1771832187980777E-002
   2.2801000006553576       -2.9779565724679231E-002
   2.2840000006538643       -2.7824777443424945E-002
   2.2879000006523711       -2.5913429889015224E-002
   2.2918000006508779       -2.4051543387224393E-002
   2.2957000006493842       -2.2245102228113718E-002
   2.2996000006478909       -2.0499958277506194E-002
   2.3035000006463977       -1.8821734256331824E-002
   2.3074000006449040       -1.7215728907189032E-002
   2.3113000006434108       -1.5686826192897168E-002
   2.3152000006419176       -1.4239410546425777E-002
   2.3191000006404243       -1.2877290020000171E-002
   2.3230000006389311       -1.1603628969099649E-002
   2.3269000006374374       -1.0420891661033606E-002
   2.3308000006359442       -9.3307979250303163E-003
   2.3347000006344509       -8.3342916689475698E-003
   2.3386000006329573       -7.4315227846918934E-003
   2.3425000006314640       -6.6218426580639872E-003
   2.3464000006299708       -5.9038131966751058E-003
   2.3503000006284775       -5.2752289990230855E-003
   2.3542000006269843       -4.7331520154058762E-003
   2.3581000006254906       -4.2739578029748100E-003
   2.3620000006239974       -3.8933922579093266E-003
   2.3659000006225042       -3.5866375214966121E-003
   2.3698000006210105       -3.3483856068686731E-003
   2.3737000006195172       -3.1729181812837760E-003
   2.3776000006180240       -3.0541908660896341E-003
   2.3815000006165308       -2.9859203828012560E-003
   2.3854000006150375       -2.9616728780377929E-003
   2.3893000006135439       -2.9749518004711069E-003
   2.3932000006120506       -3.0192837767453271E-003
   2.3971000006105574       -3.0883010371544183E-003
   2.4010000006090637       -3.1758190717967125E-003
   2.4049000006075705       -3.2759083496243014E-003
   2.4088000006060772       -3.3829591016594452E-003
   2.4127000006045840       -3.4917383509005021E-003
   2.4166000006030908       -3.5974385603149556E-003
   2.4205000006015971       -3.6957174621465062E-003
   2.4244000006001039       -3.7827288221004948E-003
   2.4283000005986106       -3.8551440766774981E-003
   2.4322000005971169       -3.9101649572607575E-003
   2.4361000005956237       -3.9455273772506820E-003
   2.4400000005941305       -3.9594970058147109E-003
   2.4439000005926372       -3.9508570814612721E-003
   2.4478000005911440       -3.9188891289940464E-003
   2.4517000005896503       -3.8633473333554375E-003
   2.4556000005881571       -3.7844273928783617E-003
   2.4595000005866638       -3.6827307224937206E-003
   2.4634000005851702       -3.5592249049437807E-003
   2.4673000005836769       -3.4152012959049157E-003
   2.4712000005821837       -3.2522306783931924E-003
   2.4751000005806905       -3.0721178344905809E-003
   2.4790000005791972       -2.8768558601259099E-003
   2.4829000005777035       -2.6685809934006697E-003
   2.4868000005762103       -2.4495286609196002E-003
   2.4907000005747171       -2.2219913719927517E-003
   2.4946000005732234       -1.9882790096476775E-003
   2.4985000005717302       -1.7506819823125512E-003
   2.5024000005702369       -1.5114376128961674E-003
   2.5063000005687437       -1.2727000547577956E-003
   2.5102000005672505       -1.0365139385219450E-003
   2.5141000005657572       -8.0479187144895750E-004
   2.5180000005642640       -5.7929583350829295E-004
   2.5219000005627707       -3.6162244257808814E-004
   2.5258000005612775       -1.5319199624172768E-004
   2.5297000005597843        4.4758859832219917E-005
   2.5336000005582910        2.3118103648183517E-004
   2.5375000005567978        4.0521371951071124E-004
   2.5414000005553046        5.6618217598751691E-004
   2.5453000005538113        7.1359294729807319E-004
   2.5492000005523181        8.4712674494195298E-004
   2.5531000005508249        9.6662937470824814E-004
   2.5570000005493316        1.0721010176051981E-003
   2.5609000005478384        1.1636841923835070E-003
   2.5648000005463452        1.2416507153765713E-003
   2.5687000005448519        1.3063879594241786E-003
   2.5726000005433587        1.3583846956124986E-003
   2.5765000005418655        1.3982167802230260E-003
   2.5804000005403722        1.4265329253919969E-003
   2.5843000005388790        1.4440407662692539E-003
   2.5882000005373857        1.4514934106199661E-003
   2.5921000005358925        1.4496766294693722E-003
   2.5960000005343993        1.4393968201292576E-003
   2.5999000005329060        1.4214698462749825E-003
   2.6038000005314128        1.3967108341073928E-003
   2.6077000005299196        1.3659249794074897E-003
   2.6116000005284263        1.3298993977731808E-003
   2.6155000005269331        1.2893960297504768E-003
   2.6194000005254399        1.2451455941021243E-003
   2.6233000005239466        1.1978425661997576E-003
   2.6272000005224534        1.1481411445292591E-003
   2.6311000005209602        1.0966521565613202E-003
   2.6350000005194669        1.0439408457112995E-003
   2.6389000005179737        9.9052547371058564E-004
   2.6428000005164805        9.3687666731737747E-004
   2.6467000005149872        8.8341743476547335E-004
   2.6506000005134940        8.3052377552437573E-004
   2.6545000005120007        7.7852580664560379E-004
   2.6584000005105075        7.2770933001784508E-004
   2.6623000005090143        6.7831776705785138E-004
   2.6662000005075210        6.3055439054202360E-004
   2.6701000005060278        5.8458478725268879E-004
   2.6740000005045346        5.4053948970158065E-004
   2.6779000005030413        4.9851672023780793E-004
   2.6818000005015481        4.5858519619897283E-004
   2.6857000005000549        4.2078695028580196E-004
   2.6896000004985616        3.8514012591133096E-004
   2.6935000004970684        3.5164171278874950E-004
   2.6974000004955752        3.2027019338747470E-004
   2.7013000004940819        2.9098807602802068E-004
   2.7052000004925887        2.6374429524290565E-004
   2.7091000004910955        2.3847646455468384E-004
   2.7130000004896022        2.1511297097936421E-004
   2.7169000004881090        1.9357490433105786E-004
   2.7208000004866157        1.7377781776918615E-004
   2.7247000004851225        1.5563331899020685E-004
   2.7286000004836293        1.3905049402658789E-004
   2.7325000004821360        1.2393716778828670E-004
   2.7364000004806428        1.1020100728393437E-004
   2.7403000004791496        9.7750474911654671E-005
   2.7442000004776563        8.6495640338375576E-005
   2.7481000004761631        7.6348860318806844E-005
   2.7520000004746699        6.7225336369899281E-005
   2.7559000004731766        5.9043560543123037E-005
   2.7598000004716834        5.1725659654778558E-005
   2.7637000004701902        4.5197648272718507E-005
   2.7676000004686969        3.9389600544240834E-005
   2.7715000004672037        3.4235750610808325E-005
   2.7754000004657104        2.9674530915475717E-005
   2.7793000004642172        2.5648557191084049E-005
   2.7832000004627240        2.2104568342101921E-005
   2.7871000004612307        1.8993328818947425E-005
   2.7910000004597375        1.6269500446960784E-005
   2.7949000004582443        1.3891490027127031E-005
   2.7988000004567510        1.1821278384209183E-005
   2.8027000004552578        1.0024235910232732E-005
   2.8066000004537646        8.4689290455269677E-006
   2.8105000004522713        7.1269215622770344E-006
   2.8144000004507781        5.9725739717434678E-006
   2.8183000004492849        4.9828438695379021E-006
   2.8222000004477916        4.1370895659158077E-006
   2.8261000004462984        3.4168789212205491E-006
   2.8300000004448052        2.8058049207102117E-006
   2.8339000004433119        2.2893091775643073E-006
   2.8378000004418187        1.8545142468277674E-006
   2.8417000004403254        1.4900653647949128E-006
   2.8456000004388322        1.1859819958884338E-006
   2.8495000004373390        9.3351937016365153E-007
   2.8534000004358457        7.2504002669371001E-007
   2.8573000004343525        5.5389523867433943E-007
   2.8612000004328593        4.1431608248652873E-007
   2.8651000004313660        3.0131382254092936E-007
   2.8690000004298728        2.1058921392238832E-007
   2.8729000004283796        1.3845027317668169E-007
   2.8768000004268863        8.1738031675245011E-008
   2.8807000004253931        3.7759763645077187E-008
   2.8846000004238999        4.2291701068890635E-009
   2.8885000004224066       -2.0787001258896249E-008
   2.8924000004209134       -3.8916413611868535E-008
   2.8963000004194202       -5.1523176050918665E-008
   2.9002000004179269       -5.9744938481317390E-008
   2.9041000004164337       -6.4525506549417558E-008
   2.9080000004149404       -6.6643412321330812E-008
   2.9119000004134472       -6.6736849903958980E-008
   2.9158000004119540       -6.5325357640490259E-008
   2.9197000004104607       -6.2828600498845342E-008
   2.9236000004089675       -5.9582578339678188E-008
   2.9275000004074743       -5.5853558328075670E-008
   2.9314000004059810       -5.1850003178180940E-008
   2.9353000004044878       -4.7732741452016904E-008
   2.9392000004029946       -4.3623601963633315E-008
   2.9431000004015013       -3.9612711599712372E-008
   2.9470000004000081       -3.5764634640209887E-008
   2.9509000003985149       -3.2123511988381799E-008
   2.9548000003970216       -2.8717340605053846E-008
   2.9587000003955284       -2.5561516866204372E-008
   2.9626000003940351       -2.2661752482691484E-008
   2.9665000003925419       -2.0016457976627154E-008
   2.9704000003910487       -1.7618676428258898E-008
   2.9743000003895554       -1.5457639209578149E-008
   2.9782000003880622       -1.3520005620100690E-008
   2.9821000003865690       -1.1790839647382215E-008
   2.9860000003850757       -1.0254369400349676E-008
   2.9899000003835825       -8.8945680189525616E-009
   2.9938000003820893       -7.6955889630398956E-009
   2.9977000003805960       -6.6420834442592310E-009
   3.0016000003791028       -5.7194233089633174E-009
   3.0055000003776096       -4.9138488341717633E-009
   3.0094000003761163       -4.2125575942456906E-009
   3.0133000003746231       -3.6037477300265704E-009
   3.0172000003731299       -3.0766265469805911E-009
   3.0211000003716366       -2.6213933317994565E-009
   3.0250000003701434       -2.2292035603782807E-009
   3.0289000003686501       -1.8921202314101029E-009
   3.0328000003671569       -1.6030568608064123E-009
   3.0367000003656637       -1.3557156788599436E-009
   3.0406000003641704       -1.1445237545139499E-009
   3.0445000003626772       -9.6456910293048381E-010
   3.0484000003611840       -8.1153829069296074E-010
   3.0523000003596907       -6.8165661736137392E-010
   3.0562000003581975       -5.7163160534017269E-010
   3.0601000003567043       -4.7860025713894387E-010
   3.0640000003552110       -4.0008032726466612E-010
   3.0679000003537178       -3.3392569422984704E-010
   3.0718000003522246       -2.7828579720082224E-010
   3.0757000003507313       -2.3156901380471098E-010
   3.0796000003492381       -1.9240979398255694E-010
   3.0835000003477449       -1.5963932403150661E-010
   3.0874000003462516       -1.3225947057094907E-010
   3.0913000003447584       -1.0941974234972191E-010
   3.0952000003432651       -9.0397005520299529E-011
   3.0991000003417719       -7.4577692757129053E-011
   3.1030000003402787       -6.1442256391963534E-011
   3.1069000003387854       -5.0551628989112235E-011
   3.1108000003372922       -4.1535470236337490E-011
   3.1147000003357990       -3.4081995711002826E-011
   3.1186000003343057       -2.7929200253967503E-011
   3.1225000003328125       -2.2857305790095777E-011
   3.1264000003313193       -1.8682280069793992E-011
   3.1303000003298260       -1.5250288686552539E-011
   3.1342000003283328       -1.2432957662533068E-011
   3.1381000003268396       -1.0123337773676626E-011
   3.1420000003253463       -8.2324745507567270E-012
   3.1459000003238531       -6.6864995297763634E-012
   3.1498000003223598       -5.4241688525357965E-012
   3.1537000003208666       -4.3947847772974181E-012
   3.1576000003193734       -3.5564441071396855E-012
   3.1615000003178801       -2.8745650465711993E-012
   3.1654000003163869       -2.3206506275842239E-012
   3.1693000003148937       -1.8712526790470717E-012
   3.1732000003134004       -1.5071054223435872E-012
   3.1771000003119072       -1.2124022335305960E-012
   3.1810000003104140       -9.7419298669044082E-013
   3.1849000003089207       -7.8188274909529046E-013
   3.1888000003074275       -6.2681549607198128E-013
   3.1927000003059343       -5.0192900692405071E-013
   3.1966000003044410       -4.0146924282566194E-013
   3.2005000003029478       -3.2075433826347731E-013
   3.2044000003014546       -2.5597989969978486E-013
   3.2083000002999613       -2.0405863457918349E-013
   3.2122000002984681       -1.6248846240319757E-013
   3.2161000002969748       -1.2924421537011265E-013
   3.2200000002954816       -1.0268884358765979E-013
   3.2239000002939884       -8.1500720562868276E-014
   3.2278000002924951       -6.4614217205748499E-014
   3.2317000002910019       -5.1171193107954237E-014
   3.2356000002895087       -4.0481456318806559E-014
   3.2395000002880154       -3.1990579236169917E-014
   3.2434000002865222       -2.5253738846260370E-014
   3.2473000002850290       -1.9914483180126452E-014
   3.2512000002835357       -1.5687520003112699E-014
   3.2551000002820425       -1.2344784791330388E-014
   3.2590000002805493       -9.7041783802197839E-015
   3.2629000002790560       -7.6204748651568402E-015
   3.2668000002775628       -5.9779912482215467E-015
   3.2707000002760696       -4.6846852035157867E-015
   3.2746000002745763       -3.6674089002478652E-015
   3.2785000002730831       -2.8680973606364797E-015
   3.2824000002715898       -2.2407112465060000E-015
   3.2863000002700966       -1.7487878558357281E-015
   3.2902000002686034       -1.3634817933820511E-015
   3.2941000002671101       -1.0619993585108628E-015
   3.2980000002656169       -8.2634908117941408E-016
   3.3019000002641237       -6.4234578883063898E-016
   3.3058000002626304       -4.9881772662384089E-016
   3.3097000002611372       -3.8697609523941425E-016
   3.3136000002596440       -2.9991433773262659E-016
   3.3175000002581507       -2.3221094729462983E-016
   3.3214000002566575       -1.7961476647398002E-016
   3.3253000002551643       -1.3879593887795834E-016
   3.3292000002536710       -1.0714904742027758E-016
   3.3331000002521778       -8.2637684502389939E-017
   3.3370000002506846       -6.3671875941134210E-017
   3.3409000002491913       -4.9011525140996626E-017
   3.3448000002476981       -3.7690440720136295E-017
   3.3487000002462048       -2.8956627450358133E-017
   3.3526000002447116       -2.2225411940664048E-017
   3.3565000002432184       -1.7042685420792297E-017
   3.3604000002417251       -1.3056112131092846E-017
   3.3643000002402319       -9.9926021020124640E-018
   3.3682000002387387       -7.6407047696803448E-018
   3.3721000002372454       -5.8368636134906792E-018
   3.3760000002357522       -4.4546968139591330E-018
   3.3799000002342590       -3.3966468308617306E-018
   3.3838000002327657       -2.5874824076005669E-018
   3.3877000002312725       -1.9692475004976208E-018
   3.3916000002297793       -1.4973391415796619E-018
   3.3955000002282860       -1.1374651553572674E-018
   3.3994000002267928       -8.6328685154327338E-019
   3.4033000002252995       -6.5459439603311002E-019
   3.4072000002238063       -4.9589597382466612E-019
   3.4111000002223131       -3.7532804347845917E-019
   3.4150000002208198       -2.8381448179168422E-019
   3.4189000002193266       -2.1441844598653725E-019
   3.4228000002178334       -1.6184329935658105E-019
   3.4267000002163401       -1.2204871239267999E-019
   3.4306000002148469       -9.1955661468119529E-020
   3.4345000002133537       -6.9219970460890224E-020
   3.4384000002118604       -5.2058645905620342E-020
   3.4423000002103672       -3.9116832696451778E-020
   3.4462000002088740       -2.9365991738445171E-020
   3.4501000002073807       -2.2026050754627117E-020
   3.4540000002058875       -1.6505943465502614E-020
   3.4579000002043943       -1.2358238934481640E-020
   3.4618000002029010       -9.2445565416284983E-021
   3.4657000002014078       -6.9092286617626487E-021
   3.4696000001999145       -5.1592639255382248E-021
   3.4735000001984213       -3.8491187642984239E-021
   3.4774000001969281       -2.8691347045818409E-021
   3.4813000001954348       -2.1367675666564525E-021
   3.4852000001939416       -1.5899409086232535E-021
   3.4891000001924484       -1.1820141155339164E-021
   3.4930000001909551       -8.7797656905730138E-022
   3.4969000001894619       -6.5157192227364650E-022
   3.5008000001879687       -4.8312725840297247E-022
   3.5047000001864754       -3.5791592487270034E-022
   3.5086000001849822       -2.6492402392203015E-022
   3.5125000001834890       -1.9592191984207365E-022
   3.5164000001819957       -1.4476600333424284E-022
   3.5203000001805025       -1.0687410870999190E-022
   3.5242000001790093       -7.8831768299668636E-023
   3.5281000001775160       -5.8096950123973089E-023
   3.5320000001760228       -4.2778854346864996E-023
   3.5359000001745295       -3.1472348155725807E-023
   3.5398000001730363       -2.3134160442497243E-023
   3.5437000001715431       -1.6990389753297573E-023
   3.5476000001700498       -1.2467469962234710E-023
   3.5515000001685566       -9.1406922011335065E-024
   3.5554000001670634       -6.6958538506231929E-024
   3.5593000001655701       -4.9007135725493299E-024
   3.5632000001640769       -3.5837646640512699E-024
   3.5671000001625837       -2.6184650075762242E-024
   3.5710000001610904       -1.9115316933130541E-024
   3.5749000001595972       -1.3942606296776568E-024
   3.5788000001581040       -1.0160952965161656E-024
   3.5827000001566107       -7.3986622901846971E-025
   3.5866000001551175       -5.3827041921812389E-025
   3.5905000001536242       -3.9127005909344319E-025
   3.5944000001521310       -2.8417230312391981E-025
   3.5983000001506378       -2.0621304345258187E-025
   3.6022000001491445       -1.4951335406798137E-025
   3.6061000001476513       -1.0831123479563741E-025
   3.6100000001461581       -7.8396539498906693E-026
   3.6139000001446648       -5.6695726452810335E-026
   3.6178000001431716       -4.0966982259082976E-026
   3.6217000001416784       -2.9576583390359567E-026
   3.6256000001401851       -2.1334996121444280E-026
   3.6295000001386919       -1.5376865323096796E-026
   3.6334000001371987       -1.1073218416978893E-026
   3.6373000001357054       -7.9672943402688968E-027
   3.6412000001342122       -5.7276822252618182E-027
   3.6451000001327190       -4.1141311869010286E-027
   3.6490000001312257       -2.9526272670961228E-027
   3.6529000001297325       -2.1172418989059308E-027
   3.6568000001282392       -1.5169238644891446E-027
   3.6607000001267460       -1.0858969602520911E-027
   3.6646000001252528       -7.7668524220954820E-028
   3.6685000001237595       -5.5505134186809280E-028
   3.6724000001222663       -3.9632638667559135E-028
   3.6763000001207731       -2.8275129254452045E-028
   3.6802000001192798       -2.0155242934522603E-028
   3.6841000001177866       -1.4355004856186448E-028
   3.6880000001162934       -1.0215286568153765E-028
   3.6919000001148001       -7.2632283665917191E-029
   3.6958000001133069       -5.1598942805642927E-029
   3.6997000001118137       -3.6625527448710266E-029
   3.7036000001103204       -2.5975204014410502E-029
   3.7075000001088272       -1.8406281232473703E-029
   3.7114000001073340       -1.3031822409453619E-029
   3.7153000001058407       -9.2188398193662190E-030
   3.7192000001043475       -6.5159748664430569E-030
   3.7231000001028542       -4.6016601664969878E-030
   3.7270000001013610       -3.2469955090494120E-030
   3.7309000000998678       -2.2891846478872235E-030
   3.7348000000983745       -1.6125453555752407E-030
   3.7387000000968813       -1.1349455147706848E-030
   3.7426000000953881       -7.9812336930446910E-031
   3.7465000000938948       -5.6078573731791881E-031
   3.7504000000924016       -3.9369127034635140E-031
   3.7543000000909084       -2.7615090865804123E-031
   3.7582000000894151       -1.9353922856361591E-031
   3.7621000000879219       -1.3552622496609504E-031
   3.7660000000864287       -9.4822074256528129E-032
   3.7699000000849354       -6.6286837822425700E-032
   3.7738000000834422       -4.6299559285454866E-032
   3.7777000000819490       -3.2311571508587582E-032
   3.7816000000804557       -2.2530505488897960E-032
   3.7855000000789625       -1.5696953885215079E-032
   3.7894000000774692       -1.0926759442452424E-032
   3.7933000000759760       -7.5997427931402166E-033
   3.7972000000744828       -5.2812640090013093E-033
   3.8011000000729895       -3.6669779044434305E-033
   3.8050000000714963       -2.5439589380411450E-033
   3.8089000000700031       -1.7633691904054932E-033
   3.8128000000685098       -1.2212587982762274E-033
   3.8167000000670166       -8.4509090183386240E-034
   3.8206000000655234       -5.8429257658755038E-034
   3.8245000000640301       -4.0363469665468315E-034
   3.8284000000625369       -2.7859784508911332E-034
   3.8323000000610437       -1.9213129601272066E-034
   3.8362000000595504       -1.3238827667951612E-034
   3.8401000000580572       -9.1144813953579673E-035
   3.8440000000565639       -6.2696799872212010E-035
   3.8479000000550707       -4.3091312779364828E-035
   3.8518000000535775       -2.9591363492092094E-035
   3.8557000000520842       -2.0303508528482492E-035
   3.8596000000505910       -1.3919000011734558E-035
   3.8635000000490978       -9.5340136695976408E-036
   3.8674000000476045       -6.5249060541109100E-036
   3.8713000000461113       -4.4617320001630904E-036
   3.8752000000446181       -3.0483398929328394E-036
   3.8791000000431248       -2.0809131761751138E-036
   3.8830000000416316       -1.4193031344200826E-036
   3.8869000000401384       -9.6722378174265711E-037
   3.8908000000386451       -6.5858122555470146E-037
   3.8947000000371519       -4.4804566003769657E-037
   3.8986000000356587       -3.0455499625144806E-037
   3.9025000000341654       -2.0684245489977611E-037
   3.9064000000326722       -1.4036024515145773E-037
   3.9103000000311789       -9.5165385626869957E-038
   3.9142000000296857       -6.4468022042056982E-038
   3.9181000000281925       -4.3635514648702577E-038
   3.9220000000266992       -2.9509800009155191E-038
   3.9259000000252060       -1.9939892958227507E-038
   3.9298000000237128       -1.3462005347838809E-038
   3.9337000000222195       -9.0808617419078864E-039
   3.9376000000207263       -6.1203284198001645E-039
   3.9415000000192331       -4.1214756837185008E-039
   3.9454000000177398       -2.7730717149218513E-039
   3.9493000000162466       -1.8642313198302041E-039
   3.9532000000147534       -1.2521859758747728E-039
   3.9571000000132601       -8.4036548303215169E-040
   3.9610000000117669       -5.6350517863777602E-040
   3.9649000000102737       -3.7753563823859177E-040
   3.9688000000087804       -2.5272507646214964E-040
   3.9727000000072872       -1.6903205227356249E-040
   3.9766000000057939       -1.1295881923704677E-040
   3.9805000000043007       -7.5422614629631019E-041
   3.9844000000028075       -5.0316844025314302E-041
   3.9883000000013142       -3.3539422829045381E-041
   3.9921999999998210       -2.2337171083461828E-041
   3.9960999999983278       -1.4863844929676226E-041
