  -3.0000000000000000        3.3721316023915767E-003
  -2.9940000000000033        3.4614390755475376E-003
  -2.9880000000000067        3.5529080095027255E-003
  -2.9820000000000100        3.6465848038160671E-003
  -2.9760000000000133        3.7425166904842795E-003
  -2.9700000000000166        3.8407517445205337E-003
  -2.9640000000000200        3.9413388945511284E-003
  -2.9580000000000233        4.0443279334264042E-003
  -2.9520000000000266        4.1497695288421439E-003
  -2.9460000000000299        4.2577152339674630E-003
  -2.9400000000000333        4.3682174980751052E-003
  -2.9340000000000366        4.4813296771699668E-003
  -2.9280000000000399        4.5971060446115732E-003
  -2.9220000000000432        4.7156018017259910E-003
  -2.9160000000000466        4.8368730884026621E-003
  -2.9100000000000499        4.9609769936714799E-003
  -2.9040000000000532        5.0879715662553180E-003
  -2.8980000000000565        5.2179158250929272E-003
  -2.8920000000000599        5.3508697698273610E-003
  -2.8860000000000632        5.4868943912544698E-003
  -2.8800000000000665        5.6260516817264357E-003
  -2.8740000000000698        5.7684046455044897E-003
  -2.8680000000000732        5.9140173090556384E-003
  -2.8620000000000765        6.0629547312873412E-003
  -2.8560000000000798        6.2152830137143919E-003
  -2.8500000000000831        6.3710693105520277E-003
  -2.8440000000000865        6.5303818387290663E-003
  -2.8380000000000898        6.6932898878148458E-003
  -2.8320000000000931        6.8598638298534636E-003
  -2.8260000000000964        7.0301751290987764E-003
  -2.8200000000000998        7.2042963516436211E-003
  -2.8140000000001031        7.3823011749361307E-003
  -2.8080000000001064        7.5642643971763823E-003
  -2.8020000000001097        7.7502619465862344E-003
  -2.7960000000001131        7.9403708905449316E-003
  -2.7900000000001164        8.1346694445832805E-003
  -2.7840000000001197        8.3332369812286824E-003
  -2.7780000000001230        8.5361540386934727E-003
  -2.7720000000001264        8.7435023293985191E-003
  -2.7660000000001297        8.9553647483244184E-003
  -2.7600000000001330        9.1718253811817942E-003
  -2.7540000000001363        9.3929695123928670E-003
  -2.7480000000001397        9.6188836328753736E-003
  -2.7420000000001430        9.8496554476208333E-003
  -2.7360000000001463        1.0085373883058128E-002
  -2.7300000000001496        1.0326129094193524E-002
  -2.7240000000001530        1.0572012471518538E-002
  -2.7180000000001563        1.0823116647676150E-002
  -2.7120000000001596        1.1079535503876303E-002
  -2.7060000000001629        1.1341364176051303E-002
  -2.7000000000001663        1.1608699060741592E-002
  -2.6940000000001696        1.1881637820702121E-002
  -2.6880000000001729        1.2160279390219856E-002
  -2.6820000000001762        1.2444723980131975E-002
  -2.6760000000001796        1.2735073082535405E-002
  -2.6700000000001829        1.3031429475176673E-002
  -2.6640000000001862        1.3333897225512623E-002
  -2.6580000000001895        1.3642581694430875E-002
  -2.6520000000001929        1.3957589539619897E-002
  -2.6460000000001962        1.4279028718577825E-002
  -2.6400000000001995        1.4607008491249192E-002
  -2.6340000000002028        1.4941639422278826E-002
  -2.6280000000002062        1.5283033382871732E-002
  -2.6220000000002095        1.5631303552247809E-002
  -2.6160000000002128        1.5986564418680328E-002
  -2.6100000000002161        1.6348931780106445E-002
  -2.6040000000002195        1.6718522744298792E-002
  -2.5980000000002228        1.7095455728586083E-002
  -2.5920000000002261        1.7479850459111330E-002
  -2.5860000000002294        1.7871827969615929E-002
  -2.5800000000002328        1.8271510599737664E-002
  -2.5740000000002361        1.8679021992810615E-002
  -2.5680000000002394        1.9094487093155393E-002
  -2.5620000000002427        1.9518032142846732E-002
  -2.5560000000002461        1.9949784677947280E-002
  -2.5500000000002494        2.0389873524194767E-002
  -2.5440000000002527        2.0838428792129989E-002
  -2.5380000000002561        2.1295581871654121E-002
  -2.5320000000002594        2.1761465426001870E-002
  -2.5260000000002627        2.2236213385118973E-002
  -2.5200000000002660        2.2719960938430522E-002
  -2.5140000000002694        2.3212844526988591E-002
  -2.5080000000002727        2.3715001834985587E-002
  -2.5020000000002760        2.4226571780621351E-002
  -2.4960000000002793        2.4747694506311053E-002
  -2.4900000000002827        2.5278511368221252E-002
  -2.4840000000002860        2.5819164925121523E-002
  -2.4780000000002893        2.6369798926538554E-002
  -2.4720000000002926        2.6930558300200681E-002
  -2.4660000000002960        2.7501589138759466E-002
  -2.4600000000002993        2.8083038685776229E-002
  -2.4540000000003026        2.8675055320960315E-002
  -2.4480000000003059        2.9277788544646747E-002
  -2.4420000000003093        2.9891388961500794E-002
  -2.4360000000003126        3.0516008263436603E-002
  -2.4300000000003159        3.1151799211737389E-002
  -2.4240000000003192        3.1798915618364988E-002
  -2.4180000000003226        3.2457512326445857E-002
  -2.4120000000003259        3.3127745189922016E-002
  -2.4060000000003292        3.3809771052353596E-002
  -2.4000000000003325        3.4503747724861943E-002
  -2.3940000000003359        3.5209833963200224E-002
  -2.3880000000003392        3.5928189443940189E-002
  -2.3820000000003425        3.6658974739763130E-002
  -2.3760000000003458        3.7402351293843145E-002
  -2.3700000000003492        3.8158481393311072E-002
  -2.3640000000003525        3.8927528141787987E-002
  -2.3580000000003558        3.9709655430976598E-002
  -2.3520000000003591        4.0505027911299313E-002
  -2.3460000000003625        4.1313810961572661E-002
  -2.3400000000003658        4.2136170657706098E-002
  -2.3340000000003691        4.2972273740416018E-002
  -2.3280000000003724        4.3822287581943155E-002
  -2.3220000000003758        4.4686380151764071E-002
  -2.3160000000003791        4.5564719981286625E-002
  -2.3100000000003824        4.6457476127519201E-002
  -2.3040000000003857        4.7364818135704451E-002
  -2.2980000000003891        4.8286916000908738E-002
  -2.2920000000003924        4.9223940128557228E-002
  -2.2860000000003957        5.0176061293906740E-002
  -2.2800000000003990        5.1143450600447865E-002
  -2.2740000000004024        5.2126279437227405E-002
  -2.2680000000004057        5.3124719435084275E-002
  -2.2620000000004090        5.4138942421790529E-002
  -2.2560000000004123        5.5169120376090820E-002
  -2.2500000000004157        5.6215425380633302E-002
  -2.2440000000004190        5.7278029573784722E-002
  -2.2380000000004223        5.8357105100324901E-002
  -2.2320000000004256        5.9452824061013640E-002
  -2.2260000000004290        6.0565358461025016E-002
  -2.2200000000004323        6.1694880157244218E-002
  -2.2140000000004356        6.2841560804422117E-002
  -2.2080000000004389        6.4005571800183542E-002
  -2.2020000000004423        6.5187084228884973E-002
  -2.1960000000004456        6.6386268804319248E-002
  -2.1900000000004489        6.7603295811263717E-002
  -2.1840000000004522        6.8838335045869531E-002
  -2.1780000000004556        7.0091555754890664E-002
  -2.1720000000004589        7.1363126573750171E-002
  -2.1660000000004622        7.2653215463444581E-002
  -2.1600000000004655        7.3961989646283269E-002
  -2.1540000000004689        7.5289615540466426E-002
  -2.1480000000004722        7.6636258693498827E-002
  -2.1420000000004755        7.8002083714443213E-002
  -2.1360000000004788        7.9387254205013386E-002
  -2.1300000000004822        8.0791932689510793E-002
  -2.1240000000004855        8.2216280543605635E-002
  -2.1180000000004888        8.3660457921968565E-002
  -2.1120000000004922        8.5124623684754472E-002
  -2.1060000000004955        8.6608935322945169E-002
  -2.1000000000004988        8.8113548882554932E-002
  -2.0940000000005021        8.9638618887706523E-002
  -2.0880000000005055        9.1184298262582189E-002
  -2.0820000000005088        9.2750738252259046E-002
  -2.0760000000005121        9.4338088342436219E-002
  -2.0700000000005154        9.5946496178061572E-002
  -2.0640000000005188        9.7576107480868465E-002
  -2.0580000000005221        9.9227065965832792E-002
  -2.0520000000005254       0.10089951325656012     
  -2.0460000000005287       0.10259358879961564     
  -2.0400000000005321       0.10430942977780794     
  -2.0340000000005354       0.10604717102244124     
  -2.0280000000005387       0.10780694492454825     
  -2.0220000000005420       0.10958888134512010     
  -2.0160000000005454       0.11139310752434610     
  -2.0100000000005487       0.11321974798988241     
  -2.0040000000005520       0.11506892446416460     
  -1.9980000000005553       0.11694075577078185     
  -1.9920000000005587       0.11883535773993270     
  -1.9860000000005620       0.12075284311298051     
  -1.9800000000005653       0.12269332144612816     
  -1.9740000000005686       0.12465689901323579     
  -1.9680000000005720       0.12664367870779991     
  -1.9620000000005753       0.12865375994411929     
  -1.9560000000005786       0.13068723855766948     
  -1.9500000000005819       0.13274420670471104     
  -1.9440000000005853       0.13482475276115699     
  -1.9380000000005886       0.13692896122072529     
  -1.9320000000005919       0.13905691259240266     
  -1.9260000000005952       0.14120868329724864     
  -1.9200000000005986       0.14338434556456880     
  -1.9140000000006019       0.14558396732748474     
  -1.9080000000006052       0.14780761211793392     
  -1.9020000000006085       0.15005533896112991     
  -1.8960000000006119       0.15232720226951252     
  -1.8900000000006152       0.15462325173622729     
  -1.8840000000006185       0.15694353222816085     
  -1.8780000000006218       0.15928808367857278     
  -1.8720000000006252       0.16165694097935782     
  -1.8660000000006285       0.16405013387297376     
  -1.8600000000006318       0.16646768684407590     
  -1.8540000000006351       0.16890961901089277     
  -1.8480000000006385       0.17137594401638603     
  -1.8420000000006418       0.17386666991923164     
  -1.8360000000006451       0.17638179908466689     
  -1.8300000000006484       0.17892132807524175     
  -1.8240000000006518       0.18148524754152004     
  -1.8180000000006551       0.18407354211277308     
  -1.8120000000006584       0.18668619028771077     
  -1.8060000000006617       0.18932316432529522     
  -1.8000000000006651       0.19198443013568439     
  -1.7940000000006684       0.19466994717135022     
  -1.7880000000006717       0.19737966831842424     
  -1.7820000000006750       0.20011353978831309     
  -1.7760000000006784       0.20287150100963883     
  -1.7700000000006817       0.20565348452055285     
  -1.7640000000006850       0.20845941586147343     
  -1.7580000000006883       0.21128921346830037     
  -1.7520000000006917       0.21414278856615923     
  -1.7460000000006950       0.21702004506372877     
  -1.7400000000006983       0.21992087944820612     
  -1.7340000000007016       0.22284518068096423     
  -1.7280000000007050       0.22579283009395709     
  -1.7220000000007083       0.22876370128693144     
  -1.7160000000007116       0.23175766002549864     
  -1.7100000000007149       0.23477456414012865     
  -1.7040000000007183       0.23781426342612022     
  -1.6980000000007216       0.24087659954461083     
  -1.6920000000007249       0.24396140592468235     
  -1.6860000000007282       0.24706850766662619     
  -1.6800000000007316       0.25019772144642588     
  -1.6740000000007349       0.25334885542152158     
  -1.6680000000007382       0.25652170913791500     
  -1.6620000000007416       0.25971607343868136     
  -1.6560000000007449       0.26293173037394862     
  -1.6500000000007482       0.26616845311240828     
  -1.6440000000007515       0.26942600585442239     
  -1.6380000000007549       0.27270414374678997     
  -1.6320000000007582       0.27600261279924038     
  -1.6260000000007615       0.27932114980271339     
  -1.6200000000007648       0.28265948224949927     
  -1.6140000000007682       0.28601732825529652     
  -1.6080000000007715       0.28939439648326104     
  -1.6020000000007748       0.29279038607010588     
  -1.5960000000007781       0.29620498655432514     
  -1.5900000000007815       0.29963787780660306     
  -1.5840000000007848       0.30308872996247938     
  -1.5780000000007881       0.30655720335733555     
  -1.5720000000007914       0.31004294846377101     
  -1.5660000000007948       0.31354560583143443     
  -1.5600000000007981       0.31706480602938153     
  -1.5540000000008014       0.32060016959101995     
  -1.5480000000008047       0.32415130696171712     
  -1.5420000000008081       0.32771781844912978     
  -1.5360000000008114       0.33129929417633031     
  -1.5300000000008147       0.33489531403778983     
  -1.5240000000008180       0.33850544765829038     
  -1.5180000000008214       0.34212925435483010     
  -1.5120000000008247       0.34576628310158702     
  -1.5060000000008280       0.34941607249801182     
  -1.5000000000008313       0.35307815074010901     
  -1.4940000000008347       0.35675203559497820     
  -1.4880000000008380       0.36043723437867597     
  -1.4820000000008413       0.36413324393746627     
  -1.4760000000008446       0.36783955063251927     
  -1.4700000000008480       0.37155563032812794     
  -1.4640000000008513       0.37528094838349912     
  -1.4580000000008546       0.37901495964818710     
  -1.4520000000008579       0.38275710846122674     
  -1.4460000000008613       0.38650682865403069     
  -1.4400000000008646       0.39026354355710868     
  -1.4340000000008679       0.39402666601066921     
  -1.4280000000008712       0.39779559837916412     
  -1.4220000000008746       0.40156973256982814     
  -1.4160000000008779       0.40534845005528003     
  -1.4100000000008812       0.40913112190022854     
  -1.4040000000008845       0.41291710879235161     
  -1.3980000000008879       0.41670576107739149     
  -1.3920000000008912       0.42049641879852528     
  -1.3860000000008945       0.42428841174005932     
  -1.3800000000008978       0.42808105947550101     
  -1.3740000000009012       0.43187367142005162     
  -1.3680000000009045       0.43566554688757597     
  -1.3620000000009078       0.43945597515208784     
  -1.3560000000009111       0.44324423551380243     
  -1.3500000000009145       0.44702959736979425     
  -1.3440000000009178       0.45081132028931037     
  -1.3380000000009211       0.45458865409377003     
  -1.3320000000009244       0.45836083894149959     
  -1.3260000000009278       0.46212710541723351     
  -1.3200000000009311       0.46588667462642330     
  -1.3140000000009344       0.46963875829438184     
  -1.3080000000009377       0.47338255887030534     
  -1.3020000000009411       0.47711726963619305     
  -1.2960000000009444       0.48084207482070368     
  -1.2900000000009477       0.48455614971797062     
  -1.2840000000009510       0.48825866081140007     
  -1.2780000000009544       0.49194876590248215     
  -1.2720000000009577       0.49562561424462864     
  -1.2660000000009610       0.49928834668206329     
  -1.2600000000009643       0.50293609579377818     
  -1.2540000000009677       0.50656798604257425     
  -1.2480000000009710       0.51018313392919512     
  -1.2420000000009743       0.51378064815157343     
  -1.2360000000009776       0.51735962976918670     
  -1.2300000000009810       0.52091917237254148     
  -1.2240000000009843       0.52445836225778131     
  -1.2180000000009876       0.52797627860642637     
  -1.2120000000009910       0.53147199367023756     
  -1.2060000000009943       0.53494457296121412     
  -1.2000000000009976       0.53839307544670312     
  -1.1940000000010009       0.54181655374963100     
  -1.1880000000010043       0.54521405435383263     
  -1.1820000000010076       0.54858461781447276     
  -1.1760000000010109       0.55192727897354388     
  -1.1700000000010142       0.55524106718042265     
  -1.1640000000010176       0.55852500651746095     
  -1.1580000000010209       0.56177811603059513     
  -1.1520000000010242       0.56499940996494213     
  -1.1460000000010275       0.56818789800535641     
  -1.1400000000010309       0.57134258552191874     
  -1.1340000000010342       0.57446247382031956     
  -1.1280000000010375       0.57754656039710206     
  -1.1220000000010408       0.58059383919972585     
  -1.1160000000010442       0.58360330089141099     
  -1.1100000000010475       0.58657393312071326     
  -1.1040000000010508       0.58950472079578720     
  -1.0980000000010541       0.59239464636328543     
  -1.0920000000010575       0.59524269009183794     
  -1.0860000000010608       0.59804783036006182     
  -1.0800000000010641       0.60080904394903567     
  -1.0740000000010674       0.60352530633918045     
  -1.0680000000010708       0.60619559201148032     
  -1.0620000000010741       0.60881887475298135     
  -1.0560000000010774       0.61139412796648618     
  -1.0500000000010807       0.61392032498438465     
  -1.0440000000010841       0.61639643938653443     
  -1.0380000000010874       0.61882144532211625     
  -1.0320000000010907       0.62119431783538415     
  -1.0260000000010940       0.62351403319521925     
  -1.0200000000010974       0.62577956922840583     
  -1.0140000000011007       0.62798990565653645     
  -1.0080000000011040       0.63014402443645223     
  -1.0020000000011073       0.63224091010412264     
 -0.99600000000111066       0.63427955012186554     
 -0.99000000000111399       0.63625893522880550     
 -0.98400000000111731       0.63817805979446784     
 -0.97800000000112064       0.64003592217539584     
 -0.97200000000112396       0.64183152507468599     
 -0.96600000000112729       0.64356387590432551     
 -0.96000000000113062       0.64523198715021746     
 -0.95400000000113394       0.64683487673977569     
 -0.94800000000113727       0.64837156841196608     
 -0.94200000000114059       0.64984109208967389     
 -0.93600000000114392       0.65124248425426734     
 -0.93000000000114724       0.65257478832223326     
 -0.92400000000115057       0.65383705502374823     
 -0.91800000000115389       0.65502834278305466     
 -0.91200000000115722       0.65614771810050687     
 -0.90600000000116054       0.65719425593614245     
 -0.90000000000116387       0.65816704009464688     
 -0.89400000000116719       0.65906516361155965     
 -0.88800000000117052       0.65988772914057992     
 -0.88200000000117385       0.66063384934182645     
 -0.87600000000117717       0.66130264727089638     
 -0.87000000000118050       0.66189325676857480     
 -0.86400000000118382       0.66240482285103941     
 -0.85800000000118715       0.66283650210040357     
 -0.85200000000119047       0.66318746305544141     
 -0.84600000000119380       0.66345688660233293     
 -0.84000000000119712       0.66364396636526846     
 -0.83400000000120045       0.66374790909674830     
 -0.82800000000120377       0.66376793506741072     
 -0.82200000000120710       0.66370327845522714     
 -0.81600000000121042       0.66355318773388616     
 -0.81000000000121375       0.66331692606020598     
 -0.80400000000121707       0.66299377166039741     
 -0.79800000000122040       0.66258301821500654     
 -0.79200000000122373       0.66208397524236484     
 -0.78600000000122705       0.66149596848036762     
 -0.78000000000123038       0.66081834026640662     
 -0.77400000000123370       0.66005044991527839     
 -0.76800000000123703       0.65919167409489154     
 -0.76200000000124035       0.65824140719959146     
 -0.75600000000124368       0.65719906172092124     
 -0.75000000000124700       0.65606406861564104     
 -0.74400000000125033       0.65483587767082319     
 -0.73800000000125365       0.65351395786583932     
 -0.73200000000125698       0.65209779773105803     
 -0.72600000000126030       0.65058690570306810     
 -0.72000000000126363       0.64898081047625067     
 -0.71400000000126695       0.64727906135050683     
 -0.70800000000127028       0.64548122857496448     
 -0.70200000000127361       0.64358690368747928     
 -0.69600000000127693       0.64159569984974230     
 -0.69000000000128026       0.63950725217781934     
 -0.68400000000128358       0.63732121806792841     
 -0.67800000000128691       0.63503727751728090     
 -0.67200000000129023       0.63265513343980051     
 -0.66600000000129356       0.63017451197653995     
 -0.66000000000129688       0.62759516280061312     
 -0.65400000000130021       0.62491685941646224     
 -0.64800000000130353       0.62213939945328300     
 -0.64200000000130686       0.61926260495242691     
 -0.63600000000131018       0.61628632264860594     
 -0.63000000000131351       0.61321042424472094     
 -0.62400000000131683       0.61003480668014010     
 -0.61800000000132016       0.60675939239225485     
 -0.61200000000132349       0.60338412957114052     
 -0.60600000000132681       0.59990899240715256     
 -0.60000000000133014       0.59633398133128646     
 -0.59400000000133346       0.59265912324813763     
 -0.58800000000133679       0.58888447176129799     
 -0.58200000000134011       0.58501010739102033     
 -0.57600000000134344       0.58103613778399510     
 -0.57000000000134676       0.57696269791507970     
 -0.56400000000135009       0.57278995028082069     
 -0.55800000000135341       0.56851808508462232     
 -0.55200000000135674       0.56414732041340010     
 -0.54600000000136006       0.55967790240558191     
 -0.54000000000136339       0.55511010541029782     
 -0.53400000000136671       0.55044423213763061     
 -0.52800000000137004       0.54568061379977106     
 -0.52200000000137337       0.54081961024295300     
 -0.51600000000137669       0.53586161007002686     
 -0.51000000000138002       0.53080703075354241     
 -0.50400000000138334       0.52565631873921637     
 -0.49800000000138667       0.52040994953965658     
 -0.49200000000138999       0.51506842781822082     
 -0.48600000000139332       0.50963228746289879     
 -0.48000000000139664       0.50410209165009923     
 -0.47400000000139997       0.49847843289823407     
 -0.46800000000140329       0.49276193311099198     
 -0.46200000000140662       0.48695324361020148     
 -0.45600000000140994       0.48105304515818548     
 -0.45000000000141327       0.47506204796951146     
 -0.44400000000141659       0.46898099171205015     
 -0.43800000000141992       0.46281064549725442     
 -0.43200000000142325       0.45655180785957999     
 -0.42600000000142657       0.45020530672497122     
 -0.42000000000142990       0.44377199936833722     
 -0.41400000000143322       0.43725277235995341     
 -0.40800000000143655       0.43064854150072363     
 -0.40200000000143987       0.42396025174624746     
 -0.39600000000144320       0.41718887711963604     
 -0.39000000000144652       0.41033542061302941     
 -0.38400000000144985       0.40340091407777162     
 -0.37800000000145317       0.39638641810320424     
 -0.37200000000145650       0.38929302188404680     
 -0.36600000000145982       0.38212184307633174     
 -0.36000000000146315       0.37487402764187361     
 -0.35400000000146647       0.36755074968125173     
 -0.34800000000146980       0.36015321125529687     
 -0.34200000000147313       0.35268264219506884     
 -0.33600000000147645       0.34514029990032785     
 -0.33000000000147978       0.33752746912649734     
 -0.32400000000148310       0.32984546176013219     
 -0.31800000000148643       0.32209561658289998     
 -0.31200000000148975       0.31427929902409957     
 -0.30600000000149308       0.30639790090173674     
 -0.30000000000149640       0.29845284015219287     
 -0.29400000000149973       0.29044556054851478     
 -0.28800000000150305       0.28237753140737520     
 -0.28200000000150638       0.27425024728474307     
 -0.27600000000150970       0.26606522766032070     
 -0.27000000000151303       0.25782401661080434     
 -0.26400000000151636       0.24952818247203115     
 -0.25800000000151968       0.24117931749008159     
 -0.25200000000152301       0.23277903746141357     
 -0.24600000000152633       0.22432898136210613     
 -0.24000000000152966       0.21583081096630033     
 -0.23400000000153298       0.20728621045392850     
 -0.22800000000153631       0.19869688600782778     
 -0.22200000000153963       0.19006456540034239     
 -0.21600000000154296       0.18139099756952087     
 -0.21000000000154628       0.17267795218502321     
 -0.20400000000154961       0.16392721920385614     
 -0.19800000000155293       0.15514060841606217     
 -0.19200000000155626       0.14631994898049089     
 -0.18600000000155958       0.13746708895078971     
 -0.18000000000156291       0.12858389479175378     
 -0.17400000000156624       0.11967225088617982     
 -0.16800000000156956       0.11073405903237959     
 -0.16200000000157289       0.10177123793250357     
 -0.15600000000157621        9.2785722671842499E-002
 -0.15000000000157954        8.3779464189268543E-002
 -0.14400000000158286        7.4754428738992101E-002
 -0.13800000000158619        6.5712597343808479E-002
 -0.13200000000158951        5.6655965240017994E-002
 -0.12600000000159284        4.7586541314204540E-002
 -0.12000000000159616        3.8506347532066408E-002
 -0.11400000000159949        2.9417418359493852E-002
 -0.10800000000160281        2.0321800176094140E-002
 -0.10200000000160614        1.1221550681372278E-002
  -9.6000000001609465E-002   2.1187382937727628E-003
  -9.0000000001612790E-002  -6.9845584571976375E-003
  -8.4000000001616115E-002  -1.6086251545552755E-002
  -7.8000000001619441E-002  -2.5184244069888312E-002
  -7.2000000001622766E-002  -3.4276430880698053E-002
  -6.6000000001626091E-002  -4.3360699213709865E-002
  -6.0000000001629417E-002  -5.2434929329011441E-002
  -5.4000000001632742E-002  -6.1496995155721650E-002
  -4.8000000001636067E-002  -7.0544764941969346E-002
  -4.2000000001639393E-002  -7.9576101909930863E-002
  -3.6000000001642718E-002  -8.8588864915676677E-002
  -3.0000000001646043E-002  -9.7580909113575642E-002
  -2.4000000001649369E-002 -0.10655008662499818     
  -1.8000000001652694E-002 -0.11549424721106144     
  -1.2000000001656019E-002 -0.12441123894915068     
  -6.0000000016593447E-003 -0.13329890891295518     
  -1.6626700016786344E-012 -0.14215510385574570     
   5.9999999983340602E-003 -0.15097767089662814     
   1.1999999998330790E-002 -0.15976445820949323     
   1.7999999998327521E-002 -0.16851331571439324     
   2.3999999998324251E-002 -0.17722209577106160     
   2.9999999998320981E-002 -0.18588865387429881     
   3.5999999998317711E-002 -0.19451084935094029     
   4.1999999998314441E-002 -0.20308654605812310     
   4.7999999998311171E-002 -0.21161361308256457     
   5.3999999998307902E-002 -0.22008992544056563     
   5.9999999998304632E-002 -0.22851336477845052     
   6.5999999998301362E-002 -0.23688182007315123     
   7.1999999998298092E-002 -0.24519318833264614     
   7.7999999998294822E-002 -0.25344537529595962     
   8.3999999998291552E-002 -0.26163629613243045     
   8.9999999998288283E-002 -0.26976387613995284     
   9.5999999998285013E-002 -0.27782605144189809     
  0.10199999999828174      -0.28582076968241943     
  0.10799999999827847      -0.29374599071984558     
  0.11399999999827520      -0.30159968731786829     
  0.11999999999827193      -0.30937984583422684     
  0.12599999999826866      -0.31708446690659620     
  0.13199999999826539      -0.32471156613538166     
  0.13799999999826212      -0.33225917476312755     
  0.14399999999825885      -0.33972534035024538     
  0.14999999999825558      -0.34710812744676806     
  0.15599999999825231      -0.35440561825983918     
  0.16199999999824904      -0.36161591331664578     
  0.16799999999824577      -0.36873713212250442     
  0.17399999999824250      -0.37576741381381468     
  0.17999999999823924      -0.38270491780558952     
  0.18599999999823597      -0.38954782443328256     
  0.19199999999823270      -0.39629433558862315     
  0.19799999999822943      -0.40294267534918515     
  0.20399999999822616      -0.40949109060140448     
  0.20999999999822289      -0.41593785165677261     
  0.21599999999821962      -0.42228125286092921     
  0.22199999999821635      -0.42851961319538756     
  0.22799999999821308      -0.43465127687161570     
  0.23399999999820981      -0.44067461391721718     
  0.23999999999820654      -0.44658802075394050     
  0.24599999999820327      -0.45238992076726331     
  0.25199999999820000      -0.45807876486729265     
  0.25799999999819673      -0.46365303204072833     
  0.26399999999819346      -0.46911122989364279     
  0.26999999999819019      -0.47445189518482944     
  0.27599999999818692      -0.47967359434947909     
  0.28199999999818365      -0.48477492401294836     
  0.28799999999818038      -0.48975451149438443     
  0.29399999999817711      -0.49461101529998025     
  0.29999999999817384      -0.49934312560563182     
  0.30599999999817057      -0.50394956472878183     
  0.31199999999816730      -0.50842908758923133     
  0.31799999999816403      -0.51278048215870942     
  0.32399999999816076      -0.51700256989899618     
  0.32999999999815749      -0.52109420618839852     
  0.33599999999815422      -0.52505428073638094     
  0.34199999999815095      -0.52888171798616423     
  0.34799999999814768      -0.53257547750510403     
  0.35399999999814441      -0.53613455436267254     
  0.35999999999814114      -0.53955797949586726     
  0.36599999999813787      -0.54284482006187929     
  0.37199999999813460      -0.54599417977785802     
  0.37799999999813133      -0.54900519924761781     
  0.38399999999812806      -0.55187705627513006     
  0.38999999999812479      -0.55460896616466338     
  0.39599999999812152      -0.55720018200742694     
  0.40199999999811825      -0.55964999495458589     
  0.40799999999811498      -0.56195773447652508     
  0.41399999999811171      -0.56412276860823718     
  0.41999999999810844      -0.56614450418072293     
  0.42599999999810517      -0.56802238703829677     
  0.43199999999810190      -0.56975590224169692     
  0.43799999999809863      -0.57134457425690321     
  0.44399999999809536      -0.57278796712957869     
  0.44999999999809209      -0.57408568464505061     
  0.45599999999808882      -0.57523737047375778     
  0.46199999999808550      -0.57624270830209823     
  0.46799999999808223      -0.57710142194861180     
  0.47399999999807896      -0.57781327546544847     
  0.47999999999807569      -0.57837807322507317     
  0.48599999999807242      -0.57879565999216476     
  0.49199999999806915      -0.57906592098067911     
  0.49799999999806588      -0.57918878189604828     
  0.50399999999806255      -0.57916420896249454     
  0.50999999999805934      -0.57899220893544956     
  0.51599999999805601      -0.57867282909906992     
  0.52199999999805280      -0.57820615724885260     
  0.52799999999804947      -0.57759232165935681     
  0.53399999999804626      -0.57683149103704900     
  0.53999999999804293      -0.57592387445828996     
  0.54599999999803972      -0.57486972129249636     
  0.55199999999803639      -0.57366932111051105     
  0.55799999999803318      -0.57232300357822363     
  0.56399999999802986      -0.57083113833549315     
  0.56999999999802653      -0.56919413486042725     
  0.57599999999802332      -0.56741244231908172     
  0.58199999999802010      -0.56548654940065113     
  0.58799999999801678      -0.56341698413822638     
  0.59399999999801345      -0.56120431371520130     
  0.59999999999801024      -0.55884914425742072     
  0.60599999999800702      -0.55635212061116590     
  0.61199999999800370      -0.55371392610707804     
  0.61799999999800037      -0.55093528231013222     
  0.62399999999799716      -0.54801694875577733     
  0.62999999999799394      -0.54495972267236192     
  0.63599999999799062      -0.54176443868997803     
  0.64199999999798729      -0.53843196853585462     
  0.64799999999798408      -0.53496322071644331     
  0.65399999999798086      -0.53135914018634323     
  0.65999999999797754      -0.52762070800421645     
  0.66599999999797421      -0.52374894097585478     
  0.67199999999797100      -0.51974489128456147     
  0.67799999999796778      -0.51560964610901716     
  0.68399999999796446      -0.51134432722880740     
  0.68999999999796113      -0.50695009061779328     
  0.69599999999795792      -0.50242812602551057     
  0.70199999999795470      -0.49777965654678880     
  0.70799999999795138      -0.49300593817979177     
  0.71399999999794805      -0.48810825937267577     
  0.71999999999794484      -0.48308794055907822     
  0.72599999999794163      -0.47794633368264428     
  0.73199999999793830      -0.47268482171081344     
  0.73799999999793497      -0.46730481813808145     
  0.74399999999793176      -0.46180776647896915     
  0.74999999999792855      -0.45619513975092607     
  0.75599999999792522      -0.45046843994740204     
  0.76199999999792190      -0.44462919750132868     
  0.76799999999791868      -0.43867897073925155     
  0.77399999999791547      -0.43261934532635871     
  0.77999999999791214      -0.42645193370265838     
  0.78599999999790882      -0.42017837451055795     
  0.79199999999790560      -0.41380033201410071     
  0.79799999999790239      -0.40731949551012342     
  0.80399999999789906      -0.40073757873159671     
  0.80999999999789574      -0.39405631924341411     
  0.81599999999789252      -0.38727747783090238     
  0.82199999999788931      -0.38040283788132273     
  0.82799999999788598      -0.37343420475863792     
  0.83399999999788266      -0.36637340517182476     
  0.83999999999787944      -0.35922228653700961     
  0.84599999999787623      -0.35198271633370887     
  0.85199999999787290      -0.34465658145545885     
  0.85799999999786958      -0.33724578755511930     
  0.86399999999786636      -0.32975225838514072     
  0.86999999999786315      -0.32217793513307902     
  0.87599999999785982      -0.31452477575265381     
  0.88199999999785650      -0.30679475429063524     
  0.88799999999785328      -0.29898986020985818     
  0.89399999999785007      -0.29111209770865121     
  0.89999999999784674      -0.28316348503697802     
  0.90599999999784342      -0.27514605380958457     
  0.91199999999784020      -0.26706184831644780     
  0.91799999999783699      -0.25891292483081940     
  0.92399999999783367      -0.25070135091516199     
  0.92999999999783034      -0.24242920472527379     
  0.93599999999782713      -0.23409857431289319     
  0.94199999999782391      -0.22571155692708303     
  0.94799999999782059      -0.21727025831468605     
  0.95399999999781726      -0.20877679202014571     
  0.95999999999781405      -0.20023327868498705     
  0.96599999999781083      -0.19164184534724818     
  0.97199999999780751      -0.18300462474115337     
  0.97799999999780418      -0.17432375459731975     
  0.98399999999780097      -0.16560137694378368     
  0.98999999999779775      -0.15683963740813578     
  0.99599999999779443      -0.14804068452104829     
   1.0019999999977911      -0.13920666902148041     
   1.0079999999977878      -0.13033974316384192     
   1.0139999999977845      -0.12144206002739426     
   1.0199999999977811      -0.11251577282816957     
   1.0259999999977778      -0.10356303423367881     
   1.0319999999977745       -9.4585995680683793E-002
   1.0379999999977712       -8.5586806696304668E-002
   1.0439999999977678       -7.6567614222726399E-002
   1.0499999999977645       -6.7530561945773351E-002
   1.0559999999977612       -5.8477789627608918E-002
   1.0619999999977578       -4.9411432443823719E-002
   1.0679999999977545       -4.0333620325162335E-002
   1.0739999999977512       -3.1246477304146102E-002
   1.0799999999977479       -2.2152120866835004E-002
   1.0859999999977445       -1.3052661309978758E-002
   1.0919999999977412       -3.9502011037949002E-003
   1.0979999999977379        5.1531657393877614E-003
   1.1039999999977346        1.4255354290384386E-002
   1.1099999999977312        2.3354289322082167E-002
   1.1159999999977279        3.2447905921811376E-002
   1.1219999999977246        4.1534150096941544E-002
   1.1279999999977213        5.0610979373482627E-002
   1.1339999999977179        5.9676363387480238E-002
   1.1399999999977146        6.8728284468994580E-002
   1.1459999999977113        7.7764738218461776E-002
   1.1519999999977080        8.6783734075234348E-002
   1.1579999999977046        9.5783295878110297E-002
   1.1639999999977013       0.10476146241765841     
   1.1699999999976980       0.11371628798015386     
   1.1759999999976947       0.12264584288294712     
   1.1819999999976913       0.13154821400108696     
   1.1879999999976880       0.14042150528503131     
   1.1939999999976847       0.14926383826927622     
   1.1999999999976814       0.15807335257174837     
   1.2059999999976780       0.16684820638380005     
   1.2119999999976747       0.17558657695066324     
   1.2179999999976714       0.18428666104221328     
   1.2239999999976681       0.19294667541390675     
   1.2299999999976647       0.20156485725775802     
   1.2359999999976614       0.21013946464322639     
   1.2419999999976581       0.21866877694789252     
   1.2479999999976548       0.22715109527780419     
   1.2539999999976514       0.23558474287738360     
   1.2599999999976481       0.24396806552878472     
   1.2659999999976448       0.25229943194060533     
   1.2719999999976415       0.26057723412585382     
   1.2779999999976381       0.26879988776908625     
   1.2839999999976348       0.27696583258262281     
   1.2899999999976315       0.28507353265177349     
   1.2959999999976282       0.29312147676899358     
   1.3019999999976248       0.30110817875690365     
   1.3079999999976215       0.30903217778011532     
   1.3139999999976182       0.31689203864580157     
   1.3199999999976149       0.32468635209296681     
   1.3259999999976115       0.33241373507036598     
   1.3319999999976082       0.34007283100303975     
   1.3379999999976049       0.34766231004742548     
   1.3439999999976016       0.35518086933502124     
   1.3499999999975982       0.36262723320457740     
   1.3559999999975949       0.37000015342279796     
   1.3619999999975916       0.37729840939354214     
   1.3679999999975883       0.38452080835551805     
   1.3739999999975849       0.39166618556846694     
   1.3799999999975816       0.39873340448784589     
   1.3859999999975783       0.40572135692801187     
   1.3919999999975750       0.41262896321392956     
   1.3979999999975716       0.41945517232141855     
   1.4039999999975683       0.42619896200596497     
   1.4099999999975650       0.43285933892012990     
   1.4159999999975617       0.43943533871958929     
   1.4219999999975583       0.44592602615784460     
   1.4279999999975550       0.45233049516965146     
   1.4339999999975517       0.45864786894321552     
   1.4399999999975484       0.46487729998120847     
   1.4459999999975450       0.47101797015066893     
   1.4519999999975417       0.47706909072184805     
   1.4579999999975384       0.48302990239607246     
   1.4639999999975351       0.48889967532269291     
   1.4699999999975317       0.49467770910520381     
   1.4759999999975284       0.50036333279661127     
   1.4819999999975251       0.50595590488413866     
   1.4879999999975217       0.51145481326335684     
   1.4939999999975184       0.51685947520184117     
   1.4999999999975151       0.52216933729244897     
   1.5059999999975118       0.52738387539632225     
   1.5119999999975084       0.53250259457572446     
   1.5179999999975051       0.53752502901681887     
   1.5239999999975018       0.54245074194250875     
   1.5299999999974985       0.54727932551544978     
   1.5359999999974951       0.55201040073136765     
   1.5419999999974918       0.55664361730279355     
   1.5479999999974885       0.56117865353335716     
   1.5539999999974852       0.56561521618276223     
   1.5599999999974818       0.56995304032258443     
   1.5659999999974785       0.57419188918302622     
   1.5719999999974752       0.57833155399077307     
   1.5779999999974719       0.58237185379809175     
   1.5839999999974685       0.58631263530332112     
   1.5899999999974652       0.59015377266290470     
   1.5959999999974619       0.59389516729511238     
   1.6019999999974586       0.59753674767561304     
   1.6079999999974552       0.60107846912505025     
   1.6139999999974519       0.60452031358878278     
   1.6199999999974486       0.60786228940894826     
   1.6259999999974453       0.61110443108901935     
   1.6319999999974419       0.61424679905101109     
   1.6379999999974386       0.61728947938551226     
   1.6439999999974353       0.62023258359470856     
   1.6499999999974320       0.62307624832856434     
   1.6559999999974286       0.62582063511434283     
   1.6619999999974253       0.62846593007963181     
   1.6679999999974220       0.63101234366905490     
   1.6739999999974187       0.63346011035484107     
   1.6799999999974153       0.63580948834143247     
   1.6859999999974120       0.63806075926430850     
   1.6919999999974087       0.64021422788320470     
   1.6979999999974054       0.64227022176991200     
   1.7039999999974020       0.64422909099082570     
   1.7099999999973987       0.64609120778444196     
   1.7159999999973954       0.64785696623396971     
   1.7219999999973921       0.64952678193525182     
   1.7279999999973887       0.65110109166016883     
   1.7339999999973854       0.65258035301571893     
   1.7399999999973821       0.65396504409894785     
   1.7459999999973788       0.65525566314792127     
   1.7519999999973754       0.65645272818891443     
   1.7579999999973721       0.65755677668001067     
   1.7639999999973688       0.65856836515128570     
   1.7699999999973655       0.65948806884176570     
   1.7759999999973621       0.66031648133333753     
   1.7819999999973588       0.66105421418179422     
   1.7879999999973555       0.66170189654519906     
   1.7939999999973522       0.66226017480974819     
   1.7999999999973488       0.66272971221330867     
   1.8059999999973455       0.66311118846681683     
   1.8119999999973422       0.66340529937370785     
   1.8179999999973389       0.66361275644756446     
   1.8239999999973355       0.66373428652814592     
   1.8299999999973322       0.66377063139599013     
   1.8359999999973289       0.66372254738574366     
   1.8419999999973256       0.66359080499841128     
   1.8479999999973222       0.66337618851267810     
   1.8539999999973189       0.66307949559548862     
   1.8599999999973156       0.66270153691204126     
   1.8659999999973123       0.66224313573536864     
   1.8719999999973089       0.66170512755566813     
   1.8779999999973056       0.66108835968954738     
   1.8839999999973023       0.66039369088933886     
   1.8899999999972990       0.65962199095265539     
   1.8959999999972956       0.65877414033233128     
   1.9019999999972923       0.65785102974691323     
   1.9079999999972890       0.65685355979185123     
   1.9139999999972857       0.65578264055154001     
   1.9199999999972823       0.65463919121236325     
   1.9259999999972790       0.65342413967688551     
   1.9319999999972757       0.65213842217933726     
   1.9379999999972723       0.65078298290253389     
   1.9439999999972690       0.64935877359637306     
   1.9499999999972657       0.64786675319804521     
   1.9559999999972624       0.64630788745409107     
   1.9619999999972590       0.64468314854444497     
   1.9679999999972557       0.64299351470858623     
   1.9739999999972524       0.64123996987393628     
   1.9799999999972491       0.63942350328661568     
   1.9859999999972457       0.63754510914469598     
   1.9919999999972424       0.63560578623405539     
   1.9979999999972391       0.63360653756696350     
   2.0039999999972355       0.63154837002350517     
   2.0099999999972322       0.62943229399596068     
   2.0159999999972289       0.62725932303624321     
   2.0219999999972256       0.62503047350651042     
   2.0279999999972222       0.62274676423304454     
   2.0339999999972189       0.62040921616350997     
   2.0399999999972156       0.61801885202768037     
   2.0459999999972123       0.61557669600173204     
   2.0519999999972089       0.61308377337620024     
   2.0579999999972056       0.61054111022768154     
   2.0639999999972023       0.60794973309437550     
   2.0699999999971990       0.60531066865554228     
   2.0759999999971956       0.60262494341496597     
   2.0819999999971923       0.59989358338849319     
   2.0879999999971890       0.59711761379572681     
   2.0939999999971857       0.59429805875595099     
   2.0999999999971823       0.59143594098834451     
   2.1059999999971790       0.58853228151656334     
   2.1119999999971757       0.58558809937774858     
   2.1179999999971724       0.58260441133602048     
   2.1239999999971690       0.57958223160051714     
   2.1299999999971657       0.57652257154803888     
   2.1359999999971624       0.57342643945033889     
   2.1419999999971591       0.57029484020612131     
   2.1479999999971557       0.56712877507778647     
   2.1539999999971524       0.56392924143296819     
   2.1599999999971491       0.56069723249090708     
   2.1659999999971458       0.55743373707369459     
   2.1719999999971424       0.55413973936242533     
   2.1779999999971391       0.55081621865828911     
   2.1839999999971358       0.54746414914863528     
   2.1899999999971325       0.54408449967803307     
   2.1959999999971291       0.54067823352435518     
   2.2019999999971258       0.53724630817990793     
   2.2079999999971225       0.53378967513762143     
   2.2139999999971192       0.53030927968232544     
   2.2199999999971158       0.52680606068711733     
   2.2259999999971125       0.52328095041483724     
   2.2319999999971092       0.51973487432466137     
   2.2379999999971059       0.51616875088381631     
   2.2439999999971025       0.51258349138442216     
   2.2499999999970992       0.50897999976546249     
   2.2559999999970959       0.50535917243988693     
   2.2619999999970926       0.50172189812683499     
   2.2679999999970892       0.49806905768898507     
   2.2739999999970859       0.49440152397501369     
   2.2799999999970826       0.49072016166715976     
   2.2859999999970793       0.48702582713388232     
   2.2919999999970759       0.48331936828759170     
   2.2979999999970726       0.47960162444744836     
   2.3039999999970693       0.47587342620720136     
   2.3099999999970660       0.47213559530805144     
   2.3159999999970626       0.46838894451651525     
   2.3219999999970593       0.46463427750726805     
   2.3279999999970560       0.46087238875093450     
   2.3339999999970527       0.45710406340680487     
   2.3399999999970493       0.45333007722044366     
   2.3459999999970460       0.44955119642615959     
   2.3519999999970427       0.44576817765430365     
   2.3579999999970394       0.44198176784336130     
   2.3639999999970360       0.43819270415679995     
   2.3699999999970327       0.43440171390463489     
   2.3759999999970294       0.43060951446967427     
   2.3819999999970261       0.42681681323840021     
   2.3879999999970227       0.42302430753644316     
   2.3939999999970194       0.41923268456860768     
   2.3999999999970161       0.41544262136340065     
   2.4059999999970128       0.41165478472201561     
   2.4119999999970094       0.40786983117172765     
   2.4179999999970061       0.40408840692364506     
   2.4239999999970028       0.40031114783476968     
   2.4299999999969994       0.39653867937431331     
   2.4359999999969961       0.39277161659421550     
   2.4419999999969928       0.38901056410381157     
   2.4479999999969895       0.38525611604859294     
   2.4539999999969861       0.38150885609300383     
   2.4599999999969828       0.37776935740721851     
   2.4659999999969795       0.37403818265784039     
   2.4719999999969762       0.37031588400246290     
   2.4779999999969728       0.36660300308803434     
   2.4839999999969695       0.36290007105296335     
   2.4899999999969662       0.35920760853290823     
   2.4959999999969629       0.35552612567018316     
   2.5019999999969600       0.35185612212672190     
   2.5079999999969567       0.34819808710053496     
   2.5139999999969533       0.34455249934559579     
   2.5199999999969500       0.34091982719509317     
   2.5259999999969467       0.33730052858798498     
   2.5319999999969434       0.33369505109878467     
   2.5379999999969400       0.33010383197052146     
   2.5439999999969367       0.32652729815080128     
   2.5499999999969334       0.32296586633090790     
   2.5559999999969301       0.31941994298787446     
   2.5619999999969267       0.31588992442945935     
   2.5679999999969234       0.31237619684196088     
   2.5739999999969201       0.30887913634080072     
   2.5799999999969168       0.30539910902381279     
   2.5859999999969134       0.30193647102716736     
   2.5919999999969101       0.29849156858386255     
   2.5979999999969068       0.29506473808472033     
   2.6039999999969035       0.29165630614181270     
   2.6099999999969001       0.28826658965425805     
   2.6159999999968968       0.28489589587631414     
   2.6219999999968935       0.28154452248770578     
   2.6279999999968902       0.27821275766611570     
   2.6339999999968868       0.27490088016177611     
   2.6399999999968835       0.27160915937409080     
   2.6459999999968802       0.26833785543022326     
   2.6519999999968769       0.26508721926558515     
   2.6579999999968735       0.26185749270615749     
   2.6639999999968702       0.25864890855258194     
   2.6699999999968669       0.25546169066595287     
   2.6759999999968636       0.25229605405525096     
   2.6819999999968602       0.24915220496634929     
   2.6879999999968569       0.24603034097253093     
   2.6939999999968536       0.24293065106645206     
   2.6999999999968503       0.23985331575349100     
   2.7059999999968469       0.23679850714641892     
   2.7119999999968436       0.23376638906132807     
   2.7179999999968403       0.23075711711476177     
   2.7239999999968370       0.22777083882197932     
   2.7299999999968336       0.22480769369629983     
   2.7359999999968303       0.22186781334946387     
   2.7419999999968270       0.21895132159295319     
   2.7479999999968237       0.21605833454021228     
   2.7539999999968203       0.21318896070971172     
   2.7599999999968170       0.21034330112879815     
   2.7659999999968137       0.20752144943827391     
   2.7719999999968103       0.20472349199765075     
   2.7779999999968070       0.20194950799102254     
   2.7839999999968037       0.19919956953350407     
   2.7899999999968004       0.19647374177818017     
   2.7959999999967970       0.19377208302351570     
   2.8019999999967937       0.19109464482117222     
   2.8079999999967904       0.18844147208418111     
   2.8139999999967871       0.18581260319542320     
   2.8199999999967837       0.18320807011636533     
   2.8259999999967804       0.18062789849600452     
   2.8319999999967771       0.17807210777997340     
   2.8379999999967738       0.17554071131975948     
   2.8439999999967704       0.17303371648199137     
   2.8499999999967671       0.17055112475774717     
   2.8559999999967638       0.16809293187184188     
   2.8619999999967605       0.16565912789204862     
   2.8679999999967571       0.16324969733821149     
   2.8739999999967538       0.16086461929120952     
   2.8799999999967505       0.15850386750172940     
   2.8859999999967472       0.15616741049880720     
   2.8919999999967438       0.15385521169810107     
   2.8979999999967405       0.15156722950985582     
   2.9039999999967372       0.14930341744652126     
   2.9099999999967339       0.14706372422998995     
   2.9159999999967305       0.14484809389841780     
   2.9219999999967272       0.14265646591259104     
   2.9279999999967239       0.14048877526181042     
   2.9339999999967206       0.13834495256925358     
   2.9399999999967172       0.13622492419678989     
   2.9459999999967139       0.13412861234921108     
   2.9519999999967106       0.13205593517785294     
   2.9579999999967073       0.13000680688357291     
   2.9639999999967039       0.12798113781906054     
   2.9699999999967006       0.12597883459044920     
   2.9759999999966973       0.12399980015820501     
   2.9819999999966940       0.12204393393726580     
   2.9879999999966906       0.12011113189640547     
   2.9939999999966873       0.11820128665679906     
