  -3.0000000000000000        1.4109386250083541E-003
  -2.9940000000000033        1.4472794644468337E-003
  -2.9880000000000067        1.4844807373395202E-003
  -2.9820000000000100        1.5225607239617144E-003
  -2.9760000000000133        1.5615380380644395E-003
  -2.9700000000000166        1.6014316315897405E-003
  -2.9640000000000200        1.6422607994196323E-003
  -2.9580000000000233        1.6840451841580711E-003
  -2.9520000000000266        1.7268047809453522E-003
  -2.9460000000000299        1.7705599423042365E-003
  -2.9400000000000333        1.8153313830171342E-003
  -2.9340000000000366        1.8611401850336005E-003
  -2.9280000000000399        1.9080078024074530E-003
  -2.9220000000000432        1.9559560662626365E-003
  -2.9160000000000466        2.0050071897871184E-003
  -2.9100000000000499        2.0551837732539278E-003
  -2.9040000000000532        2.1065088090684806E-003
  -2.8980000000000565        2.1590056868412625E-003
  -2.8920000000000599        2.2126981984849905E-003
  -2.8860000000000632        2.2676105433352316E-003
  -2.8800000000000665        2.3237673332935139E-003
  -2.8740000000000698        2.3811935979919001E-003
  -2.8680000000000732        2.4399147899779130E-003
  -2.8620000000000765        2.4999567899187847E-003
  -2.8560000000000798        2.5613459118238586E-003
  -2.8500000000000831        2.6241089082839363E-003
  -2.8440000000000865        2.6882729757264738E-003
  -2.8380000000000898        2.7538657596852915E-003
  -2.8320000000000931        2.8209153600835587E-003
  -2.8260000000000964        2.8894503365287437E-003
  -2.8200000000000998        2.9594997136182261E-003
  -2.8140000000001031        3.0310929862540949E-003
  -2.8080000000001064        3.1042601249657996E-003
  -2.8020000000001097        3.1790315812391711E-003
  -2.7960000000001131        3.2554382928502946E-003
  -2.7900000000001164        3.3335116892027577E-003
  -2.7840000000001197        3.4132836966666333E-003
  -2.7780000000001230        3.4947867439176512E-003
  -2.7720000000001264        3.5780537672748837E-003
  -2.7660000000001297        3.6631182160352786E-003
  -2.7600000000001330        3.7500140578032586E-003
  -2.7540000000001363        3.8387757838137127E-003
  -2.7480000000001397        3.9294384142465194E-003
  -2.7420000000001430        4.0220375035307327E-003
  -2.7360000000001463        4.1166091456366341E-003
  -2.7300000000001496        4.2131899793536546E-003
  -2.7240000000001530        4.3118171935522011E-003
  -2.7180000000001563        4.4125285324274647E-003
  -2.7120000000001596        4.5153623007230526E-003
  -2.7060000000001629        4.6203573689324413E-003
  -2.7000000000001663        4.7275531784761017E-003
  -2.6940000000001696        4.8369897468521373E-003
  -2.6880000000001729        4.9487076727581618E-003
  -2.6820000000001762        5.0627481411823121E-003
  -2.6760000000001796        5.1791529284609186E-003
  -2.6700000000001829        5.2979644073006954E-003
  -2.6640000000001862        5.4192255517629268E-003
  -2.6580000000001895        5.5429799422073087E-003
  -2.6520000000001929        5.6692717701929737E-003
  -2.6460000000001962        5.7981458433342577E-003
  -2.6400000000001995        5.9296475901085555E-003
  -2.6340000000002028        6.0638230646138068E-003
  -2.6280000000002062        6.2007189512729502E-003
  -2.6220000000002095        6.3403825694827018E-003
  -2.6160000000002128        6.4828618782038884E-003
  -2.6100000000002161        6.6282054804907703E-003
  -2.6040000000002195        6.7764626279563488E-003
  -2.5980000000002228        6.9276832251710793E-003
  -2.5920000000002261        7.0819178339919520E-003
  -2.5860000000002294        7.2392176778191316E-003
  -2.5800000000002328        7.3996346457772012E-003
  -2.5740000000002361        7.5632212968181111E-003
  -2.5680000000002394        7.7300308637426622E-003
  -2.5620000000002427        7.9001172571376722E-003
  -2.5560000000002461        8.0735350692255885E-003
  -2.5500000000002494        8.2503395776235330E-003
  -2.5440000000002527        8.4305867490085690E-003
  -2.5380000000002561        8.6143332426859964E-003
  -2.5320000000002594        8.8016364140574982E-003
  -2.5260000000002627        8.9925543179858493E-003
  -2.5200000000002660        9.1871457120528480E-003
  -2.5140000000002694        9.3854700597072478E-003
  -2.5080000000002727        9.5875875332992501E-003
  -2.5020000000002760        9.7935590169981584E-003
  -2.4960000000002793        1.0003446109589883E-002
  -2.4900000000002827        1.0217311127150635E-002
  -2.4840000000002860        1.0435217105593616E-002
  -2.4780000000002893        1.0657227803084850E-002
  -2.4720000000002926        1.0883407702324986E-002
  -2.4660000000002960        1.1113822012693180E-002
  -2.4600000000002993        1.1348536672249613E-002
  -2.4540000000003026        1.1587618349593116E-002
  -2.4480000000003059        1.1831134445570058E-002
  -2.4420000000003093        1.2079153094830937E-002
  -2.4360000000003126        1.2331743167231042E-002
  -2.4300000000003159        1.2588974269071334E-002
  -2.4240000000003192        1.2850916744175945E-002
  -2.4180000000003226        1.3117641674802494E-002
  -2.4120000000003259        1.3389220882381380E-002
  -2.4060000000003292        1.3665726928080478E-002
  -2.4000000000003325        1.3947233113191100E-002
  -2.3940000000003359        1.4233813479331761E-002
  -2.3880000000003392        1.4525542808465774E-002
  -2.3820000000003425        1.4822496622728614E-002
  -2.3760000000003458        1.5124751184061690E-002
  -2.3700000000003492        1.5432383493648161E-002
  -2.3640000000003525        1.5745471291147253E-002
  -2.3580000000003558        1.6064093053723080E-002
  -2.3520000000003591        1.6388327994864119E-002
  -2.3460000000003625        1.6718256062989382E-002
  -2.3400000000003658        1.7053957939837557E-002
  -2.3340000000003691        1.7395515038635064E-002
  -2.3280000000003724        1.7743009502039241E-002
  -2.3220000000003758        1.8096524199852793E-002
  -2.3160000000003791        1.8456142726505489E-002
  -2.3100000000003824        1.8821949398299464E-002
  -2.3040000000003857        1.9194029250413996E-002
  -2.2980000000003891        1.9572468033666187E-002
  -2.2920000000003924        1.9957352211023439E-002
  -2.2860000000003957        2.0348768953864109E-002
  -2.2800000000003990        2.0746806137982410E-002
  -2.2740000000004024        2.1151552339333753E-002
  -2.2680000000004057        2.1563096829516883E-002
  -2.2620000000004090        2.1981529570988867E-002
  -2.2560000000004123        2.2406941212009389E-002
  -2.2500000000004157        2.2839423081310456E-002
  -2.2440000000004190        2.3279067182488015E-002
  -2.2380000000004223        2.3725966188111677E-002
  -2.2320000000004256        2.4180213433548953E-002
  -2.2260000000004290        2.4641902910500609E-002
  -2.2200000000004323        2.5111129260243208E-002
  -2.2140000000004356        2.5587987766575667E-002
  -2.2080000000004389        2.6072574348466233E-002
  -2.2020000000004423        2.6564985552396267E-002
  -2.1960000000004456        2.7065318544397813E-002
  -2.1900000000004489        2.7573671101781209E-002
  -2.1840000000004522        2.8090141604549788E-002
  -2.1780000000004556        2.8614829026498041E-002
  -2.1720000000004589        2.9147832925990474E-002
  -2.1660000000004622        2.9689253436417724E-002
  -2.1600000000004655        3.0239191256326795E-002
  -2.1540000000004689        3.0797747639222786E-002
  -2.1480000000004722        3.1365024383038606E-002
  -2.1420000000004755        3.1941123819270244E-002
  -2.1360000000004788        3.2526148801774540E-002
  -2.1300000000004822        3.3120202695226676E-002
  -2.1240000000004855        3.3723389363234671E-002
  -2.1180000000004888        3.4335813156108633E-002
  -2.1120000000004922        3.4957578898281605E-002
  -2.1060000000004955        3.5588791875379985E-002
  -2.1000000000004988        3.6229557820941186E-002
  -2.0940000000005021        3.6879982902775804E-002
  -2.0880000000005055        3.7540173708972599E-002
  -2.0820000000005088        3.8210237233543672E-002
  -2.0760000000005121        3.8890280861708454E-002
  -2.0700000000005154        3.9580412354813722E-002
  -2.0640000000005188        4.0280739834888564E-002
  -2.0580000000005221        4.0991371768832108E-002
  -2.0520000000005254        4.1712416952232663E-002
  -2.0460000000005287        4.2443984492816299E-002
  -2.0400000000005321        4.3186183793524048E-002
  -2.0340000000005354        4.3939124535215722E-002
  -2.0280000000005387        4.4702916658999850E-002
  -2.0220000000005420        4.5477670348187962E-002
  -2.0160000000005454        4.6263496009872666E-002
  -2.0100000000005487        4.7060504256128524E-002
  -2.0040000000005520        4.7868805884835004E-002
  -1.9980000000005553        4.8688511860120701E-002
  -1.9920000000005587        4.9519733292428918E-002
  -1.9860000000005620        5.0362581418203142E-002
  -1.9800000000005653        5.1217167579193514E-002
  -1.9740000000005686        5.2083603201383069E-002
  -1.9680000000005720        5.2961999773534586E-002
  -1.9620000000005753        5.3852468825357332E-002
  -1.9560000000005786        5.4755121905295183E-002
  -1.9500000000005819        5.5670070557935332E-002
  -1.9440000000005853        5.6597426301039130E-002
  -1.9380000000005886        5.7537300602195120E-002
  -1.9320000000005919        5.8489804855095764E-002
  -1.9260000000005952        5.9455050355438251E-002
  -1.9200000000005986        6.0433148276451069E-002
  -1.9140000000006019        6.1424209644047531E-002
  -1.9080000000006052        6.2428345311607576E-002
  -1.9020000000006085        6.3445665934389814E-002
  -1.8960000000006119        6.4476281943575284E-002
  -1.8900000000006152        6.5520303519945242E-002
  -1.8840000000006185        6.6577840567194749E-002
  -1.8780000000006218        6.7649002684884899E-002
  -1.8720000000006252        6.8733899141035393E-002
  -1.8660000000006285        6.9832638844360986E-002
  -1.8600000000006318        7.0945330316153687E-002
  -1.8540000000006351        7.2072081661814585E-002
  -1.8480000000006385        7.3213000542037943E-002
  -1.8420000000006418        7.4368194143650826E-002
  -1.8360000000006451        7.5537769150112066E-002
  -1.8300000000006484        7.6721831711674293E-002
  -1.8240000000006518        7.7920487415212278E-002
  -1.8180000000006551        7.9133841253722789E-002
  -1.8120000000006584        8.0361997595498752E-002
  -1.8060000000006617        8.1605060152983425E-002
  -1.8000000000006651        8.2863131951308344E-002
  -1.7940000000006684        8.4136315296520298E-002
  -1.7880000000006717        8.5424711743501788E-002
  -1.7820000000006750        8.6728422063590868E-002
  -1.7760000000006784        8.8047546211905095E-002
  -1.7700000000006817        8.9382183294375084E-002
  -1.7640000000006850        9.0732431534494146E-002
  -1.7580000000006883        9.2098388239788539E-002
  -1.7520000000006917        9.3480149768016482E-002
  -1.7460000000006950        9.4877811493099762E-002
  -1.7400000000006983        9.6291467770796391E-002
  -1.7340000000007016        9.7721211904120128E-002
  -1.7280000000007050        9.9167136108513868E-002
  -1.7220000000007083       0.10062933147678345     
  -1.7160000000007116       0.10210788794380052     
  -1.7100000000007149       0.10360289425097995     
  -1.7040000000007183       0.10511443791054127     
  -1.6980000000007216       0.10664260516956063     
  -1.6920000000007249       0.10818748097382166     
  -1.6860000000007282       0.10974914893147417     
  -1.6800000000007316       0.11132769127650746     
  -1.6740000000007349       0.11292318883204870     
  -1.6680000000007382       0.11453572097349356     
  -1.6620000000007416       0.11616536559147883     
  -1.6560000000007449       0.11781219905470613     
  -1.6500000000007482       0.11947629617262577     
  -1.6440000000007515       0.12115773015799024     
  -1.6380000000007549       0.12285657258928724     
  -1.6320000000007582       0.12457289337306209     
  -1.6260000000007615       0.12630676070613914     
  -1.6200000000007648       0.12805824103775304     
  -1.6140000000007682       0.12982739903159965     
  -1.6080000000007715       0.13161429752781748     
  -1.6020000000007748       0.13341899750491018     
  -1.5960000000007781       0.13524155804162144     
  -1.5900000000007815       0.13708203627877291     
  -1.5840000000007848       0.13894048738107592     
  -1.5780000000007881       0.14081696449893005     
  -1.5720000000007914       0.14271151873021803     
  -1.5660000000007948       0.14462419908211030     
  -1.5600000000007981       0.14655505243289010     
  -1.5540000000008014       0.14850412349381190     
  -1.5480000000008047       0.15047145477100410     
  -1.5420000000008081       0.15245708652743040     
  -1.5360000000008114       0.15446105674491981     
  -1.5300000000008147       0.15648340108627995     
  -1.5240000000008180       0.15852415285750501     
  -1.5180000000008214       0.16058334297009233     
  -1.5120000000008247       0.16266099990347949     
  -1.5060000000008280       0.16475714966761601     
  -1.5000000000008313       0.16687181576568241     
  -1.4940000000008347       0.16900501915697000     
  -1.4880000000008380       0.17115677821993497     
  -1.4820000000008413       0.17332710871544060     
  -1.4760000000008446       0.17551602375020078     
  -1.4700000000008480       0.17772353374043912     
  -1.4640000000008513       0.17994964637577737     
  -1.4580000000008546       0.18219436658336713     
  -1.4520000000008579       0.18445769649227875     
  -1.4460000000008613       0.18673963539816207     
  -1.4400000000008646       0.18904017972819304     
  -1.4340000000008679       0.19135932300631991     
  -1.4280000000008712       0.19369705581882465     
  -1.4220000000008746       0.19605336578021282     
  -1.4160000000008779       0.19842823749944746     
  -1.4100000000008812       0.20082165254654025     
  -1.4040000000008845       0.20323358941951647     
  -1.3980000000008879       0.20566402351176630     
  -1.3920000000008912       0.20811292707979870     
  -1.3860000000008945       0.21058026921141224     
  -1.3800000000008978       0.21306601579429693     
  -1.3740000000009012       0.21557012948508325     
  -1.3680000000009045       0.21809256967885121     
  -1.3620000000009078       0.22063329247911673     
  -1.3560000000009111       0.22319225066830747     
  -1.3500000000009145       0.22576939367874532     
  -1.3440000000009178       0.22836466756414889     
  -1.3380000000009211       0.23097801497167073     
  -1.3320000000009244       0.23360937511448562     
  -1.3260000000009278       0.23625868374494233     
  -1.3200000000009311       0.23892587312829575     
  -1.3140000000009344       0.24161087201703269     
  -1.3080000000009377       0.24431360562580653     
  -1.3020000000009411       0.24703399560699474     
  -1.2960000000009444       0.24977196002689520     
  -1.2900000000009477       0.25252741334257328     
  -1.2840000000009510       0.25530026637937708     
  -1.2780000000009544       0.25809042630913254     
  -1.2720000000009577       0.26089779662903412     
  -1.2660000000009610       0.26372227714124435     
  -1.2600000000009643       0.26656376393321729     
  -1.2540000000009677       0.26942214935875847     
  -1.2480000000009710       0.27229732201983603     
  -1.2420000000009743       0.27518916674915667     
  -1.2360000000009776       0.27809756459351975     
  -1.2300000000009810       0.28102239279796254     
  -1.2240000000009843       0.28396352479071107     
  -1.2180000000009876       0.28692083016894837     
  -1.2120000000009910       0.28989417468541401     
  -1.2060000000009943       0.29288342023584740     
  -1.2000000000009976       0.29588842484728739     
  -1.1940000000010009       0.29890904266724089     
  -1.1880000000010043       0.30194512395373252     
  -1.1820000000010076       0.30499651506624809     
  -1.1760000000010109       0.30806305845758225     
  -1.1700000000010142       0.31114459266660383     
  -1.1640000000010176       0.31424095231194932     
  -1.1580000000010209       0.31735196808665622     
  -1.1520000000010242       0.32047746675374628     
  -1.1460000000010275       0.32361727114277106     
  -1.1400000000010309       0.32677120014732941     
  -1.1340000000010342       0.32993906872356704     
  -1.1280000000010375       0.33312068788966870     
  -1.1220000000010408       0.33631586472635300     
  -1.1160000000010442       0.33952440237837844     
  -1.1100000000010475       0.34274610005707162     
  -1.1040000000010508       0.34598075304388470     
  -1.0980000000010541       0.34922815269499224     
  -1.0920000000010575       0.35248808644693547     
  -1.0860000000010608       0.35576033782332162     
  -1.0800000000010641       0.35904468644258775     
  -1.0740000000010674       0.36234090802683405     
  -1.0680000000010708       0.36564877441173627     
  -1.0620000000010741       0.36896805355754314     
  -1.0560000000010774       0.37229850956116523     
  -1.0500000000010807       0.37563990266936148     
  -1.0440000000010841       0.37899198929303041     
  -1.0380000000010874       0.38235452202260956     
  -1.0320000000010907       0.38572724964459104     
  -1.0260000000010940       0.38910991715915494     
  -1.0200000000010974       0.39250226579892838     
  -1.0140000000011007       0.39590403304887156     
  -1.0080000000011040       0.39931495266729644     
  -1.0020000000011073       0.40273475470802073     
 -0.99600000000111066       0.40616316554366028     
 -0.99000000000111399       0.40959990789006279     
 -0.98400000000111731       0.41304470083188433     
 -0.97800000000112064       0.41649725984931213     
 -0.97200000000112396       0.41995729684593325     
 -0.96600000000112729       0.42342452017775156     
 -0.96000000000113062       0.42689863468335354     
 -0.95400000000113394       0.43037934171522224     
 -0.94800000000113727       0.43386633917220052     
 -0.94200000000114059       0.43735932153310281     
 -0.93600000000114392       0.44085797989147285     
 -0.93000000000114724       0.44436200199148918     
 -0.92400000000115057       0.44787107226501321     
 -0.91800000000115389       0.45138487186977977     
 -0.91200000000115722       0.45490307872872715     
 -0.90600000000116054       0.45842536757046276     
 -0.90000000000116387       0.46195140997086254     
 -0.89400000000116719       0.46548087439579777     
 -0.88800000000117052       0.46901342624498743     
 -0.88200000000117385       0.47254872789696961     
 -0.87600000000117717       0.47608643875518775     
 -0.87000000000118050       0.47962621529518501     
 -0.86400000000118382       0.48316771111290163     
 -0.85800000000118715       0.48671057697406850     
 -0.85200000000119047       0.49025446086468955     
 -0.84600000000119380       0.49379900804260529     
 -0.84000000000119712       0.49734386109013140     
 -0.83400000000120045       0.50088865996776122     
 -0.82800000000120377       0.50443304206892592     
 -0.82200000000120710       0.50797664227580219     
 -0.81600000000121042       0.51151909301615650     
 -0.81000000000121375       0.51506002432121900     
 -0.80400000000121707       0.51859906388457289     
 -0.79800000000122040       0.52213583712205136     
 -0.79200000000122373       0.52566996723262882     
 -0.78600000000122705       0.52920107526029436     
 -0.78000000000123038       0.53272878015689795     
 -0.77400000000123370       0.53625269884595328     
 -0.76800000000123703       0.53977244628738563     
 -0.76200000000124035       0.54328763554321169     
 -0.75600000000124368       0.54679787784413680     
 -0.75000000000124700       0.55030278265705446     
 -0.74400000000125033       0.55380195775343555     
 -0.73800000000125365       0.55729500927858944     
 -0.73200000000125698       0.56078154182178275     
 -0.72600000000126030       0.56426115848719960     
 -0.72000000000126363       0.56773346096572719     
 -0.71400000000126695       0.57119804960754894     
 -0.70800000000127028       0.57465452349552892     
 -0.70200000000127361       0.57810248051936897     
 -0.69600000000127693       0.58154151745052229     
 -0.69000000000128026       0.58497123001784179     
 -0.68400000000128358       0.58839121298394970     
 -0.67800000000128691       0.59180106022230283     
 -0.67200000000129023       0.59520036479494021     
 -0.66600000000129356       0.59858871903088806     
 -0.66000000000129688       0.60196571460520620     
 -0.65400000000130021       0.60533094261865183     
 -0.64800000000130353       0.60868399367794279     
 -0.64200000000130686       0.61202445797659633     
 -0.63600000000131018       0.61535192537632433     
 -0.63000000000131351       0.61866598548896112     
 -0.62400000000131683       0.62196622775890331     
 -0.61800000000132016       0.62525224154603753     
 -0.61200000000132349       0.62852361620913555     
 -0.60600000000132681       0.63177994118969127     
 -0.60000000000133014       0.63502080609617739     
 -0.59400000000133346       0.63824580078869930     
 -0.58800000000133679       0.64145451546401966     
 -0.58200000000134011       0.64464654074093208     
 -0.57600000000134344       0.64782146774595806     
 -0.57000000000134676       0.65097888819934357     
 -0.56400000000135009       0.65411839450132825     
 -0.55800000000135341       0.65723957981866588     
 -0.55200000000135674       0.66034203817136772     
 -0.54600000000136006       0.66342536451964329     
 -0.54000000000136339       0.66648915485101612     
 -0.53400000000136671       0.66953300626758427     
 -0.52800000000137004       0.67255651707340292     
 -0.52200000000137337       0.67555928686196065     
 -0.51600000000137669       0.67854091660372540     
 -0.51000000000138002       0.68150100873373076     
 -0.50400000000138334       0.68443916723917830     
 -0.49800000000138661       0.68735499774702824     
 -0.49200000000138988       0.69024810761155120     
 -0.48600000000139315       0.69311810600181512     
 -0.48000000000139642       0.69596460398907933     
 -0.47400000000139969       0.69878721463406979     
 -0.46800000000140296       0.70158555307410575     
 -0.46200000000140623       0.70435923661005440     
 -0.45600000000140950       0.70710788479308284     
 -0.45000000000141277       0.70983111951118194     
 -0.44400000000141604       0.71252856507543316     
 -0.43800000000141931       0.71519984830599281     
 -0.43200000000142258       0.71784459861776506     
 -0.42600000000142585       0.72046244810573579     
 -0.42000000000142912       0.72305303162994261     
 -0.41400000000143239       0.72561598690004914     
 -0.40800000000143566       0.72815095455950118     
 -0.40200000000143893       0.73065757826923439     
 -0.39600000000144220       0.73313550479090639     
 -0.39000000000144547       0.73558438406962789     
 -0.38400000000144874       0.73800386931616457     
 -0.37800000000145201       0.74039361708858231     
 -0.37200000000145528       0.74275328737331070     
 -0.36600000000145855       0.74508254366559545     
 -0.36000000000146182       0.74738105304931657     
 -0.35400000000146509       0.74964848627614245     
 -0.34800000000146836       0.75188451784399546     
 -0.34200000000147163       0.75408882607480354     
 -0.33600000000147490       0.75626109319150869     
 -0.33000000000147817       0.75840100539431121     
 -0.32400000000148144       0.76050825293611979     
 -0.31800000000148471       0.76258253019718469     
 -0.31200000000148798       0.76462353575888842     
 -0.30600000000149125       0.76663097247666812     
 -0.30000000000149452       0.76860454755204521     
 -0.29400000000149779       0.77054397260373986     
 -0.28800000000150106       0.77244896373784266     
 -0.28200000000150433       0.77431924161702226     
 -0.27600000000150759       0.77615453152874481     
 -0.27000000000151086       0.77795456345248137     
 -0.26400000000151413       0.77971907212587999     
 -0.25800000000151740       0.78144779710988166     
 -0.25200000000152067       0.78314048285275528     
 -0.24600000000152394       0.78479687875303084     
 -0.24000000000152721       0.78641673922131039     
 -0.23400000000153048       0.78799982374093225     
 -0.22800000000153375       0.78954589692747057     
 -0.22200000000153702       0.79105472858704862     
 -0.21600000000154029       0.79252609377344452     
 -0.21000000000154356       0.79395977284397101     
 -0.20400000000154683       0.79535555151410964     
 -0.19800000000155010       0.79671322091087926     
 -0.19200000000155337       0.79803257762492152     
 -0.18600000000155664       0.79931342376128456     
 -0.18000000000155991       0.80055556698888741     
 -0.17400000000156318       0.80175882058864689     
 -0.16800000000156645       0.80292300350025170     
 -0.16200000000156972       0.80404794036756622     
 -0.15600000000157299       0.80513346158264831     
 -0.15000000000157626       0.80617940332836535     
 -0.14400000000157953       0.80718560761959468     
 -0.13800000000158280       0.80815192234299227     
 -0.13200000000158607       0.80907820129531660     
 -0.12600000000158934       0.80996430422029508     
 -0.12000000000159261       0.81081009684401695     
 -0.11400000000159588       0.81161545090884457     
 -0.10800000000159915       0.81238024420582688     
 -0.10200000000160242       0.81310436060560642     
  -9.6000000001605690E-002  0.81378769008780771     
  -9.0000000001608960E-002  0.81443012876889675     
  -8.4000000001612229E-002  0.81503157892850198     
  -7.8000000001615499E-002  0.81559194903418708     
  -7.2000000001618769E-002  0.81611115376466736     
  -6.6000000001622039E-002  0.81658911403146039     
  -6.0000000001625316E-002  0.81702575699896496     
  -5.4000000001628592E-002  0.81742101610295892     
  -4.8000000001631869E-002  0.81777483106751181     
  -4.2000000001635146E-002  0.81808714792030368     
  -3.6000000001638423E-002  0.81835791900634780     
  -3.0000000001641696E-002  0.81858710300010873     
  -2.4000000001644969E-002  0.81877466491601414     
  -1.8000000001648243E-002  0.81892057611735636     
  -1.2000000001651516E-002  0.81902481432357854     
  -6.0000000016547901E-003  0.81908736361594525     
  -1.6580643108499160E-012  0.81910821444159443     
   5.9999999983386615E-003  0.81908736361596834     
   1.1999999998335387E-002  0.81902481432362462     
   1.7999999998332114E-002  0.81892057611742541     
   2.3999999998328841E-002  0.81877466491610629     
   2.9999999998325567E-002  0.81858710300022386     
   3.5999999998322291E-002  0.81835791900648602     
   4.1999999998319014E-002  0.81808714792046489     
   4.7999999998315737E-002  0.81777483106769588     
   5.3999999998312460E-002  0.81742101610316598     
   5.9999999998309184E-002  0.81702575699919489     
   6.5999999998305914E-002  0.81658911403171319     
   7.1999999998302644E-002  0.81611115376494292     
   7.7999999998299374E-002  0.81559194903448540     
   8.3999999998296104E-002  0.81503157892882305     
   8.9999999998292834E-002  0.81443012876924059     
   9.5999999998289565E-002  0.81378769008817409     
  0.10199999999828629       0.81310436060599534     
  0.10799999999828302       0.81238024420623833     
  0.11399999999827976       0.81161545090927856     
  0.11999999999827649       0.81081009684447336     
  0.12599999999827322       0.80996430422077370     
  0.13199999999826995       0.80907820129581753     
  0.13799999999826668       0.80815192234351518     
  0.14399999999826341       0.80718560762013980     
  0.14999999999826014       0.80617940332893245     
  0.15599999999825687       0.80513346158323729     
  0.16199999999825360       0.80404794036817717     
  0.16799999999825033       0.80292300350088430     
  0.17399999999824706       0.80175882058930115     
  0.17999999999824379       0.80055556698956321     
  0.18599999999824052       0.79931342376198189     
  0.19199999999823725       0.79803257762563995     
  0.19799999999823398       0.79671322091161900     
  0.20399999999823071       0.79535555151487058     
  0.20999999999822744       0.79395977284475294     
  0.21599999999822417       0.79252609377424732     
  0.22199999999822090       0.79105472858787229     
  0.22799999999821763       0.78954589692831489     
  0.23399999999821436       0.78799982374179700     
  0.23999999999821109       0.78641673922219557     
  0.24599999999820782       0.78479687875393622     
  0.25199999999820455       0.78314048285368076     
  0.25799999999820128       0.78144779711082724     
  0.26399999999819801       0.77971907212684544     
  0.26999999999819474       0.77795456345346636     
  0.27599999999819147       0.77615453152974945     
  0.28199999999818820       0.77431924161804633     
  0.28799999999818493       0.77244896373888594     
  0.29399999999818166       0.77054397260480234     
  0.29999999999817839       0.76860454755312657     
  0.30599999999817512       0.76663097247776835     
  0.31199999999817185       0.76462353576000730     
  0.31799999999816858       0.76258253019832190     
  0.32399999999816531       0.76050825293727531     
  0.32999999999816204       0.75840100539548494     
  0.33599999999815877       0.75626109319270041     
  0.34199999999815550       0.75408882607601291     
  0.34799999999815223       0.75188451784522259     
  0.35399999999814896       0.74964848627738689     
  0.35999999999814569       0.74738105305057834     
  0.36599999999814242       0.74508254366687432     
  0.37199999999813915       0.74275328737460644     
  0.37799999999813588       0.74039361708989493     
  0.38399999999813261       0.73800386931749351     
  0.38999999999812934       0.73558438407097326     
  0.39599999999812607       0.73313550479226786     
  0.40199999999812280       0.73065757827061184     
  0.40799999999811953       0.72815095456089451     
  0.41399999999811626       0.72561598690145790     
  0.41999999999811299       0.72305303163136680     
  0.42599999999810972       0.72046244810717519     
  0.43199999999810645       0.71784459861921934     
  0.43799999999810318       0.71519984830746186     
  0.44399999999809991       0.71252856507691686     
  0.44999999999809664       0.70983111951267996     
  0.45599999999809337       0.70710788479459497     
  0.46199999999809011       0.70435923661158040     
  0.46799999999808684       0.70158555307564552     
  0.47399999999808357       0.69878721463562310     
  0.47999999999808030       0.69596460399064608     
  0.48599999999807703       0.69311810600339485     
  0.49199999999807376       0.69024810761314381     
  0.49799999999807049       0.68735499774863362     
  0.50399999999806722       0.68443916724079601     
  0.50999999999806389       0.68150100873536068     
  0.51599999999806057       0.67854091660536742     
  0.52199999999805724       0.67555928686361444     
  0.52799999999805391       0.67255651707506825     
  0.53399999999805059       0.66953300626926104     
  0.53999999999804726       0.66648915485270410     
  0.54599999999804394       0.66342536452134204     
  0.55199999999804061       0.66034203817307713     
  0.55799999999803729       0.65723957982038583     
  0.56399999999803396       0.65411839450305831     
  0.56999999999803064       0.65097888820108374     
  0.57599999999802731       0.64782146774770810     
  0.58199999999802399       0.64464654074269157     
  0.58799999999802066       0.64145451546578847     
  0.59399999999801734       0.63824580079047721     
  0.59999999999801401       0.63502080609796430     
  0.60599999999801069       0.63177994119148684     
  0.61199999999800736       0.62852361621093955     
  0.61799999999800403       0.62525224154784964     
  0.62399999999800071       0.62196622776072341     
  0.62999999999799738       0.61866598549078899     
  0.63599999999799406       0.61535192537815975     
  0.64199999999799073       0.61202445797843907     
  0.64799999999798741       0.60868399367979253     
  0.65399999999798408       0.60533094262050846     
  0.65999999999798076       0.60196571460706938     
  0.66599999999797743       0.59858871903275768     
  0.67199999999797411       0.59520036479681604     
  0.67799999999797078       0.59180106022418455     
  0.68399999999796746       0.58839121298583708     
  0.68999999999796413       0.58497123001973472     
  0.69599999999796081       0.58154151745242033     
  0.70199999999795748       0.57810248052127233     
  0.70799999999795415       0.57465452349743695     
  0.71399999999795083       0.57119804960946163     
  0.71999999999794750       0.56773346096764410     
  0.72599999999794418       0.56426115848912073     
  0.73199999999794085       0.56078154182370787     
  0.73799999999793753       0.55729500928051823     
  0.74399999999793420       0.55380195775536789     
  0.74999999999793088       0.55030278265899002     
  0.75599999999792755       0.54679787784607525     
  0.76199999999792423       0.54328763554515325     
  0.76799999999792090       0.53977244628932974     
  0.77399999999791758       0.53625269884789972     
  0.77999999999791425       0.53272878015884673     
  0.78599999999791093       0.52920107526224502     
  0.79199999999790760       0.52566996723458126     
  0.79799999999790427       0.52213583712400546     
  0.80399999999790095       0.51859906388652832     
  0.80999999999789762       0.51506002432317555     
  0.81599999999789430       0.51151909301811394     
  0.82199999999789097       0.50797664227776040     
  0.82799999999788765       0.50443304207088469     
  0.83399999999788432       0.50088865996972032     
  0.83999999999788100       0.49734386109209061     
  0.84599999999787767       0.49379900804456445     
  0.85199999999787435       0.49025446086664842     
  0.85799999999787102       0.48671057697602699     
  0.86399999999786770       0.48316771111485934     
  0.86999999999786437       0.47962621529714189     
  0.87599999999786105       0.47608643875714357     
  0.88199999999785772       0.47254872789892416     
  0.88799999999785439       0.46901342624694065     
  0.89399999999785107       0.46548087439774932     
  0.89999999999784774       0.46195140997281237     
  0.90599999999784442       0.45842536757241059     
  0.91199999999784109       0.45490307873067271     
  0.91799999999783777       0.45138487187172316     
  0.92399999999783444       0.44787107226695400     
  0.92999999999783112       0.44436200199342729     
  0.93599999999782779       0.44085797989340803     
  0.94199999999782447       0.43735932153503487     
  0.94799999999782114       0.43386633917412942     
  0.95399999999781782       0.43037934171714770     
  0.95999999999781449       0.42689863468527545     
  0.96599999999781117       0.42342452017966981     
  0.97199999999780784       0.41995729684784755     
  0.97799999999780451       0.41649725985122238     
  0.98399999999780119       0.41304470083379041     
  0.98999999999779786       0.40959990789196449     
  0.99599999999779454       0.40616316554555748     
   1.0019999999977913       0.40273475470991310     
   1.0079999999977880       0.39931495266918399     
   1.0139999999977847       0.39590403305075417     
   1.0199999999977813       0.39250226580080583     
   1.0259999999977780       0.38910991716102716     
   1.0319999999977747       0.38572724964645777     
   1.0379999999977714       0.38235452202447084     
   1.0439999999977680       0.37899198929488587     
   1.0499999999977647       0.37563990267121117     
   1.0559999999977614       0.37229850956300892     
   1.0619999999977581       0.36896805355938078     
   1.0679999999977547       0.36564877441356763     
   1.0739999999977514       0.36234090802865898     
   1.0799999999977481       0.35904468644440624     
   1.0859999999977448       0.35576033782513350     
   1.0919999999977414       0.35248808644874058     
   1.0979999999977381       0.34922815269679047     
   1.1039999999977348       0.34598075304567599     
   1.1099999999977315       0.34274610005885575     
   1.1159999999977281       0.33952440238015530     
   1.1219999999977248       0.33631586472812258     
   1.1279999999977215       0.33312068789143084     
   1.1339999999977182       0.32993906872532158     
   1.1399999999977148       0.32677120014907640     
   1.1459999999977115       0.32361727114451022     
   1.1519999999977082       0.32047746675547761     
   1.1579999999977049       0.31735196808837957     
   1.1639999999977015       0.31424095231366467     
   1.1699999999976982       0.31114459266831090     
   1.1759999999976949       0.30806305845928117     
   1.1819999999976916       0.30499651506793873     
   1.1879999999976882       0.30194512395541478     
   1.1939999999976849       0.29890904266891449     
   1.1999999999976816       0.29588842484895250     
   1.2059999999976783       0.29288342023750391     
   1.2119999999976749       0.28989417468706169     
   1.2179999999976716       0.28692083017058723     
   1.2239999999976683       0.28396352479234105     
   1.2299999999976650       0.28102239279958352     
   1.2359999999976616       0.27809756459513169     
   1.2419999999976583       0.27518916675075950     
   1.2479999999976550       0.27229732202142959     
   1.2539999999976517       0.26942214936034287     
   1.2599999999976483       0.26656376393479242     
   1.2659999999976450       0.26372227714281010     
   1.2719999999976417       0.26089779663059043     
   1.2779999999976384       0.25809042631067936     
   1.2839999999976350       0.25530026638091435     
   1.2899999999976317       0.25252741334410095     
   1.2959999999976284       0.24977196002841323     
   1.3019999999976251       0.24703399560850314     
   1.3079999999976217       0.24431360562730509     
   1.3139999999976184       0.24161087201852149     
   1.3199999999976151       0.23892587312977473     
   1.3259999999976118       0.23625868374641146     
   1.3319999999976084       0.23360937511594482     
   1.3379999999976051       0.23097801497312007     
   1.3439999999976018       0.22836466756558821     
   1.3499999999975985       0.22576939368017465     
   1.3559999999975951       0.22319225066972673     
   1.3619999999975918       0.22063329248052593     
   1.3679999999975885       0.21809256968025037     
   1.3739999999975852       0.21557012948647222     
   1.3799999999975818       0.21306601579567583     
   1.3859999999975785       0.21058026921278092     
   1.3919999999975752       0.20811292708115725     
   1.3979999999975719       0.20566402351311461     
   1.4039999999975685       0.20323358942085459     
   1.4099999999975652       0.20082165254786818     
   1.4159999999975619       0.19842823750076513     
   1.4219999999975586       0.19605336578152024     
   1.4279999999975552       0.19369705582012176     
   1.4339999999975519       0.19135932300760675     
   1.4399999999975486       0.18904017972946963     
   1.4459999999975452       0.18673963539942839     
   1.4519999999975419       0.18445769649353475     
   1.4579999999975386       0.18219436658461285     
   1.4639999999975353       0.17994964637701280     
   1.4699999999975319       0.17772353374166427     
   1.4759999999975286       0.17551602375141562     
   1.4819999999975253       0.17332710871664517     
   1.4879999999975220       0.17115677822112932     
   1.4939999999975186       0.16900501915815408     
   1.4999999999975153       0.16687181576685625     
   1.5059999999975120       0.16475714966877963     
   1.5119999999975087       0.16266099990463284     
   1.5179999999975053       0.16058334297123547     
   1.5239999999975020       0.15852415285863794     
   1.5299999999974987       0.15648340108740269     
   1.5359999999974954       0.15446105674603244     
   1.5419999999974920       0.15245708652853290     
   1.5479999999974887       0.15047145477209645     
   1.5539999999974854       0.14850412349489409     
   1.5599999999974821       0.14655505243396225     
   1.5659999999974787       0.14462419908317237     
   1.5719999999974754       0.14271151873127008     
   1.5779999999974721       0.14081696449997208     
   1.5839999999974688       0.13894048738210799     
   1.5899999999974654       0.13708203627979504     
   1.5959999999974621       0.13524155804263369     
   1.6019999999974588       0.13341899750591249     
   1.6079999999974555       0.13161429752880996     
   1.6139999999974521       0.12982739903258236     
   1.6199999999974488       0.12805824103872593     
   1.6259999999974455       0.12630676070710226     
   1.6319999999974422       0.12457289337401548     
   1.6379999999974388       0.12285657259023099     
   1.6439999999974355       0.12115773015892435     
   1.6499999999974322       0.11947629617355028     
   1.6559999999974289       0.11781219905562107     
   1.6619999999974255       0.11616536559238425     
   1.6679999999974222       0.11453572097438947     
   1.6739999999974189       0.11292318883293517     
   1.6799999999974156       0.11132769127738452     
   1.6859999999974122       0.10974914893234192     
   1.6919999999974089       0.10818748097468013     
   1.6979999999974056       0.10664260517040983     
   1.7039999999974023       0.10511443791138125     
   1.7099999999973989       0.10360289425181077     
   1.7159999999973956       0.10210788794462221     
   1.7219999999973923       0.10062933147759608     
   1.7279999999973890        9.9167136109317433E-002
   1.7339999999973856        9.7721211904914812E-002
   1.7399999999973823        9.6291467771582095E-002
   1.7459999999973790        9.4877811493876585E-002
   1.7519999999973757        9.3480149768784521E-002
   1.7579999999973723        9.2098388240547849E-002
   1.7639999999973690        9.0732431535244684E-002
   1.7699999999973657        8.9382183295117032E-002
   1.7759999999973624        8.8047546212638397E-002
   1.7819999999973590        8.6728422064315608E-002
   1.7879999999973557        8.5424711744218063E-002
   1.7939999999973524        8.4136315297228120E-002
   1.7999999999973491        8.2863131952007812E-002
   1.8059999999973457        8.1605060153674566E-002
   1.8119999999973424        8.0361997596181609E-002
   1.8179999999973391        7.9133841254397458E-002
   1.8239999999973358        7.7920487415878800E-002
   1.8299999999973324        7.6721831712332683E-002
   1.8359999999973291        7.5537769150762477E-002
   1.8419999999973258        7.4368194144293243E-002
   1.8479999999973225        7.3213000542672435E-002
   1.8539999999973191        7.2072081662441209E-002
   1.8599999999973158        7.0945330316772484E-002
   1.8659999999973125        6.9832638844972081E-002
   1.8719999999973091        6.8733899141638827E-002
   1.8779999999973058        6.7649002685480672E-002
   1.8839999999973025        6.6577840567782987E-002
   1.8899999999972992        6.5520303520525958E-002
   1.8959999999972958        6.4476281944148589E-002
   1.9019999999972925        6.3445665934955722E-002
   1.9079999999972892        6.2428345312166185E-002
   1.9139999999972859        6.1424209644598875E-002
   1.9199999999972825        6.0433148276995190E-002
   1.9259999999972792        5.9455050355975238E-002
   1.9319999999972759        5.8489804855625702E-002
   1.9379999999972726        5.7537300602718035E-002
   1.9439999999972692        5.6597426301555086E-002
   1.9499999999972659        5.5670070558444425E-002
   1.9559999999972626        5.4755121905797455E-002
   1.9619999999972593        5.3852468825852817E-002
   1.9679999999972559        5.2961999774023376E-002
   1.9739999999972526        5.2083603201865239E-002
   1.9799999999972493        5.1217167579669071E-002
   1.9859999999972460        5.0362581418672191E-002
   1.9919999999972426        4.9519733292891499E-002
   1.9979999999972393        4.8688511860576912E-002
   2.0039999999972360        4.7868805885284846E-002
   2.0099999999972327        4.7060504256572107E-002
   2.0159999999972293        4.6263496010310032E-002
   2.0219999999972260        4.5477670348619208E-002
   2.0279999999972227        4.4702916659424982E-002
   2.0339999999972194        4.3939124535634838E-002
   2.0399999999972160        4.3186183793937190E-002
   2.0459999999972127        4.2443984493223549E-002
   2.0519999999972094        4.1712416952634057E-002
   2.0579999999972061        4.0991371769227708E-002
   2.0639999999972027        4.0280739835278460E-002
   2.0699999999971994        3.9580412355197957E-002
   2.0759999999971961        3.8890280862087082E-002
   2.0819999999971928        3.8210237233916762E-002
   2.0879999999971894        3.7540173709340180E-002
   2.0939999999971861        3.6879982903137973E-002
   2.0999999999971828        3.6229557821297970E-002
   2.1059999999971795        3.5588791875731482E-002
   2.1119999999971761        3.4957578898627828E-002
   2.1179999999971728        3.4335813156449686E-002
   2.1239999999971695        3.3723389363570576E-002
   2.1299999999971662        3.3120202695557495E-002
   2.1359999999971628        3.2526148802100370E-002
   2.1419999999971595        3.1941123819591098E-002
   2.1479999999971562        3.1365024383354541E-002
   2.1539999999971529        3.0797747639533885E-002
   2.1599999999971495        3.0239191256633106E-002
   2.1659999999971462        2.9689253436719285E-002
   2.1719999999971429        2.9147832926287361E-002
   2.1779999999971396        2.8614829026790304E-002
   2.1839999999971362        2.8090141604837488E-002
   2.1899999999971329        2.7573671102064407E-002
   2.1959999999971296        2.7065318544676541E-002
   2.2019999999971263        2.6564985552670596E-002
   2.2079999999971229        2.6072574348736197E-002
   2.2139999999971196        2.5587987766841343E-002
   2.2199999999971163        2.5111129260504645E-002
   2.2259999999971130        2.4641902910757841E-002
   2.2319999999971096        2.4180213433802059E-002
   2.2379999999971063        2.3725966188360682E-002
   2.2439999999971030        2.3279067182732992E-002
   2.2499999999970997        2.2839423081551458E-002
   2.2559999999970963        2.2406941212246446E-002
   2.2619999999970930        2.1981529571222035E-002
   2.2679999999970897        2.1563096829746227E-002
   2.2739999999970864        2.1151552339559312E-002
   2.2799999999970830        2.0746806138204225E-002
   2.2859999999970797        2.0348768954082243E-002
   2.2919999999970764        1.9957352211237948E-002
   2.2979999999970731        1.9572468033877109E-002
   2.3039999999970697        1.9194029250621383E-002
   2.3099999999970664        1.8821949398503363E-002
   2.3159999999970631        1.8456142726705951E-002
   2.3219999999970597        1.8096524200049847E-002
   2.3279999999970564        1.7743009502232950E-002
   2.3339999999970531        1.7395515038825467E-002
   2.3399999999970498        1.7053957940024699E-002
   2.3459999999970464        1.6718256063173315E-002
   2.3519999999970431        1.6388327995044881E-002
   2.3579999999970398        1.6064093053900712E-002
   2.3639999999970365        1.5745471291321811E-002
   2.3699999999970331        1.5432383493819680E-002
   2.3759999999970298        1.5124751184230220E-002
   2.3819999999970265        1.4822496622894189E-002
   2.3879999999970232        1.4525542808628434E-002
   2.3939999999970198        1.4233813479491559E-002
   2.3999999999970165        1.3947233113348062E-002
   2.4059999999970132        1.3665726928234674E-002
   2.4119999999970099        1.3389220882532835E-002
   2.4179999999970065        1.3117641674951240E-002
   2.4239999999970032        1.2850916744322030E-002
   2.4299999999969999        1.2588974269214789E-002
   2.4359999999969966        1.2331743167371918E-002
   2.4419999999969932        1.2079153094969269E-002
   2.4479999999969899        1.1831134445705885E-002
   2.4539999999969866        1.1587618349726467E-002
   2.4599999999969833        1.1348536672380536E-002
   2.4659999999969799        1.1113822012821692E-002
   2.4719999999969766        1.0883407702451151E-002
   2.4779999999969733        1.0657227803208699E-002
   2.4839999999969700        1.0435217105715169E-002
   2.4899999999969666        1.0217311127269950E-002
   2.4959999999969633        1.0003446109706977E-002
   2.5019999999969600        9.7935590171130734E-003
   2.5079999999969567        9.5875875334120123E-003
   2.5139999999969533        9.3854700598178988E-003
   2.5199999999969500        9.1871457121614156E-003
   2.5259999999969467        8.9925543180923734E-003
   2.5319999999969434        8.8016364141620101E-003
   2.5379999999969400        8.6143332427885289E-003
   2.5439999999969367        8.4305867491091466E-003
   2.5499999999969334        8.2503395777221936E-003
   2.5559999999969301        8.0735350693223653E-003
   2.5619999999969267        7.9001172572325945E-003
   2.5679999999969234        7.7300308638357526E-003
   2.5739999999969201        7.5632212969094087E-003
   2.5799999999969168        7.3996346458667286E-003
   2.5859999999969134        7.2392176779069164E-003
   2.5919999999969101        7.0819178340780367E-003
   2.5979999999969068        6.9276832252554866E-003
   2.6039999999969035        6.7764626280390995E-003
   2.6099999999969001        6.6282054805718938E-003
   2.6159999999968968        6.4828618782834229E-003
   2.6219999999968935        6.3403825695606628E-003
   2.6279999999968902        6.2007189513493691E-003
   2.6339999999968868        6.0638230646887070E-003
   2.6399999999968835        5.9296475901819664E-003
   2.6459999999968802        5.7981458434062053E-003
   2.6519999999968769        5.6692717702634841E-003
   2.6579999999968735        5.5429799422764001E-003
   2.6639999999968702        5.4192255518306295E-003
   2.6699999999968669        5.2979644073670338E-003
   2.6759999999968636        5.1791529285259118E-003
   2.6819999999968602        5.0627481412459843E-003
   2.6879999999968569        4.9487076728205450E-003
   2.6939999999968536        4.8369897469132455E-003
   2.6999999999968503        4.7275531785359610E-003
   2.7059999999968469        4.6203573689910715E-003
   2.7119999999968436        4.5153623007804780E-003
   2.7179999999968403        4.4125285324837123E-003
   2.7239999999968370        4.3118171936072829E-003
   2.7299999999968336        4.2131899794075924E-003
   2.7359999999968303        4.1166091456894521E-003
   2.7419999999968270        4.0220375035824492E-003
   2.7479999999968237        3.9294384142971560E-003
   2.7539999999968203        3.8387757838632902E-003
   2.7599999999968170        3.7500140578517940E-003
   2.7659999999968137        3.6631182160827931E-003
   2.7719999999968103        3.5780537673213964E-003
   2.7779999999968070        3.4947867439631772E-003
   2.7839999999968037        3.4132836967111948E-003
   2.7899999999968004        3.3335116892463726E-003
   2.7959999999967970        3.2554382928929805E-003
   2.8019999999967937        3.1790315812809428E-003
   2.8079999999967904        3.1042601250066766E-003
   2.8139999999967871        3.0310929862940950E-003
   2.8199999999967837        2.9594997136573654E-003
   2.8259999999967804        2.8894503365670364E-003
   2.8319999999967771        2.8209153601210205E-003
   2.8379999999967738        2.7538657597219436E-003
   2.8439999999967704        2.6882729757623271E-003
   2.8499999999967671        2.6241089083190059E-003
   2.8559999999967638        2.5613459118581602E-003
   2.8619999999967605        2.4999567899523394E-003
   2.8679999999967571        2.4399147900107288E-003
   2.8739999999967538        2.3811935980239921E-003
   2.8799999999967505        2.3237673333249024E-003
   2.8859999999967472        2.2676105433659215E-003
   2.8919999999967438        2.2126981985149986E-003
   2.8979999999967405        2.1590056868706054E-003
   2.9039999999967372        2.1065088090971682E-003
   2.9099999999967339        2.0551837732819744E-003
   2.9159999999967305        2.0050071898145352E-003
   2.9219999999967272        1.9559560662894371E-003
   2.9279999999967239        1.9080078024336521E-003
   2.9339999999967206        1.8611401850592104E-003
   2.9399999999967172        1.8153313830421610E-003
   2.9459999999967139        1.7705599423286978E-003
   2.9519999999967106        1.7268047809692565E-003
   2.9579999999967073        1.6840451841814315E-003
   2.9639999999967039        1.6422607994424597E-003
   2.9699999999967006        1.6014316316120458E-003
   2.9759999999966973        1.5615380380862324E-003
   2.9819999999966940        1.5225607239830066E-003
   2.9879999999966906        1.4844807373603222E-003
   2.9939999999966873        1.4472794644671552E-003
