  -3.0000000000000000        2.4399210980570799E-002
  -2.9940000000000033        2.4923549319143836E-002
  -2.9880000000000067        2.5457629180475297E-002
  -2.9820000000000100        2.6001593521604787E-002
  -2.9760000000000133        2.6555586486223366E-002
  -2.9700000000000166        2.7119753391878512E-002
  -2.9640000000000200        2.7694240716452222E-002
  -2.9580000000000233        2.8279196083899207E-002
  -2.9520000000000266        2.8874768249233337E-002
  -2.9460000000000299        2.9481107082748908E-002
  -2.9400000000000333        3.0098363553464628E-002
  -2.9340000000000366        3.0726689711777298E-002
  -2.9280000000000399        3.1366238671313600E-002
  -2.9220000000000432        3.2017164589966063E-002
  -2.9160000000000466        3.2679622650102304E-002
  -2.9100000000000499        3.3353769037934480E-002
  -2.9040000000000532        3.4039760922036866E-002
  -2.8980000000000565        3.4737756430999078E-002
  -2.8920000000000599        3.5447914630203768E-002
  -2.8860000000000632        3.6170395497715890E-002
  -2.8800000000000665        3.6905359899272398E-002
  -2.8740000000000698        3.7652969562360583E-002
  -2.8680000000000732        3.8413387049372791E-002
  -2.8620000000000765        3.9186775729827282E-002
  -2.8560000000000798        3.9973299751643265E-002
  -2.8500000000000831        4.0773124011458522E-002
  -2.8440000000000865        4.1586414123980189E-002
  -2.8380000000000898        4.2413336390356521E-002
  -2.8320000000000931        4.3254057765559482E-002
  -2.8260000000000964        4.4108745824768127E-002
  -2.8200000000000998        4.4977568728742819E-002
  -2.8140000000001031        4.5860695188179201E-002
  -2.8080000000001064        4.6758294427033609E-002
  -2.8020000000001097        4.7670536144809726E-002
  -2.7960000000001131        4.8597590477797298E-002
  -2.7900000000001164        4.9539627959254560E-002
  -2.7840000000001197        5.0496819478524767E-002
  -2.7780000000001230        5.1469336239079233E-002
  -2.7720000000001264        5.2457349715478711E-002
  -2.7660000000001297        5.3461031609245209E-002
  -2.7600000000001330        5.4480553803636284E-002
  -2.7540000000001363        5.5516088317315880E-002
  -2.7480000000001397        5.6567807256914182E-002
  -2.7420000000001430        5.7635882768469572E-002
  -2.7360000000001463        5.8720486987747969E-002
  -2.7300000000001496        5.9821791989432951E-002
  -2.7240000000001530        6.0939969735181100E-002
  -2.7180000000001563        6.2075192020538975E-002
  -2.7120000000001596        6.3227630420715664E-002
  -2.7060000000001629        6.4397456235208053E-002
  -2.7000000000001663        6.5584840431274535E-002
  -2.6940000000001696        6.6789953586254877E-002
  -2.6880000000001729        6.8012965828731453E-002
  -2.6820000000001762        6.9254046778532974E-002
  -2.6760000000001796        7.0513365485575130E-002
  -2.6700000000001829        7.1791090367540361E-002
  -2.6640000000001862        7.3087389146393539E-002
  -2.6580000000001895        7.4402428783734431E-002
  -2.6520000000001929        7.5736375414986998E-002
  -2.6460000000001962        7.7089394282426879E-002
  -2.6400000000001995        7.8461649667047384E-002
  -2.6340000000002028        7.9853304819266682E-002
  -2.6280000000002062        8.1264521888479130E-002
  -2.6220000000002095        8.2695461851453031E-002
  -2.6160000000002128        8.4146284439578431E-002
  -2.6100000000002161        8.5617148064970935E-002
  -2.6040000000002195        8.7108209745433873E-002
  -2.5980000000002228        8.8619625028287241E-002
  -2.5920000000002261        9.0151547913067592E-002
  -2.5860000000002294        9.1704130773106587E-002
  -2.5800000000002328        9.3277524275995588E-002
  -2.5740000000002361        9.4871877302945551E-002
  -2.5680000000002394        9.6487336867048773E-002
  -2.5620000000002427        9.8124048030455324E-002
  -2.5560000000002461        9.9782153820471425E-002
  -2.5500000000002494       0.10146179514459339     
  -2.5440000000002527       0.10316311070448714     
  -2.5380000000002561       0.10488623690892689     
  -2.5320000000002594       0.10663130778570581     
  -2.5260000000002627       0.10839845489253329     
  -2.5200000000002660       0.11018780722693233     
  -2.5140000000002694       0.11199949113515462     
  -2.5080000000002727       0.11383363022012820     
  -2.5020000000002760       0.11569034524845487     
  -2.4960000000002793       0.11756975405647709     
  -2.4900000000002827       0.11947197145543013     
  -2.4840000000002860       0.12139710913570302     
  -2.4780000000002893       0.12334527557022416     
  -2.4720000000002926       0.12531657591699769     
  -2.4660000000002960       0.12731111192080882     
  -2.4600000000002993       0.12932898181412283     
  -2.4540000000003026       0.13137028021720201     
  -2.4480000000003059       0.13343509803746414     
  -2.4420000000003093       0.13552352236810813     
  -2.4360000000003126       0.13763563638603418     
  -2.4300000000003159       0.13977151924908457     
  -2.4240000000003192       0.14193124599263426     
  -2.4180000000003226       0.14411488742555964     
  -2.4120000000003259       0.14632251002561475     
  -2.4060000000003292       0.14855417583424863     
  -2.4000000000003325       0.15080994235089046     
  -2.3940000000003359       0.15308986242674033     
  -2.3880000000003392       0.15539398415809649     
  -2.3820000000003425       0.15772235077925190     
  -2.3760000000003458       0.16007500055499946     
  -2.3700000000003492       0.16245196667277811     
  -2.3640000000003525       0.16485327713449921     
  -2.3580000000003558       0.16727895464808962     
  -2.3520000000003591       0.16972901651879210     
  -2.3460000000003625       0.17220347454026033     
  -2.3400000000003658       0.17470233488549139     
  -2.3340000000003691       0.17722559799763529     
  -2.3280000000003724       0.17977325848072553     
  -2.3220000000003758       0.18234530499037283     
  -2.3160000000003791       0.18494172012446566     
  -2.3100000000003824       0.18756248031392470     
  -2.3040000000003857       0.19020755571355333     
  -2.2980000000003891       0.19287691009303545     
  -2.2920000000003924       0.19557050072812332     
  -2.2860000000003957       0.19828827829206755     
  -2.2800000000003990       0.20103018674733619     
  -2.2740000000004024       0.20379616323767305     
  -2.2680000000004057       0.20658613798054717     
  -2.2620000000004090       0.20940003416004385     
  -2.2560000000004123       0.21223776782025017     
  -2.2500000000004157       0.21509924775918696     
  -2.2440000000004190       0.21798437542334356     
  -2.2380000000004223       0.22089304480286678     
  -2.2320000000004256       0.22382514232746148     
  -2.2260000000004290       0.22678054676305925     
  -2.2200000000004323       0.22975912910930912     
  -2.2140000000004356       0.23276075249795136     
  -2.2080000000004389       0.23578527209212988     
  -2.2020000000004423       0.23883253498670204     
  -2.1960000000004456       0.24190238010960805     
  -2.1900000000004489       0.24499463812435571     
  -2.1840000000004522       0.24810913133368515     
  -2.1780000000004556       0.25124567358447086     
  -2.1720000000004589       0.25440407017392674     
  -2.1660000000004622       0.25758411775717377     
  -2.1600000000004655       0.26078560425623232     
  -2.1540000000004689       0.26400830877050646     
  -2.1480000000004722       0.26725200148881822     
  -2.1420000000004755       0.27051644360306198     
  -2.1360000000004788       0.27380138722353864     
  -2.1300000000004822       0.27710657529603716     
  -2.1240000000004855       0.28043174152072720     
  -2.1180000000004888       0.28377661027293194     
  -2.1120000000004922       0.28714089652584168     
  -2.1060000000004955       0.29052430577523825     
  -2.1000000000004988       0.29392653396629775     
  -2.0940000000005021       0.29734726742253270     
  -2.0880000000005055       0.30078618277694785     
  -2.0820000000005088       0.30424294690547027     
  -2.0760000000005121       0.30771721686272613     
  -2.0700000000005154       0.31120863982022656     
  -2.0640000000005188       0.31471685300703439     
  -2.0580000000005221       0.31824148365297589     
  -2.0520000000005254       0.32178214893446755     
  -2.0460000000005287       0.32533845592302169     
  -2.0400000000005321       0.32891000153650241     
  -2.0340000000005354       0.33249637249319530     
  -2.0280000000005387       0.33609714526876106     
  -2.0220000000005420       0.33971188605613684     
  -2.0160000000005454       0.34334015072845386     
  -2.0100000000005487       0.34698148480503671     
  -2.0040000000005520       0.35063542342055204     
  -1.9980000000005553       0.35430149129736865     
  -1.9920000000005587       0.35797920272119921     
  -1.9860000000005620       0.36166806152008357     
  -1.9800000000005653       0.36536756104678203     
  -1.9740000000005686       0.36907718416463964     
  -1.9680000000005720       0.37279640323698804     
  -1.9620000000005753       0.37652468012014201     
  -1.9560000000005786       0.38026146616006118     
  -1.9500000000005819       0.38400620219273029     
  -1.9440000000005853       0.38775831854832404     
  -1.9380000000005886       0.39151723505921315     
  -1.9320000000005919       0.39528236107187548     
  -1.9260000000005952       0.39905309546276418     
  -1.9200000000005986       0.40282882665819608     
  -1.9140000000006019       0.40660893265831399     
  -1.9080000000006052       0.41039278106517862     
  -1.9020000000006085       0.41417972911504641     
  -1.8960000000006119       0.41796912371488404     
  -1.8900000000006152       0.42176030148317545     
  -1.8840000000006185       0.42555258879506813     
  -1.8780000000006218       0.42934530183191477     
  -1.8720000000006252       0.43313774663525262     
  -1.8660000000006285       0.43692921916527366     
  -1.8600000000006318       0.44071900536382558     
  -1.8540000000006351       0.44450638122199720     
  -1.8480000000006385       0.44829061285232197     
  -1.8420000000006418       0.45207095656564888     
  -1.8360000000006451       0.45584665895271670     
  -1.8300000000006484       0.45961695697047311     
  -1.8240000000006518       0.46338107803317463     
  -1.8180000000006551       0.46713824010830374     
  -1.8120000000006584       0.47088765181733550     
  -1.8060000000006617       0.47462851254138783     
  -1.8000000000006651       0.47836001253178523     
  -1.7940000000006684       0.48208133302556427     
  -1.7880000000006717       0.48579164636594607     
  -1.7820000000006750       0.48949011612780502     
  -1.7760000000006784       0.49317589724815170     
  -1.7700000000006817       0.49684813616165302     
  -1.7640000000006850       0.50050597094121008     
  -1.7580000000006883       0.50414853144360583     
  -1.7520000000006917       0.50777493946024443     
  -1.7460000000006950       0.51138430887298647     
  -1.7400000000006983       0.51497574581509731     
  -1.7340000000007016       0.51854834883731338     
  -1.7280000000007050       0.52210120907903268     
  -1.7220000000007083       0.52563341044463319     
  -1.7160000000007116       0.52914402978492114     
  -1.7100000000007149       0.53263213708370727     
  -1.7040000000007183       0.53609679564950763     
  -1.6980000000007216       0.53953706231236342     
  -1.6920000000007249       0.54295198762576991     
  -1.6860000000007282       0.54634061607370821     
  -1.6800000000007316       0.54970198628275735     
  -1.6740000000007349       0.55303513123928316     
  -1.6680000000007382       0.55633907851167308     
  -1.6620000000007416       0.55961285047760378     
  -1.6560000000007449       0.56285546455631508     
  -1.6500000000007482       0.56606593344586420     
  -1.6440000000007515       0.56924326536532888     
  -1.6380000000007549       0.57238646430193196     
  -1.6320000000007582       0.57549453026304831     
  -1.6260000000007615       0.57856645953306052     
  -1.6200000000007648       0.58160124493502019     
  -1.6140000000007682       0.58459787609707414     
  -1.6080000000007715       0.58755533972360729     
  -1.6020000000007748       0.59047261987105704     
  -1.5960000000007781       0.59334869822834579     
  -1.5900000000007815       0.59618255440187740     
  -1.5840000000007848       0.59897316620503926     
  -1.5780000000007881       0.60171950995215473     
  -1.5720000000007914       0.60442056075681805     
  -1.5660000000007948       0.60707529283454786     
  -1.5600000000007981       0.60968267980969226     
  -1.5540000000008014       0.61224169502651182     
  -1.5480000000008047       0.61475131186436693     
  -1.5420000000008081       0.61721050405693434     
  -1.5360000000008114       0.61961824601536875     
  -1.5300000000008147       0.62197351315532989     
  -1.5240000000008180       0.62427528222778839     
  -1.5180000000008214       0.62652253165352101     
  -1.5120000000008247       0.62871424186120461     
  -1.5060000000008280       0.63084939562901388     
  -1.5000000000008313       0.63292697842962498     
  -1.4940000000008347       0.63494597877852865     
  -1.4880000000008380       0.63690538858554335     
  -1.4820000000008413       0.63880420350942968     
  -1.4760000000008446       0.64064142331549256     
  -1.4700000000008480       0.64241605223606402     
  -1.4640000000008513       0.64412709933374879     
  -1.4580000000008546       0.64577357886732012     
  -1.4520000000008579       0.64735451066014249     
  -1.4460000000008613       0.64886892047100253     
  -1.4400000000008646       0.65031584036722390     
  -1.4340000000008679       0.65169430909993431     
  -1.4280000000008712       0.65300337248136164     
  -1.4220000000008746       0.65424208376402160     
  -1.4160000000008779       0.65540950402166653     
  -1.4100000000008812       0.65650470253185389     
  -1.4040000000008845       0.65752675715999997     
  -1.3980000000008879       0.65847475474477168     
  -1.3920000000008912       0.65934779148467759     
  -1.3860000000008945       0.66014497332570798     
  -1.3800000000008978       0.66086541634987661     
  -1.3740000000009012       0.66150824716451539     
  -1.3680000000009045       0.66207260329216311     
  -1.3620000000009078       0.66255763356090414     
  -1.3560000000009111       0.66296249849498712     
  -1.3500000000009145       0.66328637070557583     
  -1.3440000000009178       0.66352843528146466     
  -1.3380000000009211       0.66368789017959995     
  -1.3320000000009244       0.66376394661524241     
  -1.3260000000009278       0.66375582945160050     
  -1.3200000000009311       0.66366277758877523     
  -1.3140000000009344       0.66348404435183905     
  -1.3080000000009377       0.66321889787788491     
  -1.3020000000009411       0.66286662150186682     
  -1.2960000000009444       0.66242651414106735     
  -1.2900000000009477       0.66189789067800553     
  -1.2840000000009510       0.66128008234162416     
  -1.2780000000009544       0.66057243708656499     
  -1.2720000000009577       0.65977431997036484     
  -1.2660000000009610       0.65888511352838608     
  -1.2600000000009643       0.65790421814630895     
  -1.2540000000009677       0.65683105242999928     
  -1.2480000000009710       0.65566505357257165     
  -1.2420000000009743       0.65440567771846947     
  -1.2360000000009776       0.65305240032437528     
  -1.2300000000009810       0.65160471651677176     
  -1.2240000000009843       0.65006214144596808     
  -1.2180000000009876       0.64842421063641054     
  -1.2120000000009910       0.64669048033308951     
  -1.2060000000009943       0.64486052784386649     
  -1.2000000000009976       0.64293395187753011     
  -1.1940000000010009       0.64091037287740138     
  -1.1880000000010043       0.63878943335030580     
  -1.1820000000010076       0.63657079819072571     
  -1.1760000000010109       0.63425415499995508     
  -1.1700000000010142       0.63183921440007074     
  -1.1640000000010176       0.62932571034254037     
  -1.1580000000010209       0.62671340041128643     
  -1.1520000000010242       0.62400206612002673     
  -1.1460000000010275       0.62119151320371113     
  -1.1400000000010309       0.61828157190387834     
  -1.1340000000010342       0.61527209724775245     
  -1.1280000000010375       0.61216296932091008     
  -1.1220000000010408       0.60895409353333552     
  -1.1160000000010442       0.60564540087869823     
  -1.1100000000010475       0.60223684818667722     
  -1.1040000000010508       0.59872841836816237     
  -1.0980000000010541       0.59512012065316855     
  -1.0920000000010575       0.59141199082129159     
  -1.0860000000010608       0.58760409142454462     
  -1.0800000000010641       0.58369651200241190     
  -1.0740000000010674       0.57968936928896087     
  -1.0680000000010708       0.57558280741185175     
  -1.0620000000010741       0.57137699808309417     
  -1.0560000000010774       0.56707214078139179     
  -1.0500000000010807       0.56266846292592954     
  -1.0440000000010841       0.55816622004145333     
  -1.0380000000010874       0.55356569591449678     
  -1.0320000000010907       0.54886720274061351     
  -1.0260000000010940       0.54407108126247516     
  -1.0200000000010974       0.53917770089870121     
  -1.0140000000011007       0.53418745986328275     
  -1.0080000000011040       0.52910078527547477     
  -1.0020000000011073       0.52391813326002801     
 -0.99600000000111066       0.51863998903763942     
 -0.99000000000111399       0.51326686700549806     
 -0.98400000000111731       0.50779931080781449     
 -0.97800000000112064       0.50223789339621860     
 -0.97200000000112396       0.49658321707991787     
 -0.96600000000112729       0.49083591356551298     
 -0.96000000000113062       0.48499664398636927     
 -0.95400000000113394       0.47906609892144497     
 -0.94800000000113727       0.47304499840348774     
 -0.94200000000114059       0.46693409191651070     
 -0.93600000000114392       0.46073415838245929     
 -0.93000000000114724       0.45444600613699671     
 -0.92400000000115057       0.44807047289432517     
 -0.91800000000115389       0.44160842570098030     
 -0.91200000000115722       0.43506076087852513     
 -0.90600000000116054       0.42842840395508708     
 -0.90000000000116387       0.42171230958568096     
 -0.89400000000116719       0.41491346146126168     
 -0.88800000000117052       0.40803287220646828     
 -0.88200000000117385       0.40107158326600761     
 -0.87600000000117717       0.39403066477964827     
 -0.87000000000118050       0.38691121544578633     
 -0.86400000000118382       0.37971436237356315     
 -0.85800000000118715       0.37244126092350643     
 -0.85200000000119047       0.36509309453668271     
 -0.84600000000119380       0.35767107455234776     
 -0.84000000000119712       0.35017644001408804     
 -0.83400000000120045       0.34261045746445717     
 -0.82800000000120377       0.33497442072810485     
 -0.82200000000120710       0.32726965068341418     
 -0.81600000000121042       0.31949749502266023     
 -0.81000000000121375       0.31165932800071050     
 -0.80400000000121707       0.30375655017229586     
 -0.79800000000122040       0.29579058811788062     
 -0.79200000000122373       0.28776289415817269     
 -0.78600000000122705       0.27967494605731358     
 -0.78000000000123038       0.27152824671479875     
 -0.77400000000123370       0.26332432384618359     
 -0.76800000000123703       0.25506472965263033     
 -0.76200000000124035       0.24675104047936708     
 -0.75600000000124368       0.23838485646312477     
 -0.75000000000124700       0.22996780116863216     
 -0.74400000000125033       0.22150152121424840     
 -0.73800000000125365       0.21298768588682399     
 -0.73200000000125698       0.20442798674587889     
 -0.72600000000126030       0.19582413721720202     
 -0.72000000000126363       0.18717787217597223     
 -0.71400000000126695       0.17849094751951228     
 -0.70800000000127028       0.16976513972979287     
 -0.70200000000127361       0.16100224542580380     
 -0.69600000000127693       0.15220408090592383     
 -0.69000000000128026       0.14337248168041491     
 -0.68400000000128358       0.13450930199418490     
 -0.67800000000128691       0.12561641433995407     
 -0.67200000000129023       0.11669570896198042     
 -0.66600000000129356       0.10774909335048995     
 -0.66000000000129688        9.8778491726976725E-002
 -0.65400000000130021        8.9785844520530539E-002
 -0.64800000000130353        8.0773107835365190E-002
 -0.64200000000130686        7.1742252909718474E-002
 -0.63600000000131018        6.2695265566301617E-002
 -0.63000000000131351        5.3634145654486383E-002
 -0.62400000000131683        4.4560906484411668E-002
 -0.61800000000132016        3.5477574253208272E-002
 -0.61200000000132349        2.6386187463536194E-002
 -0.60600000000132681        1.7288796334639131E-002
 -0.60000000000133014        8.1874622061205611E-003
 -0.59400000000133346       -9.1574306534266585E-004
 -0.58800000000133679       -1.0018737716139547E-002
 -0.58200000000134011       -1.9119430692490717E-002
 -0.57600000000134344       -2.8215722273620417E-002
 -0.57000000000134676       -3.7305504701105989E-002
 -0.56400000000135009       -4.6386662814168894E-002
 -0.55800000000135341       -5.5457074690676726E-002
 -0.55200000000135674       -6.4514612293610149E-002
 -0.54600000000136006       -7.3557142122756186E-002
 -0.54000000000136339       -8.2582525871375559E-002
 -0.53400000000136671       -9.1588621087598160E-002
 -0.52800000000137004      -0.10057328184028784     
 -0.52200000000137337      -0.10953435938912283     
 -0.51600000000137669      -0.11846970285862807     
 -0.51000000000138002      -0.12737715991589815     
 -0.50400000000138334      -0.13625457745174407     
 -0.49800000000138661      -0.14509980226499250     
 -0.49200000000138988      -0.15391068174966852     
 -0.48600000000139315      -0.16268506458478565     
 -0.48000000000139642      -0.17142080142646759     
 -0.47400000000139969      -0.18011574560212110     
 -0.46800000000140296      -0.18876775380638078     
 -0.46200000000140623      -0.19737468679854131     
 -0.45600000000140950      -0.20593441010119393     
 -0.45000000000141277      -0.21444479469977815     
 -0.44400000000141604      -0.22290371774276307     
 -0.43800000000141931      -0.23130906324216721     
 -0.43200000000142258      -0.23965872277412717     
 -0.42600000000142585      -0.24795059617922241     
 -0.42000000000142912      -0.25618259226226359     
 -0.41400000000143239      -0.26435262949125127     
 -0.40800000000143566      -0.27245863669521014     
 -0.40200000000143893      -0.28049855376060445     
 -0.39600000000144220      -0.28847033232603825     
 -0.39000000000144547      -0.29637193647494692     
 -0.38400000000144874      -0.30420134342598298     
 -0.37800000000145201      -0.31195654422080105     
 -0.37200000000145528      -0.31963554440894804     
 -0.36600000000145855      -0.32723636472956152     
 -0.36000000000146182      -0.33475704178958410     
 -0.35400000000146509      -0.34219562873819964     
 -0.34800000000146836      -0.34955019593719844     
 -0.34200000000147163      -0.35681883162697919     
 -0.33600000000147490      -0.36399964258789902     
 -0.33000000000147817      -0.37109075479668047     
 -0.32400000000148144      -0.37809031407758897     
 -0.31800000000148471      -0.38499648674809350     
 -0.31200000000148798      -0.39180746025872820     
 -0.30600000000149125      -0.39852144382687005     
 -0.30000000000149452      -0.40513666906415380     
 -0.29400000000149779      -0.41165139059724620     
 -0.28800000000150106      -0.41806388668170302     
 -0.28200000000150433      -0.42437245980863547     
 -0.27600000000150759      -0.43057543730391717     
 -0.27000000000151086      -0.43667117191966198     
 -0.26400000000151413      -0.44265804241770895     
 -0.25800000000151740      -0.44853445414485293     
 -0.25200000000152067      -0.45429883959956191     
 -0.24600000000152394      -0.45994965898992629     
 -0.24000000000152721      -0.46548540078258899     
 -0.23400000000153048      -0.47090458224240755     
 -0.22800000000153375      -0.47620574996260601     
 -0.22200000000153702      -0.48138748038517476     
 -0.21600000000154029      -0.48644838031128296     
 -0.21000000000154356      -0.49138708740147269     
 -0.20400000000154683      -0.49620227066540501     
 -0.19800000000155010      -0.50089263094093839     
 -0.19200000000155337      -0.50545690136231813     
 -0.18600000000155664      -0.50989384781726321     
 -0.18000000000155991      -0.51420226939274383     
 -0.17400000000156318      -0.51838099880924426     
 -0.16800000000156645      -0.52242890284331056     
 -0.16200000000156972      -0.52634488273819235     
 -0.15600000000157299      -0.53012787460238875     
 -0.15000000000157626      -0.53377684979591367     
 -0.14400000000157953      -0.53729081530410594     
 -0.13800000000158280      -0.54066881409880929     
 -0.13200000000158607      -0.54390992548675765     
 -0.12600000000158934      -0.54701326544500462     
 -0.12000000000159261      -0.54997798694324018     
 -0.11400000000159588      -0.55280328025285019     
 -0.10800000000159915      -0.55548837324257128     
 -0.10200000000160242      -0.55803253166060562     
  -9.6000000001605690E-002 -0.56043505940306781     
  -9.0000000001608960E-002 -0.56269529876863500     
  -8.4000000001612229E-002 -0.56481263069928489     
  -7.8000000001615499E-002 -0.56678647500701074     
  -7.2000000001618769E-002 -0.56861629058640417     
  -6.6000000001622039E-002 -0.57030157561301220     
  -6.0000000001625316E-002 -0.57184186772737278     
  -5.4000000001628592E-002 -0.57323674420464388     
  -4.8000000001631869E-002 -0.57448582210974930     
  -4.2000000001635146E-002 -0.57558875843796520     
  -3.6000000001638423E-002 -0.57654525024088632     
  -3.0000000001641696E-002 -0.57735503473771022     
  -2.4000000001644969E-002 -0.57801788941178822     
  -1.8000000001648243E-002 -0.57853363209239972     
  -1.2000000001651516E-002 -0.57890212102170924     
  -6.0000000016547901E-003 -0.57912325490687733     
  -1.6580643108499160E-012 -0.57919697295730022     
   5.9999999983386615E-003 -0.57912325490695904     
   1.1999999998335387E-002 -0.57890212102187222     
   1.7999999998332114E-002 -0.57853363209264408     
   2.3999999998328841E-002 -0.57801788941211385     
   2.9999999998325567E-002 -0.57735503473811722     
   3.5999999998322291E-002 -0.57654525024137437     
   4.1999999998319014E-002 -0.57558875843853430     
   4.7999999998315737E-002 -0.57448582211039934     
   5.3999999998312460E-002 -0.57323674420537474     
   5.9999999998309184E-002 -0.57184186772818391     
   6.5999999998305914E-002 -0.57030157561390360     
   7.1999999998302644E-002 -0.56861629058737551     
   7.7999999998299374E-002 -0.56678647500806201     
   8.3999999998296104E-002 -0.56481263070041565     
   8.9999999998292834E-002 -0.56269529876984470     
   9.5999999998289565E-002 -0.56043505940435645     
  0.10199999999828629      -0.55803253166197264     
  0.10799999999828302      -0.55548837324401634     
  0.11399999999827976      -0.55280328025437309     
  0.11999999999827649      -0.54997798694484012     
  0.12599999999827322      -0.54701326544668127     
  0.13199999999826995      -0.54390992548851080     
  0.13799999999826668      -0.54066881410063816     
  0.14399999999826341      -0.53729081530601031     
  0.14999999999826014      -0.53377684979789308     
  0.15599999999825687      -0.53012787460444244     
  0.16199999999825360      -0.52634488274031976     
  0.16799999999825033      -0.52242890284551113     
  0.17399999999824706      -0.51838099881151756     
  0.17999999999824379      -0.51420226939508917     
  0.18599999999824052      -0.50989384781967972     
  0.19199999999823725      -0.50545690136480548     
  0.19799999999823398      -0.50089263094349579     
  0.20399999999823071      -0.49620227066803158     
  0.20999999999822744      -0.49138708740416792     
  0.21599999999822417      -0.48644838031404625     
  0.22199999999822090      -0.48138748038800522     
  0.22799999999821763      -0.47620574996550286     
  0.23399999999821436      -0.47090458224536996     
  0.23999999999821109      -0.46548540078561618     
  0.24599999999820782      -0.45994965899301754     
  0.25199999999820455      -0.45429883960271633     
  0.25799999999820128      -0.44853445414806969     
  0.26399999999819801      -0.44265804242098716     
  0.26999999999819474      -0.43667117192300081     
  0.27599999999819147      -0.43057543730731579     
  0.28199999999818820      -0.42437245981209298     
  0.28799999999818493      -0.41806388668521838     
  0.29399999999818166      -0.41165139060081857     
  0.29999999999817839      -0.40513666906778212     
  0.30599999999817512      -0.39852144383055343     
  0.31199999999817185      -0.39180746026246560     
  0.31799999999816858      -0.38499648675188403     
  0.32399999999816531      -0.37809031408143151     
  0.32999999999816204      -0.37109075480057424     
  0.33599999999815877      -0.36399964259184286     
  0.34199999999815550      -0.35681883163097200     
  0.34799999999815223      -0.34955019594123926     
  0.35399999999814896      -0.34219562874228748     
  0.35999999999814569      -0.33475704179371785     
  0.36599999999814242      -0.32723636473374013     
  0.37199999999813915      -0.31963554441317038     
  0.37799999999813588      -0.31195654422506608     
  0.38399999999813261      -0.30420134343028948     
  0.38999999999812934      -0.29637193647929388     
  0.39599999999812607      -0.28847033233042463     
  0.40199999999812280      -0.28049855376502908     
  0.40799999999811953      -0.27245863669967191     
  0.41399999999811626      -0.26435262949574884     
  0.41999999999811299      -0.25618259226679607     
  0.42599999999810972      -0.24795059618378859     
  0.43199999999810645      -0.23965872277872585     
  0.43799999999810318      -0.23130906324679720     
  0.44399999999809991      -0.22290371774742312     
  0.44999999999809664      -0.21444479470446726     
  0.45599999999809337      -0.20593441010591090     
  0.46199999999809011      -0.19737468680328496     
  0.46799999999808684      -0.18876775381114991     
  0.47399999999808357      -0.18011574560691471     
  0.47999999999808030      -0.17142080143128438     
  0.48599999999807703      -0.16268506458962437     
  0.49199999999807376      -0.15391068175452779     
  0.49799999999807049      -0.14509980226987140     
  0.50399999999806722      -0.13625457745664141     
  0.50999999999806389      -0.12737715992081278     
  0.51599999999806057      -0.11846970286355858     
  0.52199999999805724      -0.10953435939406819     
  0.52799999999805391      -0.10057328184524693     
  0.53399999999805059       -9.1588621092569544E-002
  0.53999999999804726       -8.2582525876358323E-002
  0.54599999999804394       -7.3557142127748915E-002
  0.55199999999804061       -6.4514612298611898E-002
  0.55799999999803729       -5.5457074695686004E-002
  0.56399999999803396       -4.6386662819184805E-002
  0.56999999999803064       -3.7305504706127125E-002
  0.57599999999802731       -2.8215722278645928E-002
  0.58199999999802399       -1.9119430697519049E-002
  0.58799999999802066       -1.0018737721169737E-002
  0.59399999999801734       -9.1574307037370752E-004
  0.59999999999801401        8.1874622010901232E-003
  0.60599999999801069        1.7288796329610095E-002
  0.61199999999800736        2.6386187458510194E-002
  0.61799999999800403        3.5477574248186067E-002
  0.62399999999800071        4.4560906479394466E-002
  0.62999999999799738        5.3634145649475218E-002
  0.63599999999799406        6.2695265561297897E-002
  0.64199999999799073        7.1742252904722900E-002
  0.64799999999798741        8.0773107830379359E-002
  0.65399999999798408        8.9785844515555158E-002
  0.65999999999798076        9.8778491722012821E-002
  0.66599999999797743       0.10774909334553892     
  0.67199999999797411       0.11669570895704308     
  0.67799999999797078       0.12561641433503176     
  0.68399999999796746       0.13450930198927827     
  0.68999999999796413       0.14337248167552549     
  0.69599999999796081       0.15220408090105211     
  0.70199999999795748       0.16100224542095129     
  0.70799999999795415       0.16976513972496016     
  0.71399999999795083       0.17849094751470079     
  0.71999999999794750       0.18717787217118276     
  0.72599999999794418       0.19582413721243552     
  0.73199999999794085       0.20442798674113630     
  0.73799999999793753       0.21298768588210618     
  0.74399999999793420       0.22150152120955646     
  0.74999999999793088       0.22996780116396678     
  0.75599999999792755       0.23838485645848717     
  0.76199999999792423       0.24675104047475807     
  0.76799999999792090       0.25506472964805077     
  0.77399999999791758       0.26332432384163423     
  0.77999999999791425       0.27152824671028075     
  0.78599999999791093       0.27967494605282750     
  0.79199999999790760       0.28776289415371964     
  0.79799999999790427       0.29579058811346132     
  0.80399999999790095       0.30375655016791087     
  0.80999999999789762       0.31165932799636092     
  0.81599999999789430       0.31949749501834662     
  0.82199999999789097       0.32726965067913766     
  0.82799999999788765       0.33497442072386580     
  0.83399999999788432       0.34261045746025659     
  0.83999999999788100       0.35017644000992643     
  0.84599999999787767       0.35767107454822566     
  0.85199999999787435       0.36509309453260141     
  0.85799999999787102       0.37244126091946628     
  0.86399999999786770       0.37971436236956480     
  0.86999999999786437       0.38691121544183044     
  0.87599999999786105       0.39403066477573534     
  0.88199999999785772       0.40107158326213854     
  0.88799999999785439       0.40803287220264356     
  0.89399999999785107       0.41491346145748181     
  0.89999999999784774       0.42171230958194628     
  0.90599999999784442       0.42842840395139881     
  0.91199999999784109       0.43506076087488338     
  0.91799999999783777       0.44160842569738568     
  0.92399999999783444       0.44807047289077806     
  0.92999999999783112       0.45444600613349734     
  0.93599999999782779       0.46073415837900883     
  0.94199999999782447       0.46693409191310914     
  0.94799999999782114       0.47304499840013564     
  0.95399999999781782       0.47906609891814234     
  0.95999999999781449       0.48499664398311715     
  0.96599999999781117       0.49083591356231160     
  0.97199999999780784       0.49658321707676739     
  0.97799999999780451       0.50223789339311919     
  0.98399999999780119       0.50779931080476715     
  0.98999999999779786       0.51326686700250279     
  0.99599999999779454       0.51863998903469644     
   1.0019999999977913       0.52391813325713754     
   1.0079999999977880       0.52910078527263726     
   1.0139999999977847       0.53418745986049865     
   1.0199999999977813       0.53917770089597039     
   1.0259999999977780       0.54407108125979786     
   1.0319999999977747       0.54886720273799006     
   1.0379999999977714       0.55356569591192772     
   1.0439999999977680       0.55816622003893845     
   1.0499999999977647       0.56266846292346873     
   1.0559999999977614       0.56707214077898560     
   1.0619999999977581       0.57137699808074283     
   1.0679999999977547       0.57558280740955536     
   1.0739999999977514       0.57968936928671888     
   1.0799999999977481       0.58369651200022510     
   1.0859999999977448       0.58760409142241299     
   1.0919999999977414       0.59141199081921525     
   1.0979999999977381       0.59512012065114750     
   1.1039999999977348       0.59872841836619617     
   1.1099999999977315       0.60223684818476619     
   1.1159999999977281       0.60564540087684260     
   1.1219999999977248       0.60895409353153518     
   1.1279999999977215       0.61216296931916447     
   1.1339999999977182       0.61527209724606202     
   1.1399999999977148       0.61828157190224309     
   1.1459999999977115       0.62119151320213106     
   1.1519999999977082       0.62400206611850118     
   1.1579999999977049       0.62671340040981560     
   1.1639999999977015       0.62932571034112439     
   1.1699999999976982       0.63183921439870927     
   1.1759999999976949       0.63425415499864823     
   1.1819999999976916       0.63657079818947282     
   1.1879999999976882       0.63878943334910709     
   1.1939999999976849       0.64091037287625663     
   1.1999999999976816       0.64293395187643920     
   1.2059999999976783       0.64486052784282888     
   1.2119999999976749       0.64669048033210508     
   1.2179999999976716       0.64842421063547906     
   1.2239999999976683       0.65006214144509000     
   1.2299999999976650       0.65160471651594620     
   1.2359999999976616       0.65305240032360179     
   1.2419999999976583       0.65440567771774805     
   1.2479999999976550       0.65566505357190197     
   1.2539999999976517       0.65683105242938100     
   1.2599999999976483       0.65790421814574163     
   1.2659999999976450       0.65888511352786960     
   1.2719999999976417       0.65977431996989899     
   1.2779999999976384       0.66057243708614954     
   1.2839999999976350       0.66128008234125846     
   1.2899999999976317       0.66189789067768912     
   1.2959999999976284       0.66242651414080012     
   1.3019999999976251       0.66286662150164877     
   1.3079999999976217       0.66321889787771471     
   1.3139999999976184       0.66348404435171682     
   1.3199999999976151       0.66366277758870051     
   1.3259999999976118       0.66375582945157308     
   1.3319999999976084       0.66376394661526161     
   1.3379999999976051       0.66368789017966567     
   1.3439999999976018       0.66352843528157590     
   1.3499999999975985       0.66328637070573271     
   1.3559999999975951       0.66296249849518907     
   1.3619999999975918       0.66255763356115072     
   1.3679999999975885       0.66207260329245354     
   1.3739999999975852       0.66150824716484935     
   1.3799999999975818       0.66086541635025398     
   1.3859999999975785       0.66014497332612787     
   1.3919999999975752       0.65934779148513956     
   1.3979999999975719       0.65847475474527528     
   1.4039999999975685       0.65752675716054476     
   1.4099999999975652       0.65650470253243942     
   1.4159999999975619       0.65540950402229214     
   1.4219999999975586       0.65424208376468684     
   1.4279999999975552       0.65300337248206586     
   1.4339999999975519       0.65169430910067727     
   1.4399999999975486       0.65031584036800505     
   1.4459999999975452       0.64886892047182121     
   1.4519999999975419       0.64735451066099803     
   1.4579999999975386       0.64577357886821229     
   1.4639999999975353       0.64412709933467693     
   1.4699999999975319       0.64241605223702736     
   1.4759999999975286       0.64064142331649065     
   1.4819999999975253       0.63880420351046230     
   1.4879999999975220       0.63690538858660983     
   1.4939999999975186       0.63494597877962822     
   1.4999999999975153       0.63292697843075729     
   1.5059999999975120       0.63084939563017828     
   1.5119999999975087       0.62871424186240066     
   1.5179999999975053       0.62652253165474814     
   1.5239999999975020       0.62427528222904560     
   1.5299999999974987       0.62197351315661698     
   1.5359999999974954       0.61961824601668536     
   1.5419999999974920       0.61721050405827993     
   1.5479999999974887       0.61475131186574028     
   1.5539999999974854       0.61224169502791259     
   1.5599999999974821       0.60968267981112012     
   1.5659999999974787       0.60707529283600226     
   1.5719999999974754       0.60442056075829831     
   1.5779999999974721       0.60171950995366030     
   1.5839999999974688       0.59897316620656937     
   1.5899999999974654       0.59618255440343204     
   1.5959999999974621       0.59334869822992420     
   1.6019999999974588       0.59047261987265831     
   1.6079999999974555       0.58755533972523111     
   1.6139999999974521       0.58459787609872005     
   1.6199999999974488       0.58160124493668741     
   1.6259999999974455       0.57856645953474817     
   1.6319999999974422       0.57549453026475628     
   1.6379999999974388       0.57238646430365969     
   1.6439999999974355       0.56924326536707603     
   1.6499999999974322       0.56606593344762979     
   1.6559999999974289       0.56285546455809865     
   1.6619999999974255       0.55961285047940479     
   1.6679999999974222       0.55633907851349096     
   1.6739999999974189       0.55303513124111769     
   1.6799999999974156       0.54970198628460742     
   1.6859999999974122       0.54634061607557383     
   1.6919999999974089       0.54295198762765029     
   1.6979999999974056       0.53953706231425802     
   1.7039999999974023       0.53609679565141599     
   1.7099999999973989       0.53263213708562884     
   1.7159999999973956       0.52914402978685526     
   1.7219999999973923       0.52563341044657941     
   1.7279999999973890       0.52210120908099067     
   1.7339999999973856       0.51854834883928280     
   1.7399999999973823       0.51497574581707728     
   1.7459999999973790       0.51138430887497632     
   1.7519999999973757       0.50777493946224406     
   1.7579999999973723       0.50414853144561478     
   1.7639999999973690       0.50050597094322757     
   1.7699999999973657       0.49684813616367890     
   1.7759999999973624       0.49317589725018507     
   1.7819999999973590       0.48949011612984572     
   1.7879999999973557       0.48579164636799371     
   1.7939999999973524       0.48208133302761819     
   1.7999999999973491       0.47836001253384497     
   1.8059999999973457       0.47462851254345290     
   1.8119999999973424       0.47088765181940540     
   1.8179999999973391       0.46713824011037847     
   1.8239999999973358       0.46338107803525319     
   1.8299999999973324       0.45961695697255522     
   1.8359999999973291       0.45584665895480220     
   1.8419999999973258       0.45207095656773733     
   1.8479999999973225       0.44829061285441268     
   1.8539999999973191       0.44450638122408959     
   1.8599999999973158       0.44071900536591951     
   1.8659999999973125       0.43692921916736865     
   1.8719999999973091       0.43313774663734861     
   1.8779999999973058       0.42934530183401082     
   1.8839999999973025       0.42555258879716429     
   1.8899999999972992       0.42176030148527122     
   1.8959999999972958       0.41796912371697925     
   1.9019999999972925       0.41417972911714035     
   1.9079999999972892       0.41039278106727101     
   1.9139999999972859       0.40660893266040438     
   1.9199999999972825       0.40282882666028413     
   1.9259999999972792       0.39905309546484957     
   1.9319999999972759       0.39528236107395798     
   1.9379999999972726       0.39151723506129238     
   1.9439999999972692       0.38775831855039966     
   1.9499999999972659       0.38400620219480230     
   1.9559999999972626       0.38026146616212886     
   1.9619999999972593       0.37652468012220497     
   1.9679999999972559       0.37279640323904623     
   1.9739999999972526       0.36907718416669277     
   1.9799999999972493       0.36536756104882950     
   1.9859999999972460       0.36166806152212533     
   1.9919999999972426       0.35797920272323491     
   1.9979999999972393       0.35430149129939820     
   2.0039999999972360       0.35063542342257498     
   2.0099999999972327       0.34698148480705265     
   2.0159999999972293       0.34334015073046270     
   2.0219999999972260       0.33971188605813857     
   2.0279999999972227       0.33609714527075496     
   2.0339999999972194       0.33249637249518138     
   2.0399999999972160       0.32891000153848049     
   2.0459999999972127       0.32533845592499155     
   2.0519999999972094       0.32178214893642892     
   2.0579999999972061       0.31824148365492844     
   2.0639999999972027       0.31471685300897800     
   2.0699999999971994       0.31120863982216102     
   2.0759999999971961       0.30771721686465114     
   2.0819999999971928       0.30424294690738585     
   2.0879999999971894       0.30078618277885355     
   2.0939999999971861       0.29734726742442846     
   2.0999999999971828       0.29392653396818325     
   2.1059999999971795       0.29052430577711374     
   2.1119999999971761       0.28714089652770641     
   2.1179999999971728       0.28377661027478618     
   2.1239999999971695       0.28043174152257044     
   2.1299999999971662       0.27710657529786936     
   2.1359999999971628       0.27380138722535996     
   2.1419999999971595       0.27051644360487204     
   2.1479999999971562       0.26725200149061668     
   2.1539999999971529       0.26400830877229342     
   2.1599999999971495       0.26078560425800779     
   2.1659999999971462       0.25758411775893736     
   2.1719999999971429       0.25440407017567834     
   2.1779999999971396       0.25124567358621042     
   2.1839999999971362       0.24810913133541260     
   2.1899999999971329       0.24499463812607100     
   2.1959999999971296       0.24190238011131093     
   2.2019999999971263       0.23883253498839249     
   2.2079999999971229       0.23578527209380770     
   2.2139999999971196       0.23276075249961678     
   2.2199999999971163       0.22975912911096183     
   2.2259999999971130       0.22678054676469903     
   2.2319999999971096       0.22382514232908857     
   2.2379999999971063       0.22089304480448085     
   2.2439999999971030       0.21798437542494467     
   2.2499999999970997       0.21509924776077513     
   2.2559999999970963       0.21223776782182510     
   2.2619999999970930       0.20940003416160566     
   2.2679999999970897       0.20658613798209585     
   2.2739999999970864       0.20379616323920835     
   2.2799999999970830       0.20103018674885814     
   2.2859999999970797       0.19828827829357620     
   2.2919999999970764       0.19557050072961868     
   2.2979999999970731       0.19287691009451738     
   2.3039999999970697       0.19020755571502193     
   2.3099999999970664       0.18756248031537992     
   2.3159999999970631       0.18494172012590754     
   2.3219999999970597       0.18234530499180113     
   2.3279999999970564       0.17977325848214037     
   2.3339999999970531       0.17722559799903664     
   2.3399999999970498       0.17470233488687917     
   2.3459999999970464       0.17220347454163470     
   2.3519999999970431       0.16972901652015296     
   2.3579999999970398       0.16727895464943693     
   2.3639999999970365       0.16485327713583312     
   2.3699999999970331       0.16245196667409867     
   2.3759999999970298       0.16007500055630655     
   2.3819999999970265       0.15772235078054542     
   2.3879999999970232       0.15539398415937661     
   2.3939999999970198       0.15308986242800707     
   2.3999999999970165       0.15080994235214373     
   2.4059999999970132       0.14855417583548874     
   2.4119999999970099       0.14632251002684160     
   2.4179999999970065       0.14411488742677314     
   2.4239999999970032       0.14193124599383461     
   2.4299999999969999       0.13977151925027156     
   2.4359999999969966       0.13763563638720808     
   2.4419999999969932       0.13552352236926896     
   2.4479999999969899       0.13343509803861195     
   2.4539999999969866       0.13137028021833672     
   2.4599999999969833       0.12932898181524460     
   2.4659999999969799       0.12731111192191752     
   2.4719999999969766       0.12531657591809359     
   2.4779999999969733       0.12334527557130733     
   2.4839999999969700       0.12139710913677335     
   2.4899999999969666       0.11947197145648787     
   2.4959999999969633       0.11756975405752211     
   2.5019999999969600       0.11569034524948733     
   2.5079999999969567       0.11383363022114810     
   2.5139999999969533       0.11199949113616212     
   2.5199999999969500       0.11018780722792738     
   2.5259999999969467       0.10839845489351610     
   2.5319999999969434       0.10663130778667643     
   2.5379999999969400       0.10488623690988531     
   2.5439999999969367       0.10316311070543341     
   2.5499999999969334       0.10146179514552768     
   2.5559999999969301        9.9782153821393813E-002
   2.5619999999969267        9.8124048031365874E-002
   2.5679999999969234        9.6487336867947471E-002
   2.5739999999969201        9.4871877303832564E-002
   2.5799999999969168        9.3277524276870957E-002
   2.5859999999969134        9.1704130773970341E-002
   2.5919999999969101        9.0151547913919994E-002
   2.5979999999969068        8.8619625029128277E-002
   2.6039999999969035        8.7108209746263557E-002
   2.6099999999969001        8.5617148065789378E-002
   2.6159999999968968        8.4146284440385841E-002
   2.6219999999968935        8.2695461852249366E-002
   2.6279999999968902        8.1264521889264543E-002
   2.6339999999968868        7.9853304820041215E-002
   2.6399999999968835        7.8461649667811162E-002
   2.6459999999968802        7.7089394283179999E-002
   2.6519999999968769        7.5736375415729543E-002
   2.6579999999968735        7.4402428784466443E-002
   2.6639999999968702        7.3087389147115156E-002
   2.6699999999968669        7.1791090368251695E-002
   2.6759999999968636        7.0513365486276181E-002
   2.6819999999968602        6.9254046779223880E-002
   2.6879999999968569        6.8012965829412422E-002
   2.6939999999968536        6.6789953586925827E-002
   2.6999999999968503        6.5584840431935687E-002
   2.7059999999968469        6.4397456235859407E-002
   2.7119999999968436        6.3227630421357386E-002
   2.7179999999968403        6.2075192021171191E-002
   2.7239999999968370        6.0939969735803803E-002
   2.7299999999968336        5.9821791990046252E-002
   2.7359999999968303        5.8720486988352007E-002
   2.7419999999968270        5.7635882769064409E-002
   2.7479999999968237        5.6567807257499929E-002
   2.7539999999968203        5.5516088317892648E-002
   2.7599999999968170        5.4480553804204128E-002
   2.7659999999968137        5.3461031609804269E-002
   2.7719999999968103        5.2457349716029084E-002
   2.7779999999968070        5.1469336239620953E-002
   2.7839999999968037        5.0496819479057986E-002
   2.7899999999968004        4.9539627959779384E-002
   2.7959999999967970        4.8597590478313815E-002
   2.8019999999967937        4.7670536145317959E-002
   2.8079999999967904        4.6758294427533716E-002
   2.8139999999967871        4.5860695188671280E-002
   2.8199999999967837        4.4977568729226945E-002
   2.8259999999967804        4.4108745825244385E-002
   2.8319999999967771        4.3254057766027941E-002
   2.8379999999967738        4.2413336390817361E-002
   2.8439999999967704        4.1586414124433445E-002
   2.8499999999967671        4.0773124011904256E-002
   2.8559999999967638        3.9973299752081567E-002
   2.8619999999967605        3.9186775730258361E-002
   2.8679999999967571        3.8413387049796632E-002
   2.8739999999967538        3.7652969562777285E-002
   2.8799999999967505        3.6905359899682140E-002
   2.8859999999967472        3.6170395498118624E-002
   2.8919999999967438        3.5447914630599639E-002
   2.8979999999967405        3.4737756431388225E-002
   2.9039999999967372        3.4039760922419324E-002
   2.9099999999967339        3.3353769038310339E-002
   2.9159999999967305        3.2679622650471626E-002
   2.9219999999967272        3.2017164590328953E-002
   2.9279999999967239        3.1366238671670189E-002
   2.9339999999967206        3.0726689712127685E-002
   2.9399999999967172        3.0098363553808787E-002
   2.9459999999967139        2.9481107083087030E-002
   2.9519999999967106        2.8874768249565450E-002
   2.9579999999967073        2.8279196084225414E-002
   2.9639999999967039        2.7694240716772615E-002
   2.9699999999967006        2.7119753392193167E-002
   2.9759999999966973        2.6555586486532338E-002
   2.9819999999966940        2.6001593521908183E-002
   2.9879999999966906        2.5457629180773201E-002
   2.9939999999966873        2.4923549319436321E-002
