       -0.0042405191        0.0000000000
       -0.0042405191        1.0000000000
 
        0.1935220738        0.0000000000
        0.1935220738        0.0000840330
 
        0.4711722886        0.0000000000
        0.4711722886        0.0000000000
 
        0.5106352237        0.0000000000
        0.5106352237        0.0207450238
 
        0.6618053330        0.0000000000
        0.6618053330        0.0000000000
 
        0.6926399793        0.0000000000
        0.6926399793        0.0000169772
 
        1.0700727246        0.0000000000
        1.0700727246        0.0000000000
 
        1.2420816640        0.0000000000
        1.2420816640        0.0000000000
 
