  0.10000000149011612      -0.59363103338579704     
  0.10290000148862816      -0.61535267082913514     
  0.10580000148714019      -0.63172607225106414     
  0.10870000148565223      -0.64248073706058584     
  0.11160000148416427      -0.64737653029163156     
  0.11450000148267631      -0.64620617673031111     
  0.11740000148118834      -0.63879753337903655     
  0.12030000147970038      -0.62501561831449459     
  0.12320000147821242      -0.60476437640376091     
  0.12610000147672445      -0.57798816495160710     
  0.12900000147523649      -0.54467294512399389     
  0.13190000147374853      -0.50484716788731654     
  0.13480000147226057      -0.45858234617821159     
  0.13770000147077260      -0.40599330803240619     
  0.14060000146928464      -0.34723812841078250     
  0.14350000146779668      -0.28251774042554151     
  0.14640000146630872      -0.21207522954976263     
  0.14930000146482075      -0.13619481715284593     
  0.15220000146333279       -5.5200542309071746E-002
  0.15510000146184483        3.0545346753139645E-002
  0.15800000146035686       0.12064427798272170     
  0.16090000145886890       0.21466350205874177     
  0.16380000145738094       0.31213848286930163     
  0.16670000145589298       0.41257551314105095     
  0.16960000145440501       0.51545453522325857     
  0.17250000145291705       0.62023214606909727     
  0.17540000145142909       0.72634476474868237     
  0.17830000144994113       0.83321194036275370     
  0.18120000144845316       0.94023977798748870     
  0.18410000144696520        1.0468244602504448     
  0.18700000144547724        1.1523558422927507     
  0.18990000144398927        1.2562210981879760     
  0.19280000144250131        1.3578083973367392     
  0.19570000144101335        1.4565105899097679     
  0.19860000143952539        1.5517288810425329     
  0.20150000143803742        1.6428764741636510     
  0.20440000143654946        1.7293821645407266     
  0.20730000143506150        1.8106938648266226     
  0.21020000143357354        1.8862820450649063     
  0.21310000143208557        1.9556430702473666     
  0.21600000143059761        2.0183024190949688     
  0.21890000142910965        2.0738177682470416     
  0.22180000142762168        2.1217819264868973     
  0.22470000142613372        2.1618256040057995     
  0.22760000142464576        2.1936200020163925     
  0.23050000142315780        2.2168792082812319     
  0.23340000142166983        2.2313623843368613     
  0.23630000142018187        2.2368757303875482     
  0.23920000141869391        2.2332742140381621     
  0.24210000141720595        2.2204630492582358     
  0.24500000141571798        2.1983989122471090     
  0.24790000141423002        2.1670908812326100     
  0.25080000141274206        2.1266010877129657     
  0.25370000141125409        2.0770450672733749     
  0.25660000140976613        2.0185917989030013     
  0.25950000140827817        1.9514634227312160     
  0.26240000140679021        1.8759346273162236     
  0.26530000140530224        1.7923316990735130     
  0.26820000140381428        1.7010312281390614     
  0.27110000140232632        1.6024584669310342     
  0.27400000140083836        1.4970853399050881     
  0.27690000139935039        1.3854281054872015     
  0.27980000139786243        1.2680446739017879     
  0.28270000139637447        1.1455315875722498     
  0.28560000139488650        1.0185206739293189     
  0.28850000139339854       0.88767538378593303     
  0.29140000139191058       0.75368683188594077     
  0.29430000139042262       0.61726955976122688     
  0.29720000138893465       0.47915704458694303     
  0.30010000138744669       0.34009698125142940     
  0.30300000138595873       0.20084636829733749     
  0.30590000138447077        6.2166431682184164E-002
  0.30880000138298280       -7.5182576611859162E-002
  0.31170000138149484      -0.21044666527960826     
  0.31460000138000688      -0.34288343338898580     
  0.31750000137851891      -0.47176739866608602     
  0.32040000137703095      -0.59639527831684402     
  0.32330000137554299      -0.71609117517509691     
  0.32620000137405503      -0.83021162133848136     
  0.32910000137256706      -0.93815043138744614     
  0.33200000137107910       -1.0393433178030234     
  0.33490000136959114       -1.1332722223205336     
  0.33780000136810318       -1.2194693186841914     
  0.34070000136661521       -1.2975206445961280     
  0.34360000136512725       -1.3670693235672329     
  0.34650000136363929       -1.4278183408500951     
  0.34940000136215132       -1.4795328416305782     
  0.35230000136066336       -1.5220419241284058     
  0.35520000135917540       -1.5552399051544301     
  0.35810000135768744       -1.5790870409308457     
  0.36100000135619947       -1.5936096915313884     
  0.36390000135471151       -1.5988999230670764     
  0.36680000135322355       -1.5951145476502864     
  0.36970000135173559       -1.5824736071343324     
  0.37260000135024762       -1.5612583125640931     
  0.37550000134875966       -1.5318084571026898     
  0.37840000134727170       -1.4945193258386784     
  0.38130000134578373       -1.4498381312494617     
  0.38420000134429577       -1.3982600081262611     
  0.38710000134280781       -1.3403236063863309     
  0.39000000134131985       -1.2766063243485819     
  0.39290000133983188       -1.2077192286767251     
  0.39580000133834392       -1.1343017102559738     
  0.39870000133685596       -1.0570159277308639     
  0.40160000133536800      -0.97654109226888108     
  0.40450000133388003      -0.89356764831318858     
  0.40740000133239207      -0.80879140564417940     
  0.41030000133090411      -0.72290767798994016     
  0.41320000132941614      -0.63660548272590289     
  0.41610000132792818      -0.55056185490886822     
  0.41900000132644022      -0.46543632703318993     
  0.42190000132495226      -0.38186562351773007     
  0.42480000132346429      -0.30045861607792845     
  0.42770000132197633      -0.22179158285978681     
  0.43060000132048837      -0.14640381056762547     
  0.43350000131900041       -7.4793574863551204E-002
  0.43640000131751244       -7.4145301137142731E-003
  0.43930000131602448        5.5327464835294660E-002
  0.44220000131453652       0.11307706268784178     
  0.44510000131304855       0.16553166797007737     
  0.44800000131156059       0.21244318858370584     
  0.45090000131007268       0.25361929026597607     
  0.45380000130858472       0.28892415008095540     
  0.45670000130709676       0.31827870945033032     
  0.45960000130560880       0.34166043146119107     
  0.46250000130412083       0.35910257123398248     
  0.46540000130263287       0.37069297197200868     
  0.46830000130114491       0.37657240292618099     
  0.47120000129965700       0.37693245888185950     
  0.47410000129816904       0.37201304390023443     
  0.47700000129668108       0.36209946492050338     
  0.47990000129519311       0.34751916345051476     
  0.48280000129370515       0.32863811594470566     
  0.48570000129221719       0.30585693559337296     
  0.48860000129072922       0.27960671013204808     
  0.49150000128924126       0.25034461193005159     
  0.49440000128775330       0.21854931803888283     
  0.49730000128626534       0.18471627907880453     
  0.50020000128477737       0.14935287681905710     
  0.50310000128328947       0.11297351106489435     
  0.50600000128180145        7.6094657001956140E-002
  0.50890000128031354        3.9229934461783897E-002
  0.51180000127882552        2.8852306552403081E-003
  0.51470000127733762       -3.2446082235533483E-002
  0.51760000127584971       -6.6287793622269275E-002
  0.52050000127436169       -9.8185324917804850E-002
  0.52340000127287378      -0.12770998441698247     
  0.52630000127138576      -0.15446296852155797     
  0.52920000126989786      -0.17807907272514453     
  0.53210000126840984      -0.19823007764060249     
  0.53500000126692193      -0.21462777755127035     
  0.53790000126543402      -0.22702662150814887     
  0.54080000126394601      -0.23522593988292284     
  0.54370000126245810      -0.23907173252231290     
  0.54660000126097008      -0.23845799822792760     
  0.54950000125948217      -0.23332758919672267     
  0.55240000125799416      -0.22367257828260731     
  0.55530000125650625      -0.20953413145487104     
  0.55820000125501823      -0.19100188260147782     
  0.56110000125353032      -0.16821281281494724     
  0.56400000125204230      -0.14134964145805168     
  0.56690000125055440      -0.11063874158132196     
  0.56980000124906649       -7.6347597593179384E-002
  0.57270000124757847       -3.8781828399391198E-002
  0.57560000124609045        1.7181955404765989E-003
  0.57850000124460255        4.4781107721488855E-002
  0.58140000124311464        9.0008635316801894E-002
  0.58430000124162662       0.13697998025237162     
  0.58720000124013860       0.18525644465166047     
  0.59010000123865070       0.23438625002449356     
  0.59300000123716279       0.28390949647515107     
  0.59590000123567477       0.33336320571839384     
  0.59880000123418675       0.38228638987847102     
  0.60170000123269884       0.43022508695665579     
  0.60460000123121094       0.47673730352893184     
  0.60750000122972292       0.52139780570709371     
  0.61040000122823490       0.56380270068149607     
  0.61330000122674699       0.60357375326640761     
  0.61620000122525909       0.64036238478010910     
  0.61910000122377107       0.67385330528794996     
  0.62200000122228305       0.70376773468001774     
  0.62490000122079514       0.72986617319418490     
  0.62780000121930724       0.75195068776519669     
  0.63070000121781922       0.76986668690367699     
  0.63360000121633120       0.78350416359655106     
  0.63650000121484329       0.79279839287355902     
  0.63940000121335538       0.79773007809592600     
  0.64230000121186737       0.79832494757903660     
  0.64520000121037935       0.79465281074265270     
  0.64810000120889144       0.78682609046896224     
  0.65100000120740353       0.77499785561942691     
  0.65390000120591552       0.75935938459693975     
  0.65680000120442750       0.74013729732543720     
  0.65970000120293959       0.71759029894653725     
  0.66260000120145168       0.69200558380235699     
  0.66550000119996366       0.66369495279621937     
  0.66840000119847565       0.63299070092179810     
  0.67130000119698774       0.60024133456338014     
  0.67420000119549983       0.56580718004771757     
  0.67710000119401181       0.53005594583975846     
  0.68000000119252380       0.49335830070574382     
  0.68290000119103589       0.45608352912023403     
  0.68580000118954798       0.41859532318830917     
  0.68870000118805996       0.38124776742723299     
  0.69160000118657194       0.34438156895611116     
  0.69450000118508404       0.30832058104591753     
  0.69740000118359613       0.27336866266789162     
  0.70030000118210811       0.23980691074060265     
  0.70320000118062009       0.20789129532041126     
  0.70610000117913219       0.17785072112086836     
  0.70900000117764428       0.14988553160455004     
  0.71190000117615626       0.12416646459100160     
  0.71480000117466824       0.10083406099379327     
  0.71770000117318034        7.9998521064697709E-002
  0.72060000117169243        6.1739995507360645E-002
  0.72350000117020441        4.6109292145029089E-002
  0.72640000116871639        3.3128972598283943E-002
  0.72930000116722848        2.2794807751091065E-002
  0.73220000116574058        1.5077555747705487E-002
  0.73510000116425256        9.9250219470408702E-003
  0.73800000116276454        7.2643567290488998E-003
  0.74090000116127663        7.0045443483205804E-003
  0.74380000115978873        9.0390341965918119E-003
  0.74670000115830071        1.3248464884904564E-002
  0.74960000115681269        1.9503431488287547E-002
  0.75250000115532478        2.7667247095318832E-002
  0.75540000115383688        3.7598651440521873E-002
  0.75830000115234886        4.9154421823182214E-002
  0.76120000115086084        6.2191844672149735E-002
  0.76410000114937293        7.6571009930418779E-002
  0.76700000114788502        9.2156894823021779E-002
  0.76990000114639701       0.10882120844514419     
  0.77280000114490899       0.12644397386549516     
  0.77570000114342108       0.14491482997878743     
  0.77860000114193317       0.16413404105359058     
  0.78150000114044516       0.18401320769975604     
  0.78440000113895714       0.20447567871609862     
  0.78730000113746923       0.22545666887013621     
  0.79020000113598132       0.24690309300854815     
  0.79310000113449330       0.26877313190744351     
  0.79600000113300529       0.29103554986168512     
  0.79890000113151738       0.31366878810836213     
  0.80180000113002947       0.33665986171781037     
  0.80470000112854145       0.36000309051509588     
  0.80760000112705344       0.38369869687680785     
  0.81050000112556553       0.40775130485660049     
  0.81340000112407762       0.43216837601551839     
  0.81630000112258960       0.45695861757020850     
  0.81920000112110158       0.48213039803680924     
  0.82210000111961368       0.50769020446590951     
  0.82500000111812577       0.53364117367123831     
  0.82790000111663775       0.55998172759861498     
  0.83080000111514973       0.58670434021855378     
  0.83370000111366183       0.61379446011987793     
  0.83660000111217392       0.64122960940336482     
  0.83950000111068590       0.66897867559962321     
  0.84240000110919788       0.69700140924293563     
  0.84530000110770998       0.72524813550375478     
  0.84820000110622207       0.75365968399808358     
  0.85110000110473405       0.78216753663192895     
  0.85400000110324603       0.81069418918083347     
  0.85690000110175812       0.83915371832119290     
  0.85980000110027022       0.86745254208966649     
  0.86270000109878220       0.89549035831099622     
  0.86560000109729418       0.92316124245708420     
  0.86850000109580627       0.95035488372747612     
  0.87140000109431837       0.97695793591072444     
  0.87430000109283035        1.0028554578258104     
  0.87720000109134233        1.0279324168718933     
  0.88010000108985442        1.0520752284426271     
  0.88300000108836652        1.0751733036885966     
  0.88590000108687850        1.0971205783293929     
  0.88880000108539048        1.1178169959085258     
  0.89170000108390257        1.1371699200246741     
  0.89460000108241466        1.1550954516297682     
  0.89750000108092665        1.1715196294194785     
  0.90040000107943863        1.1863794936111951     
  0.90330000107795072        1.1996239959600141     
  0.90620000107646281        1.2112147416531862     
  0.90910000107497480        1.2211265516935226     
  0.91200000107348678        1.2293478374773907     
  0.91490000107199887        1.2358807824370399     
  0.91780000107051096        1.2407413287955340     
  0.92070000106902294        1.2439589706217704     
  0.92360000106753493        1.2455763574223688     
  0.92650000106604702        1.2456487154188933     
  0.92940000106455911        1.2442430963893782     
  0.93230000106307109        1.2414374664634740     
  0.93520000106158307        1.2373196495168193     
  0.93810000106009517        1.2319861417837963     
  0.94100000105860726        1.2255408159760577     
  0.94390000105711924        1.2180935345400350     
  0.94680000105563122        1.2097586926989221     
  0.94970000105414332        1.2006537125983046     
  0.95260000105265541        1.1908975102097958     
  0.95550000105116739        1.1806089566498088     
  0.95840000104967937        1.1699053552515861     
  0.96130000104819147        1.1589009551034384     
  0.96420000104670356        1.1477055208544416     
  0.96710000104521554        1.1364229774140899     
  0.97000000104372752        1.1251501467609162     
  0.97290000104223961        1.1139755924561101     
  0.97580000104075171        1.1029785856625949     
  0.97870000103926369        1.0922282045302674     
  0.98160000103777567        1.0817825767573497     
  0.98450000103628776        1.0716882730095838     
  0.98740000103479986        1.0619798567061847     
  0.99030000103331184        1.0526795934967594     
  0.99320000103182382        1.0437973215874943     
  0.99610000103033591        1.0353304819575893     
  0.99900000102884801        1.0272643054652730     
   1.0019000010273600        1.0195721519020884     
   1.0048000010258722        1.0122159942368658     
   1.0077000010243842        1.0051470396165765     
   1.0106000010228962       0.99830647717718435     
   1.0135000010214084       0.99162634137706918     
   1.0164000010199206       0.98503047840993407     
   1.0193000010184325       0.97843560229053950     
   1.0222000010169445       0.97175242644059101     
   1.0251000010154567       0.96488685603500590     
   1.0280000010139689       0.95774122600051048     
   1.0309000010124809       0.95021556938525487     
   1.0338000010109929       0.94220890083466735     
   1.0367000010095051       0.93362050010715170     
   1.0396000010080173       0.92435118093381263     
   1.0425000010065293       0.91430453105794518     
   1.0454000010050413       0.90338810996964047     
   1.0483000010035535       0.89151459166475822     
   1.0512000010020657       0.87860284069073880     
   1.0541000010005777       0.86457891077875326     
   1.0570000009990896       0.84937695648654410     
   1.0599000009976018       0.83294004947269162     
   1.0628000009961140       0.81522089227476602     
   1.0657000009946260       0.79618242375463733     
   1.0686000009931380       0.77579831168855806     
   1.0715000009916502       0.75405332930195346     
   1.0744000009901624       0.73094361386477114     
   1.0773000009886744       0.70647680675868307     
   1.0802000009871864       0.68067207568937760     
   1.0831000009856986       0.65356002093372323     
   1.0860000009842108       0.62518246867137039     
   1.0889000009827228       0.59559215554363087     
   1.0918000009812348       0.56485230960027022     
   1.0947000009797470       0.53303613372933312     
   1.0976000009782592       0.50022619850990113     
   1.1005000009767711       0.46651375217708313     
   1.1034000009752831       0.43199795603847801     
   1.1063000009737953       0.39678505422853355     
   1.1092000009723075       0.36098748712966516     
   1.1121000009708195       0.32472295812569041     
   1.1150000009693315       0.28811346358412332     
   1.1179000009678437       0.25128429609027103     
   1.1208000009663559       0.21436303097974285     
   1.1237000009648679       0.17747850613994831     
   1.1266000009633799       0.14075980487901743     
   1.1295000009618921       0.10433525139686388     
   1.1324000009604043        6.8331428042997189E-002
   1.1353000009589163        3.2872223115047838E-002
   1.1382000009574282       -1.9220825528986664E-003
   1.1411000009559404       -3.5935682535047080E-002
   1.1440000009544526       -6.9058058246637702E-002
   1.1469000009529646      -0.10118473250365784     
   1.1498000009514766      -0.13221795757689903     
   1.1527000009499888      -0.16206733287197705     
   1.1556000009485010      -0.19065034815896870     
   1.1585000009470130      -0.21789284908657100     
   1.1614000009455250      -0.24372942253775171     
   1.1643000009440372      -0.26810370020873914     
   1.1672000009425494      -0.29096857961230332     
   1.1701000009410614      -0.31228636251230846     
   1.1730000009395734      -0.33202881158128417     
   1.1759000009380856      -0.35017712682970703     
   1.1788000009365978      -0.36672184407740788     
   1.1817000009351097      -0.38166265841840030     
   1.1846000009336217      -0.39500817626408691     
   1.1875000009321339      -0.40677560013177499     
   1.1904000009306461      -0.41699035087062442     
   1.1933000009291581      -0.42568563248224517     
   1.1962000009276701      -0.43290194509461899     
   1.1991000009261823      -0.43868655198383716     
   1.2020000009246945      -0.44309290680620261     
   1.2049000009232065      -0.44618004740309081     
   1.2078000009217185      -0.44801196267190541     
   1.2107000009202307      -0.44865693905944448     
   1.2136000009187429      -0.44818689322986732     
   1.2165000009172549      -0.44667669739039306     
   1.2194000009157668      -0.44420350362621597     
   1.2223000009142790      -0.44084607340499538     
   1.2252000009127912      -0.43668411816464403     
   1.2281000009113032      -0.43179765659965269     
   1.2310000009098152      -0.42626639391607823     
   1.2339000009083274      -0.42016912793804406     
   1.2368000009068396      -0.41358318652487813     
   1.2397000009053516      -0.40658390030310132     
   1.2426000009038636      -0.39924411423744172     
   1.2455000009023758      -0.39163374106531001     
   1.2484000009008880      -0.38381935910613840     
   1.2513000008994000      -0.37586385643595832     
   1.2542000008979119      -0.36782612289490169     
   1.2571000008964242      -0.35976079087598722     
   1.2600000008949364      -0.35171802533351149     
   1.2629000008934483      -0.34374336295327823     
   1.2658000008919603      -0.33587759994985000     
   1.2687000008904725      -0.32815672750218500     
   1.2716000008889847      -0.32061191341259954     
   1.2745000008874967      -0.31326952817838477     
   1.2774000008860087      -0.30615121330372186     
   1.2803000008845209      -0.29927398935447108     
   1.2832000008830331      -0.29265040097179418     
   1.2861000008815451      -0.28628869581430821     
   1.2890000008800571      -0.28019303419324565     
   1.2919000008785693      -0.27436372600183956     
   1.2948000008770815      -0.26879749141854725     
   1.2977000008755935      -0.26348774178372708     
   1.3006000008741054      -0.25842487700977224     
   1.3035000008726176      -0.25359659588449485     
   1.3064000008711298      -0.24898821566483162     
   1.3093000008696418      -0.24458299743085071     
   1.3122000008681538      -0.24036247377606607     
   1.3151000008666660      -0.23630677554680335     
   1.3180000008651782      -0.23239495450763989     
   1.3209000008636902      -0.22860529899913279     
   1.3238000008622022      -0.22491563986453250     
   1.3267000008607144      -0.22130364415105075     
   1.3296000008592266      -0.21774709433491299     
   1.3325000008577386      -0.21422415107470411     
   1.3354000008562505      -0.21071359776094453     
   1.3383000008547628      -0.20719506539831919     
   1.3412000008532750      -0.20364923662724671     
   1.3441000008517869      -0.20005802796054015     
   1.3470000008502989      -0.19640474957599646     
   1.3499000008488111      -0.19267424226405816     
   1.3528000008473233      -0.18885299137893172     
   1.3557000008458353      -0.18492921787933220     
   1.3586000008443473      -0.18089294676955436     
   1.3615000008428595      -0.17673605346094690     
   1.3644000008413717      -0.17245228876681312     
   1.3673000008398837      -0.16803728341889673     
   1.3702000008383957      -0.16348853315019782     
   1.3731000008369079      -0.15880536552606381     
   1.3760000008354201      -0.15398888982302117     
   1.3789000008339320      -0.14904193135243951     
   1.3818000008324440      -0.14396895170391605     
   1.3847000008309562      -0.13877595644152652     
   1.3876000008294684      -0.13347039182533482     
   1.3905000008279804      -0.12806103215136744     
   1.3934000008264924      -0.12255785930663321     
   1.3963000008250046      -0.11697193612250328     
   1.3992000008235168      -0.11131527508117815     
   1.4021000008220288      -0.10560070388710763     
   1.4050000008205408       -9.9841729359495951E-002
   1.4079000008190530       -9.4052401034807040E-002
   1.4108000008175652       -8.8247175790772139E-002
   1.4137000008160772       -8.2440784717424123E-002
   1.4166000008145891       -7.6648103367393208E-002
   1.4195000008131013       -7.0884026418690224E-002
   1.4224000008116136       -6.5163347679772082E-002
   1.4253000008101255       -5.9500646260278879E-002
   1.4282000008086375       -5.3910179622695842E-002
   1.4311000008071497       -4.8405784121644507E-002
   1.4340000008056619       -4.3000783529641595E-002
   1.4369000008041739       -3.7707905942134565E-002
   1.4398000008026859       -3.2539209351365075E-002
   1.4427000008011981       -2.7506016079068558E-002
   1.4456000007997103       -2.2618856162948110E-002
   1.4485000007982223       -1.7887419701983029E-002
   1.4514000007967343       -1.3320518081516495E-002
   1.4543000007952465       -8.9260539212094210E-003
   1.4572000007937587       -4.7109995177295845E-003
   1.4601000007922706       -6.8138348973805461E-004
   1.4630000007907826        3.1577147244434044E-003
   1.4659000007892948        6.8021629160863878E-003
   1.4688000007878070        1.0248767144588717E-002
   1.4717000007863190        1.3495256243234520E-002
   1.4746000007848310        1.6540260298721087E-002
   1.4775000007833432        1.9383283632739869E-002
   1.4804000007818554        2.2024672829121485E-002
   1.4833000007803674        2.4465580359009087E-002
   1.4862000007788794        2.6707924359625608E-002
   1.4891000007773916        2.8754345119771867E-002
   1.4920000007759038        3.0608158817749080E-002
   1.4949000007744158        3.2273309045271946E-002
   1.4978000007729277        3.3754316634711519E-002
   1.5007000007714399        3.5056228287032358E-002
   1.5036000007699519        3.6184564474641197E-002
   1.5065000007684639        3.7145267067432181E-002
   1.5094000007669759        3.7944647102122676E-002
   1.5123000007654879        3.8589333084929303E-002
   1.5152000007639999        3.9086220186211426E-002
   1.5181000007625118        3.9442420653284814E-002
   1.5210000007610238        3.9665215734603437E-002
   1.5239000007595358        3.9762009375291923E-002
   1.5268000007580478        3.9740283910891551E-002
   1.5297000007565598        3.9607557953528667E-002
   1.5326000007550717        3.9371346632742339E-002
   1.5355000007535837        3.9039124322234858E-002
   1.5384000007520957        3.8618289954003973E-002
   1.5413000007506077        3.8116134992911214E-002
   1.5442000007491197        3.7539814117861565E-002
   1.5471000007476317        3.6896318630589300E-002
   1.5500000007461436        3.6192452589623711E-002
   1.5529000007446556        3.5434811645461292E-002
   1.5558000007431676        3.4629764533329152E-002
   1.5587000007416796        3.3783437162220667E-002
   1.5616000007401916        3.2901699223130090E-002
   1.5645000007387035        3.1990153225580936E-002
   1.5674000007372155        3.1054125859633977E-002
   1.5703000007357275        3.0098661570463984E-002
   1.5732000007342395        2.9128518224337180E-002
   1.5761000007327515        2.8148164738227750E-002
   1.5790000007312635        2.7161780540385570E-002
   1.5819000007297754        2.6173256725757307E-002
   1.5848000007282874        2.5186198768184575E-002
   1.5877000007267994        2.4203930650665978E-002
   1.5906000007253114        2.3229500275536469E-002
   1.5935000007238234        2.2265686018095681E-002
   1.5964000007223353        2.1315004289893288E-002
   1.5993000007208473        2.0379717981425755E-002
   1.6022000007193593        1.9461845658327957E-002
   1.6051000007178713        1.8563171390125449E-002
   1.6080000007163833        1.7685255096161111E-002
   1.6109000007148953        1.6829443299312651E-002
   1.6138000007134072        1.5996880184481449E-002
   1.6167000007119192        1.5188518865478944E-002
   1.6196000007104312        1.4405132770760363E-002
   1.6225000007089432        1.3647327065398448E-002
   1.6254000007074552        1.2915550033673503E-002
   1.6283000007059671        1.2210104353604558E-002
   1.6312000007044791        1.1531158201624030E-002
   1.6341000007029911        1.0878756132328797E-002
   1.6370000007015031        1.0252829684793137E-002
   1.6399000007000151        9.6532076732609752E-003
   1.6428000006985271        9.0796261261068874E-003
   1.6457000006970390        8.5317378427461656E-003
   1.6486000006955510        8.0091215436580588E-003
   1.6515000006940630        7.5112905938442120E-003
   1.6544000006925750        7.0377012848672326E-003
   1.6573000006910870        6.5877606650915667E-003
   1.6602000006895989        6.1608339118728178E-003
   1.6631000006881109        5.7562512432215301E-003
   1.6660000006866229        5.3733143698936996E-003
   1.6689000006851349        5.0113024919465976E-003
   1.6718000006836469        4.6694778465511053E-003
   1.6747000006821589        4.3470908162802037E-003
   1.6776000006806708        4.0433846092098611E-003
   1.6805000006791828        3.7575995239873469E-003
   1.6834000006776948        3.4889768145596506E-003
   1.6863000006762068        3.2367621705249243E-003
   1.6892000006747188        3.0002088300898236E-003
   1.6921000006732307        2.7785803434052896E-003
   1.6950000006717427        2.5711530046270831E-003
   1.6979000006702547        2.3772179714237644E-003
   1.7008000006687667        2.1960830908531186E-003
   1.7037000006672787        2.0270744505634115E-003
   1.7066000006657907        1.8695376741654866E-003
   1.7095000006643026        1.7228389793835786E-003
   1.7124000006628146        1.5863660172403759E-003
   1.7153000006613266        1.4595285100820073E-003
   1.7182000006598386        1.3417587057140985E-003
   1.7211000006583506        1.2325116643158638E-003
   1.7240000006568625        1.1312653941365561E-003
   1.7269000006553745        1.0375208512694253E-003
   1.7298000006538865        9.5080181805470214E-004
   1.7327000006523985        8.7065467389261597E-004
   1.7356000006509105        7.9664807146170521E-004
   1.7385000006494225        7.2837253054243022E-004
   1.7414000006479344        6.6543996085053855E-004
   1.7443000006464464        6.0748312449415308E-004
   1.7472000006449584        5.5415504788896793E-004
   1.7501000006434704        5.0512839220288614E-004
   1.7530000006419824        4.6009479065816348E-004
   1.7559000006404943        4.1876416029996673E-004
   1.7588000006390063        3.8086399514786857E-004
   1.7617000006375183        3.4613864698367980E-004
   1.7646000006360303        3.1434859939664922E-004
   1.7675000006345423        2.8526974010759164E-004
   1.7704000006330542        2.5869263602695542E-004
   1.7733000006315662        2.3442181496947150E-004
   1.7762000006300782        2.1227505744957745E-004
   1.7791000006285902        1.9208270151737538E-004
   1.7820000006271022        1.7368696316408873E-004
   1.7849000006256142        1.5694127442789299E-004
   1.7878000006241261        1.4170964096523112E-004
   1.7907000006226381        1.2786602051791820E-004
   1.7936000006211501        1.1529372340140660E-004
   1.7965000006196621        1.0388483586348186E-004
   1.7994000006181741        9.3539666913743889E-005
   1.8023000006166860        8.4166219001295025E-005
   1.8052000006151980        7.5679682719575743E-005
   1.8081000006137100        6.8001955541777730E-005
   1.8110000006122220        6.1061184436300546E-005
   1.8139000006107340        5.4791332077691908E-005
   1.8168000006092460        4.9131766253131246E-005
   1.8197000006077579        4.4026871966214885E-005
   1.8226000006062699        3.9425685657217068E-005
   1.8255000006047819        3.5281550890859002E-005
   1.8284000006032939        3.1551794807502965E-005
   1.8313000006018059        2.8197424590465517E-005
   1.8342000006003178        2.5182843169570616E-005
   1.8371000005988298        2.2475583358061727E-005
   1.8400000005973418        2.0046059605488399E-005
   1.8429000005958538        1.7867336542203160E-005
   1.8458000005943658        1.5914913490741438E-005
   1.8487000005928778        1.4166524124736098E-005
   1.8516000005913897        1.2601950466362492E-005
   1.8545000005899017        1.1202850427905907E-005
   1.8574000005884137        9.9525981211986035E-006
   1.8603000005869257        8.8361361798089046E-006
   1.8632000005854377        7.8398393624156121E-006
   1.8661000005839496        6.9513887312728708E-006
   1.8690000005824616        6.1596557266249547E-006
   1.8719000005809736        5.4545954859561069E-006
   1.8748000005794856        4.8271487857178716E-006
   1.8777000005779976        4.2691520123459305E-006
   1.8806000005765096        3.7732545986859711E-006
   1.8835000005750215        3.3328433911636379E-006
   1.8864000005735335        2.9419734419470939E-006
   1.8893000005720455        2.5953047487904611E-006
   1.8922000005705575        2.2880444930663103E-006
   1.8951000005690695        2.0158943535752419E-006
   1.8980000005675814        1.7750024999600333E-006
   1.9009000005660934        1.5619198948740429E-006
   1.9038000005646054        1.3735605583984631E-006
   1.9067000005631174        1.2071654715270358E-006
   1.9096000005616294        1.0602698178087902E-006
   1.9125000005601414        9.3067328344492545E-007
   1.9154000005586533        8.1641315626640722E-007
   1.9183000005571653        7.1573998307916504E-007
   1.9212000005556773        6.2709556286382981E-007
   1.9241000005541893        5.4909307027640053E-007
   1.9270000005527013        4.8049911983722619E-007
   1.9299000005512132        4.2021759614746166E-007
   1.9328000005497252        3.6727508946693879E-007
   1.9357000005482372        3.2080778905988518E-007
   1.9386000005467492        2.8004969890213936E-007
   1.9415000005452612        2.4432205168542084E-007
   1.9444000005437732        2.1302380758912079E-007
   1.9473000005422851        1.8562313405990106E-007
   1.9502000005407971        1.6164977188338997E-007
   1.9531000005393091        1.4068820119166559E-007
   1.9560000005378211        1.2237152876404157E-007
   1.9589000005363331        1.0637602508635621E-007
   1.9618000005348450        9.2416246173006113E-008
   1.9647000005333570        8.0240681163446711E-008
   1.9676000005318690        6.9627872215947972E-008
   1.9705000005303810        6.0382958270232334E-008
   1.9734000005288930        5.2334598869719013E-008
   1.9763000005274050        4.5332238454363615E-008
   1.9792000005259169        3.9243675386093581E-008
   1.9821000005244289        3.3952903478366521E-008
   1.9850000005229409        2.9358196995713345E-008
   1.9879000005214529        2.5370412993103230E-008
   1.9908000005199649        2.1911487501731380E-008
   1.9937000005184768        1.8913104459222442E-008
   1.9966000005169888        1.6315518448525261E-008
   1.9995000005155008        1.4066514269944502E-008
   2.0024000005140126        1.2120488142429669E-008
   2.0053000005125248        1.0437636929748911E-008
   2.0082000005110370        8.9832432297235043E-009
   2.0111000005095487        7.7270454642508255E-009
   2.0140000005080605        6.6426832773684388E-009
   2.0169000005065727        5.7072096000021358E-009
   2.0198000005050849        4.9006616842656930E-009
   2.0227000005035967        4.2056842573001899E-009
   2.0256000005021084        3.6071987038713750E-009
   2.0285000005006206        3.0921128667431279E-009
   2.0314000004991328        2.6490666619080842E-009
   2.0343000004976446        2.2682092491438525E-009
   2.0372000004961563        1.9410039834747593E-009
   2.0401000004946686        1.6600578058011453E-009
   2.0430000004931808        1.4189721165127081E-009
   2.0459000004916925        1.2122125191425160E-009
   2.0488000004902043        1.0349951264079168E-009
   2.0517000004887165        8.8318739227192608E-010
   2.0546000004872287        7.5322167451273461E-010
   2.0575000004857404        6.4201994593288032E-010
   2.0604000004842522        5.4692826167962652E-010
   2.0633000004827644        4.6565975780066136E-010
   2.0662000004812766        3.9624510448000848E-010
   2.0691000004797884        3.3698946850326167E-010
   2.0720000004783001        2.8643515528806371E-010
   2.0749000004768123        2.4332920298789609E-010
   2.0778000004753245        2.0659529125944046E-010
   2.0807000004738363        1.7530940664013178E-010
   2.0836000004723481        1.4867877633196212E-010
   2.0865000004708603        1.2602364361838090E-010
   2.0894000004693725        1.0676151212362770E-010
   2.0923000004678842        9.0393533522612118E-011
   2.0952000004663960        7.6492754893590290E-011
   2.0981000004649082        6.4693978359713895E-011
   2.1010000004634204        5.4685017596324779E-011
   2.1039000004619322        4.6199163727597057E-011
   2.1068000004604439        3.9008697576860146E-011
   2.1097000004589561        3.2919306592565218E-011
   2.1126000004574683        2.7765283420870577E-011
   2.1155000004559801        2.3405399367184957E-011
   2.1184000004544918        1.9719360174840183E-011
   2.1213000004530040        1.6604763907317734E-011
   2.1242000004515162        1.3974491478323773E-011
   2.1271000004500280        1.1754469731698740E-011
   2.1300000004485398        9.8817551067793179E-012
   2.1329000004470520        8.3028929891961044E-012
   2.1358000004455642        6.9725139782524936E-012
   2.1387000004440759        5.8521336192602278E-012
   2.1416000004425877        4.9091267572164899E-012
   2.1445000004410999        4.1158516586297465E-012
   2.1474000004396121        3.4489025014070744E-012
   2.1503000004381239        2.8884718186789834E-012
   2.1532000004366356        2.4178070625921051E-012
   2.1561000004351478        2.0227476819896078E-012
   2.1590000004336600        1.6913310302486698E-012
   2.1619000004321718        1.4134570770643288E-012
   2.1648000004306835        1.1806033261396478E-012
   2.1677000004291958        9.8558257041975393E-013
   2.1706000004277080        8.2233717454151373E-013
   2.1735000004262197        6.8576448387738418E-013
   2.1764000004247315        5.7156874118320983E-013
   2.1793000004232437        4.7613556297824054E-013
   2.1822000004217559        3.9642560361843701E-013
   2.1851000004202676        3.2988452875986086E-013
   2.1880000004187794        2.7436684296029906E-013
   2.1909000004172916        2.2807147840708929E-013
   2.1938000004158038        1.8948736171611187E-013
   2.1967000004143156        1.5734744078815695E-013
   2.1996000004128273        1.3058988018893229E-013
   2.2025000004113395        1.0832532691830697E-013
   2.2054000004098517        8.9809313473787463E-014
   2.2083000004083635        7.4419005856942311E-014
   2.2112000004068753        6.1633624116470468E-014
   2.2141000004053875        5.1017965173084155E-014
   2.2170000004038997        4.2208544611602283E-014
   2.2199000004024114        3.4901948070758227E-014
   2.2228000004009232        2.8845045712213337E-014
   2.2257000003994354        2.3826776636610673E-014
   2.2286000003979476        1.9671255431800653E-014
   2.2315000003964593        1.6231991481108743E-014
   2.2344000003949711        1.3387044249416851E-014
   2.2373000003934833        1.1034965375028063E-014
   2.2402000003919955        9.0914017715954371E-015
   2.2431000003905073        7.4862537233110344E-015
   2.2460000003890190        6.1612986809281055E-015
   2.2489000003875312        5.0682055987055940E-015
   2.2518000003860434        4.1668765870653666E-015
   2.2547000003845552        3.4240627280163183E-015
   2.2576000003830670        2.8122093954694410E-015
   2.2605000003815792        2.3084935828769760E-015
   2.2634000003800914        1.8940217720853160E-015
   2.2663000003786031        1.5531619546684057E-015
   2.2692000003771149        1.2729876885384200E-015
   2.2721000003756271        1.0428156639641939E-015
   2.2750000003741393        8.5382127069329870E-016
   2.2779000003726511        6.9871919175625345E-016
   2.2808000003711628        5.7149817594232832E-016
   2.2837000003696750        4.6720092429058647E-016
   2.2866000003681872        3.8174152066110448E-016
   2.2895000003666990        3.1175408848017963E-016
   2.2924000003652107        2.5446740385039463E-016
   2.2953000003637229        2.0760107205893297E-016
   2.2982000003622352        1.6927960763924222E-016
   2.3011000003607469        1.3796137072419744E-016
   2.3040000003592587        1.1237982397965560E-016
   2.3069000003577709        9.1495001329853981E-017
   2.3098000003562831        7.4453435763924524E-017
   2.3127000003547948        6.0555090322764647E-017
   2.3156000003533066        4.9226083622911467E-017
   2.3185000003518188        3.9996207127559922E-017
   2.3214000003503310        3.2480402654665777E-017
   2.3243000003488428        2.6363511039325923E-017
   2.3272000003473545        2.1387721231751994E-017
   2.3301000003458667        1.7342247419797499E-017
   2.3330000003443789        1.4054843366036864E-017
   2.3359000003428907        1.1384830842615798E-017
   2.3388000003414025        9.2173751696054689E-018
   2.3417000003399147        7.4587873645469002E-018
   2.3446000003384269        6.0326709186511379E-018
   2.3475000003369386        4.8767630841940980E-018
   2.3504000003354504        3.9403469169528800E-018
   2.3533000003339626        3.1821321068547464E-018
   2.3562000003324748        2.5685206310620344E-018
   2.3591000003309865        2.0721881264273743E-018
   2.3620000003294983        1.6709241425865608E-018
   2.3649000003280105        1.3466845512677746E-018
   2.3678000003265227        1.0848177237434007E-018
   2.3707000003250345        8.7343295527750273E-019
   2.3736000003235462        7.0288526865938893E-019
   2.3765000003220584        5.6535538027429658E-019
   2.3794000003205706        4.5450743699032979E-019
   2.3823000003190824        3.6521027548969831E-019
   2.3852000003175942        2.9331053747691046E-019
   2.3881000003161064        2.3544809355229870E-019
   2.3910000003146186        1.8890596728089153E-019
   2.3939000003131303        1.5148837665029241E-019
   2.3968000003116421        1.2142167840079146E-019
   2.3997000003101543        9.7273957542806822E-020
   2.4026000003086665        7.7889787577256458E-020
   2.4055000003071783        6.2337327646414135E-020
   2.4084000003056900        4.9865446691394178E-020
   2.4113000003042022        3.9868992749606351E-020
   2.4142000003027144        3.1860675109948651E-020
   2.4171000003012262        2.5448312379104781E-020
   2.4200000002997379        2.0316432275746324E-020
   2.4229000002982501        1.6211398739785832E-020
   2.4258000002967623        1.2929396575028480E-020
   2.4287000002952741        1.0306729771420088E-020
   2.4316000002937859        8.2119921479722619E-021
   2.4345000002922981        6.5397523331151558E-021
   2.4374000002908103        5.2054628841143942E-021
   2.4403000002893220        4.1413584259084176E-021
   2.4432000002878338        3.2931524190115496E-021
   2.4461000002863460        2.6173784704425873E-021
   2.4490000002848582        2.0792515514427748E-021
   2.4519000002833700        1.6509483619485835E-021
   2.4548000002818817        1.3102254284833724E-021
   2.4577000002803939        1.0393091899194585E-021
   2.4606000002789061        8.2400500698531341E-022
   2.4635000002774179        6.5298228999553625E-022
   2.4664000002759296        5.1720123336643993E-022
   2.4693000002744419        4.0945334755818198E-022
   2.4722000002729541        3.2399339174748724E-022
   2.4751000002714658        2.5624467945379236E-022
   2.4780000002699776        2.0256325384672151E-022
   2.4809000002684898        1.6004927120196837E-022
   2.4838000002670020        1.2639622095613190E-022
   2.4867000002655137        9.9770455158723677E-023
   2.4896000002640255        7.8714984741993921E-023
   2.4925000002625377        6.2072694435788601E-023
   2.4954000002610499        4.8925088553354023E-023
   2.4983000002595617        3.8543451691630394E-023
   2.5012000002580739        3.0349928317938608E-023
   2.5041000002565861        2.3886522874829412E-023
   2.5070000002550983        1.8790421324528660E-023
   2.5099000002536105        1.4774355244878425E-023
   2.5128000002521227        1.1610986210471956E-023
   2.5157000002506349        9.1204937553166743E-024
   2.5186000002491471        7.1607147869885236E-024
   2.5215000002476593        5.6193140090451061E-024
   2.5244000002461715        4.4075702234784657E-024
   2.5273000002446837        3.4554475641923924E-024
   2.5302000002431959        2.7076879615041395E-024
   2.5331000002417081        2.1207148326845918E-024
   2.5360000002402203        1.6601808433928952E-024
   2.5389000002387325        1.2990267617022288E-024
   2.5418000002372447        1.0159456711278647E-024
   2.5447000002357569        7.9416851611115970E-025
   2.5476000002342691        6.2050423912227839E-025
   2.5505000002327813        4.8458152612988367E-025
   2.5534000002312935        3.7825012093150956E-025
   2.5563000002298057        2.9510836962873423E-025
   2.5592000002283180        2.3013057039142007E-025
   2.5621000002268302        1.7937319466245818E-025
   2.5650000002253424        1.3974340461524965E-025
   2.5679000002238546        1.0881674966879751E-025
   2.5708000002223668        8.4693666851549791E-026
   2.5737000002208790        6.5886582890900213E-026
   2.5766000002193912        5.1231137215210879E-026
   2.5795000002179034        3.9816407792814803E-026
   2.5824000002164156        3.0930100024566843E-026
   2.5853000002149278        2.4015511676666640E-026
   2.5882000002134400        1.8637760901372938E-026
   2.5911000002119522        1.4457296915756793E-026
   2.5940000002104644        1.1209133392175938E-026
   2.5969000002089766        8.6865764566542911E-027
   2.5998000002074888        6.7284809419861985E-027
   2.6027000002060010        5.2092748978137970E-027
   2.6056000002045132        4.0311549586408112E-027
   2.6085000002030254        3.1179832242135405E-027
   2.6114000002015376        2.4105171016745040E-027
   2.6143000002000498        1.8626828564879501E-027
   2.6172000001985620        1.4386659717634323E-027
   2.6201000001970742        1.1106404187085284E-027
   2.6230000001955864        8.5699743258018876E-028
   2.6259000001940986        6.6096460775929076E-028
   2.6288000001926108        5.0952983797055487E-028
   2.6317000001911230        3.9260322463670031E-028
   2.6346000001896352        3.0236465387258636E-028
   2.6375000001881475        2.3275616352508384E-028
   2.6404000001866597        1.7908716484990697E-028
   2.6433000001851719        1.3772758280252542E-028
   2.6462000001836841        1.0586945416020175E-028
   2.6491000001821963        8.1341803468069489E-029
   2.6520000001807085        6.2466961969215406E-029
   2.6549000001792207        4.7949107378837303E-029
   2.6578000001777329        3.6787841928408135E-029
   2.6607000001762451        2.8211217444585587E-029
   2.6636000001747573        2.1623857206558756E-029
   2.6665000001732695        1.6566791585660212E-029
   2.6694000001717817        1.2686377998973192E-029
   2.6723000001702939        9.7102624313756566E-030
   2.6752000001688061        7.4287963889827876E-030
   2.6781000001673183        5.6806783142022997E-030
   2.6810000001658305        4.3418646138783203E-030
   2.6839000001643427        3.3170100100553913E-030
   2.6868000001628549        2.5328635586629941E-030
   2.6897000001613671        1.9331760324943092E-030
   2.6926000001598793        1.4747747225249640E-030
   2.6955000001583915        1.1245395349685696E-030
   2.6984000001569037        8.5707457965274747E-031
   2.7013000001554159        6.5291617207970313E-031
   2.7042000001539281        4.9715435104813991E-031
   2.7071000001524403        3.7837301249665952E-031
   2.7100000001509525        2.8783541707628060E-031
   2.7129000001494648        2.1885857187865188E-031
   2.7158000001479770        1.6633292415050786E-031
   2.7187000001464892        1.2635379661422572E-031
   2.7216000001450014        9.5938706950038293E-032
   2.7245000001435136        7.2810664813837590E-032
   2.7274000001420258        5.5232128724778645E-032
   2.7303000001405380        4.1877842137851035E-032
   2.7332000001390502        3.1737492800933934E-032
   2.7361000001375624        2.4041237530530534E-032
   2.7390000001360746        1.8202749175760140E-032
   2.7419000001345868        1.3775684529136150E-032
   2.7448000001330990        1.0420426808951850E-032
   2.7477000001316112        7.8786900898507488E-033
   2.7506000001301234        5.9541366148745811E-033
   2.7535000001286356        4.4975905438468395E-033
   2.7564000001271478        3.3957636339266898E-033
   2.7593000001256600        2.5626629115575670E-033
   2.7622000001241722        1.9330455202935767E-033
   2.7651000001226844        1.4574354195135863E-033
   2.7680000001211966        1.0983310803445874E-033
   2.7709000001197088        8.2732093690208955E-034
   2.7738000001182210        6.2289037205203299E-034
   2.7767000001167332        4.6875526097603886E-034
   2.7796000001152454        3.5259625731438305E-034
   2.7825000001137576        2.6509791954335450E-034
   2.7854000001122698        1.9921961234180003E-034
   2.7883000001107821        1.4964254408935196E-034
   2.7912000001092943        1.1235059264058420E-034
   2.7941000001078065        8.4312703448078790E-035
   2.7970000001063187        6.3242363990364920E-035
   2.7999000001048309        4.7415537598324429E-035
   2.8028000001033431        3.5532914855728296E-035
   2.8057000001018553        2.6615745403417620E-035
   2.8086000001003675        1.9927101962410908E-035
   2.8115000000988797        1.4912396146946365E-035
   2.8144000000973919        1.1154460488946020E-035
   2.8173000000959041        8.3396461307030267E-036
   2.8202000000944163        6.2322470454617831E-036
   2.8231000000929285        4.6552150597338415E-036
   2.8260000000914407        3.4756253516524257E-036
   2.8289000000899529        2.5937275130548215E-036
   2.8318000000884651        1.9347016102208675E-036
   2.8347000000869773        1.4424539434975459E-036
   2.8376000000854895        1.0749500925638063E-036
   2.8405000000840017        8.0070602604979056E-037
   2.8434000000825139        5.9615117913465254E-037
   2.8463000000810261        4.4364776434845775E-037
   2.8492000000795383        3.3000371720393864E-037
   2.8521000000780505        2.4535678666195739E-037
   2.8550000000765627        1.8233754015381245E-037
   2.8579000000750749        1.3544187108892412E-037
   2.8608000000735871        1.0056079506141303E-037
   2.8637000000720993        7.4628277115342521E-038
   2.8666000000706116        5.5357588024209987E-038
   2.8695000000691238        4.1044029620180318E-038
   2.8724000000676360        3.0417392167960966E-038
   2.8753000000661482        2.2531659302636221E-038
   2.8782000000646604        1.6682596665953955E-038
   2.8811000000631726        1.2346204367170600E-038
   2.8840000000616848        9.1327731803581337E-039
   2.8869000000601970        6.7526049301812315E-039
   2.8898000000587092        4.9904479658291134E-039
   2.8927000000572214        3.6864411283810612E-039
   2.8956000000557336        2.7219159773960662E-039
   2.8985000000542458        2.0088237212732599E-039
   2.9014000000527580        1.4818652100081103E-039
   2.9043000000512702        1.0926357255927514E-039
   2.9072000000497824        8.0527083466562663E-040
   2.9101000000482946        5.9321002536764188E-040
   2.9130000000468068        4.3679231738169432E-040
   2.9159000000453190        3.2147081812772311E-040
   2.9188000000438312        2.3648752354326556E-040
   2.9217000000423434        1.7389019034911585E-040
   2.9246000000408556        1.2780332753681256E-040
   2.9275000000393678        9.3887878648842736E-041
   2.9304000000378800        6.8940945489938775E-041
   2.9333000000363922        5.0599397377907285E-041
   2.9362000000349044        3.7120508014036430E-041
   2.9391000000334166        2.7219678504257641E-041
   2.9420000000319289        1.9950447493421641E-041
   2.9449000000304411        1.4615810962894214E-041
   2.9478000000289533        1.0702712876059958E-041
   2.9507000000274655        7.8336753460717132E-042
   2.9536000000259777        5.7311009108635353E-042
   2.9565000000244899        4.1909394764177548E-042
   2.9594000000230021        3.0632724462654400E-042
   2.9623000000215143        2.2380037837325440E-042
   2.9652000000200265        1.6343197127960383E-042
   2.9681000000185387        1.1929281489513225E-042
   2.9710000000170509        8.7034747278719076E-043
   2.9739000000155631        6.3470545500090753E-043
   2.9768000000140753        4.6265047755283282E-043
   2.9797000000125875        3.3708162387680634E-043
   2.9826000000110997        2.4548133238541009E-043
   2.9855000000096119        1.7869123507559989E-043
   2.9884000000081241        1.3001380430837756E-043
   2.9913000000066363        9.4553404594668843E-044
   2.9942000000051485        6.8733176815047025E-044
   2.9971000000036607        4.9941002551984770E-044
