  0.10000000149011612       0.91511542060590900     
  0.10290000148862816       0.97668664446949682     
  0.10580000148714019        1.0347405420235432     
  0.10870000148565223        1.0891023681004681     
  0.11160000148416427        1.1396213482734114     
  0.11450000148267631        1.1861716594656131     
  0.11740000148118834        1.2286531725173797     
  0.12030000147970038        1.2669919494384119     
  0.12320000147821242        1.3011404912095337     
  0.12610000147672445        1.3310777351899439     
  0.12900000147523649        1.3568088043812798     
  0.13190000147374853        1.3783645139454712     
  0.13480000147226057        1.3958006434168695     
  0.13770000147077260        1.4091969859401037     
  0.14060000146928464        1.4186561885552829     
  0.14350000146779668        1.4243023999971534     
  0.14640000146630872        1.4262797446349265     
  0.14930000146482075        1.4247506430199477     
  0.15220000146333279        1.4198940010012082     
  0.15510000146184483        1.4119032904921003     
  0.15800000146035686        1.4009845457115160     
  0.16090000145886890        1.3873542990716905     
  0.16380000145738094        1.3712374808450081     
  0.16670000145589298        1.3528653063209857     
  0.16960000145440501        1.3324731733793751     
  0.17250000145291705        1.3102985922789441     
  0.17540000145142909        1.2865791680247329     
  0.17830000144994113        1.2615506539655119     
  0.18120000144845316        1.2354450933297034     
  0.18410000144696520        1.2084890632782213     
  0.18700000144547724        1.1809020337859431     
  0.18990000144398927        1.1528948513116910     
  0.19280000144250131        1.1246683548322989     
  0.19570000144101335        1.0964121294524392     
  0.19860000143952539        1.0683034005094387     
  0.20150000143803742        1.0405060689203669     
  0.20440000143654946        1.0131698865120529     
  0.20730000143506150       0.98642976827400441     
  0.21020000143357354       0.96040523691376389     
  0.21310000143208557       0.93519999380244534     
  0.21600000143059761       0.91090160939565512     
  0.21890000142910965       0.88758132551495839     
  0.22180000142762168       0.86529396148243098     
  0.22470000142613372       0.84407791601249937     
  0.22760000142464576       0.82395525696979399     
  0.23050000142315780       0.80493189157982736     
  0.23340000142166983       0.78699781040426597     
  0.23630000142018187       0.77012739933075569     
  0.23920000141869391       0.75427981493918206     
  0.24210000141720595       0.73939941984730950     
  0.24500000141571798       0.72541627596048053     
  0.24790000141423002       0.71224669490127268     
  0.25080000141274206       0.69979384622325891     
  0.25370000141125409       0.68794842526571043     
  0.25660000140976613       0.67658938363212340     
  0.25950000140827817       0.66558472622639375     
  0.26240000140679021       0.65479237951204317     
  0.26530000140530224       0.64406113613307425     
  0.26820000140381428       0.63323168121720308     
  0.27110000140232632       0.62213770554832049     
  0.27400000140083836       0.61060711032810400     
  0.27690000139935039       0.59846330743880127     
  0.27980000139786243       0.58552661797160566     
  0.28270000139637447       0.57161577030854882     
  0.28560000139488650       0.55654949726075642     
  0.28850000139339854       0.54014822970169329     
  0.29140000139191058       0.52223588182890157     
  0.29430000139042262       0.50264172068787816     
  0.29720000138893465       0.48120230995036328     
  0.30010000138744669       0.45776351521571673     
  0.30300000138595873       0.43218255536195871     
  0.30590000138447077       0.40433008177968144     
  0.30880000138298280       0.37409226474614354     
  0.31170000138149484       0.34137286380740667     
  0.31460000138000688       0.30609525690083383     
  0.31750000137851891       0.26820440113292904     
  0.32040000137703095       0.22766869668804895     
  0.32330000137554299       0.18448172433533769     
  0.32620000137405503       0.13866382647024583     
  0.32910000137256706        9.0263501610307981E-002
  0.33200000137107910        3.9358582789660333E-002
  0.33490000136959114       -1.3942828620174430E-002
  0.33780000136810318       -6.9501700489178184E-002
  0.34070000136661521      -0.12714770352943155     
  0.34360000136512725      -0.18667916279615149     
  0.34650000136363929      -0.24786334571457094     
  0.34940000136215132      -0.31043710153523546     
  0.35230000136066336      -0.37410786297886917     
  0.35520000135917540      -0.43855501633225896     
  0.35810000135768744      -0.50343164146741204     
  0.36100000135619947      -0.56836661825321755     
  0.36390000135471151      -0.63296709069318635     
  0.36680000135322355      -0.69682127493979107     
  0.36970000135173559      -0.75950159219257285     
  0.37260000135024762      -0.82056810247147971     
  0.37550000134875966      -0.87957221045495138     
  0.37840000134727170      -0.93606061006756602     
  0.38130000134578373      -0.98957943037290153     
  0.38420000134429577       -1.0396785416459082     
  0.38710000134280781       -1.0859159773299476     
  0.39000000134131985       -1.1278624249819791     
  0.39290000133983188       -1.1651057373208131     
  0.39580000133834392       -1.1972554131521127     
  0.39870000133685596       -1.2239469972733010     
  0.40160000133536800       -1.2448463484729251     
  0.40450000133388003       -1.2596537254320010     
  0.40740000133239207       -1.2681076416974151     
  0.41030000133090411       -1.2699884429064614     
  0.41320000132941614       -1.2651215620633367     
  0.41610000132792818       -1.2533804118598590     
  0.41900000132644022       -1.2346888767419888     
  0.42190000132495226       -1.2090233715919632     
  0.42480000132346429       -1.1764144384582633     
  0.42770000132197633       -1.1369478576526573     
  0.43060000132048837       -1.0907652546731388     
  0.43350000131900041       -1.0380641897297802     
  0.43640000131751244      -0.97909772207377543     
  0.43930000131602448      -0.91417344678591050     
  0.44220000131453652      -0.84365200709998833     
  0.44510000131304855      -0.76794509065383354     
  0.44800000131156059      -0.68751292321503177     
  0.45090000131007268      -0.60286127836591830     
  0.45380000130858472      -0.51453802630465562     
  0.45670000130709676      -0.42312924928554674     
  0.45960000130560880      -0.32925495524844361     
  0.46250000130412083      -0.23356442484799875     
  0.46540000130263287      -0.13673123036942381     
  0.46830000130114491       -3.9447967896244204E-002
  0.47120000129965700        5.7579253428712347E-002
  0.47410000129816904       0.15363651913536319     
  0.47700000129668108       0.24800796656386320     
  0.47990000129519311       0.33998174253613528     
  0.48280000129370515       0.42885601178454685     
  0.48570000129221719       0.51394496582000182     
  0.48860000129072922       0.59458478173060059     
  0.49150000128924126       0.67013948054564543     
  0.49440000128775330       0.74000663526360788     
  0.49730000128626534       0.80362287941374022     
  0.50020000128477737       0.86046916808815477     
  0.50310000128328947       0.91007574473575037     
  0.50600000128180145       0.95202676864533231     
  0.50890000128031354       0.98596455995944410     
  0.51180000127882552        1.0115934212523094     
  0.51470000127733762        1.0286829971767704     
  0.51760000127584971        1.0370711364401388     
  0.52050000127436169        1.0366662234126081     
  0.52340000127287378        1.0274489500102550     
  0.52630000127138576        1.0094735021331158     
  0.52920000126989786       0.98286813888169444     
  0.53210000126840984       0.94783514702446292     
  0.53500000126692193       0.90465015774304414     
  0.53790000126543402       0.85366081753498724     
  0.54080000126394601       0.79528481029509035     
  0.54370000126245810       0.73000723300753556     
  0.54660000126097008       0.65837733313801217     
  0.54950000125948217       0.58100462168508660     
  0.55240000125799416       0.49855438189285661     
  0.55530000125650625       0.41174259979349698     
  0.55820000125501823       0.32133034898143631     
  0.56110000125353032       0.22811766825543381     
  0.56400000125204230       0.13293697692792938     
  0.56690000125055440        3.6646078613392315E-002
  0.56980000124906649       -5.9879189916136090E-002
  0.57270000124757847      -0.15575260276885664     
  0.57560000124609045      -0.25008541479113328     
  0.57850000124460255      -0.34199438564919388     
  0.58140000124311464      -0.43060988261853728     
  0.58430000124162662      -0.51508398333833250     
  0.58720000124013860      -0.59459849733964687     
  0.59010000123865070      -0.66837282356420058     
  0.59300000123716279      -0.73567156042383508     
  0.59590000123567477      -0.79581178526839425     
  0.59880000123418675      -0.84816992147681425     
  0.60170000123269884      -0.89218811379433149     
  0.60460000123121094      -0.92738003602316388     
  0.60750000122972292      -0.95333605973332447     
  0.61040000122823490      -0.96972771827499005     
  0.61330000122674699      -0.97631140700629526     
  0.61620000122525909      -0.97293126824423104     
  0.61910000122377107      -0.95952121792693001     
  0.62200000122228305      -0.93610608025064546     
  0.62490000122079514      -0.90280180650518049     
  0.62780000121930724      -0.85981476485301156     
  0.63070000121781922      -0.80744009874194034     
  0.63360000121633120      -0.74605916285923857     
  0.63650000121484329      -0.67613605686831690     
  0.63940000121335538      -0.59821328845163846     
  0.64230000121186737      -0.51290660824695300     
  0.64520000121037935      -0.42089906993821458     
  0.64810000120889144      -0.32293437888023008     
  0.65100000120740353      -0.21980960203508845     
  0.65390000120591552      -0.11236732052510509     
  0.65680000120442750       -1.4873136189111416E-003
  0.65970000120293959       0.11192213066354678     
  0.66260000120145168       0.22693317802658747     
  0.66550000119996366       0.34260757938646874     
  0.66840000119847565       0.45800586495292189     
  0.67130000119698774       0.57219649360393232     
  0.67420000119549983       0.68426485086323940     
  0.67710000119401181       0.79332199089362010     
  0.68000000119252380       0.89851302149218726     
  0.68290000119103589       0.99902503606842574     
  0.68580000118954798        1.0940945029294149     
  0.68870000118805996        1.1830140297946958     
  0.69160000118657194        1.2651384301997564     
  0.69450000118508404        1.3398900281868937     
  0.69740000118359613        1.4067631482732641     
  0.70030000118210811        1.4653277489623657     
  0.70320000118062009        1.5152321698493889     
  0.70610000117913219        1.5562049744776070     
  0.70900000117764428        1.5880558833420515     
  0.71190000117615626        1.6106758036164293     
  0.71480000117466824        1.6240359741102510     
  0.71770000117318034        1.6281862554611009     
  0.72060000117169243        1.6232526064564772     
  0.72350000117020441        1.6094337974968387     
  0.72640000116871639        1.5869974214069806     
  0.72930000116722848        1.5562752699445732     
  0.73220000116574058        1.5176581513294947     
  0.73510000116425256        1.4715902298337125     
  0.73800000116276454        1.4185629728593925     
  0.74090000116127663        1.3591087939468727     
  0.74380000115978873        1.2937944817720406     
  0.74670000115830071        1.2232145054166859     
  0.74960000115681269        1.1479842850513480     
  0.75250000115532478        1.0687335147066368     
  0.75540000115383688       0.98609962009619312     
  0.75830000115234886       0.90072142958263646     
  0.76120000115086084       0.81323313045513701     
  0.76410000114937293       0.72425857583766173     
  0.76700000114788502       0.63440599990753221     
  0.76990000114639701       0.54426319082226038     
  0.77280000114490899       0.45439316198391116     
  0.77570000114342108       0.36533035317402857     
  0.77860000114193317       0.27757738383000941     
  0.78150000114044516       0.19160237146554318     
  0.78440000113895714       0.10783681911914030     
  0.78730000113746923        2.6674066894749521E-002
  0.79020000113598132       -5.1531705723771956E-002
  0.79310000113449330      -0.12646594791944363     
  0.79600000113300529      -0.19785370422294116     
  0.79890000113151738      -0.26545911446047232     
  0.80180000113002947      -0.32908448710328320     
  0.80470000112854145      -0.38856899073250939     
  0.80760000112705344      -0.44378701194489828     
  0.81050000112556553      -0.49464623064323360     
  0.81340000112407762      -0.54108546527259516     
  0.81630000112258960      -0.58307234119064311     
  0.81920000112110158      -0.62060083502536201     
  0.82210000111961368      -0.65368874662163745     
  0.82500000111812577      -0.68237514806880106     
  0.82790000111663775      -0.70671785640772966     
  0.83080000111514973      -0.72679097302349771     
  0.83370000111366183      -0.74268252853233763     
  0.83660000111217392      -0.75449226727192586     
  0.83950000111068590      -0.76232960040954534     
  0.84240000110919788      -0.76631175130404794     
  0.84530000110770998      -0.76656211120675299     
  0.84820000110622207      -0.76320881777412042     
  0.85110000110473405      -0.75638356329883616     
  0.85400000110324603      -0.74622063414836459     
  0.85690000110175812      -0.73285617772690226     
  0.85980000110027022      -0.71642768843536719     
  0.86270000109878220      -0.69707369967245147     
  0.86560000109729418      -0.67493366496485652     
  0.86850000109580627      -0.65014800789212934     
  0.87140000109431837      -0.62285831762421195     
  0.87430000109283035      -0.59320766464874453     
  0.87720000109134233      -0.56134100964836398     
  0.88010000108985442      -0.52740567750142053     
  0.88300000108836652      -0.49155186801631284     
  0.88590000108687850      -0.45393317525209259     
  0.88880000108539048      -0.41470708809765972     
  0.89170000108390257      -0.37403544614047379     
  0.89460000108241466      -0.33208482670643980     
  0.89750000108092665      -0.28902684124139882     
  0.90040000107943863      -0.24503832187110616     
  0.90330000107795072      -0.20030138195604977     
  0.90620000107646281      -0.15500333768162711     
  0.90910000107497480      -0.10933648112326430     
  0.91200000107348678       -6.3497698729436586E-002
  0.91490000107199887       -1.7687932703768935E-002
  0.91780000107051096        2.7888513727137666E-002
  0.92070000106902294        7.3024822764891431E-002
  0.92360000106753493       0.11751265256254241     
  0.92650000106604702       0.16114326113269092     
  0.92940000106455911       0.20370875017336096     
  0.93230000106307109       0.24500341286700827     
  0.93520000106158307       0.28482516756785498     
  0.93810000106009517       0.32297705751764749     
  0.94100000105860726       0.35926879533987066     
  0.94390000105711924       0.39351833007000780     
  0.94680000105563122       0.42555341388951612     
  0.94970000105414332       0.45521314554171899     
  0.95260000105265541       0.48234946760964809     
  0.95550000105116739       0.50682859541378733     
  0.95840000104967937       0.52853235622033279     
  0.96130000104819147       0.54735941871190075     
  0.96420000104670356       0.56322639423165322     
  0.96710000104521554       0.57606879313433612     
  0.97000000104372752       0.58584182162627940     
  0.97290000104223961       0.59252100671157026     
  0.97580000104075171       0.59610263924258688     
  0.97870000103926369       0.59660402755835873     
  0.98160000103777567       0.59406355674258804     
  0.98450000103628776       0.58854055110406822     
  0.98740000103479986       0.58011494003657949     
  0.99030000103331184       0.56888672991612788     
  0.99320000103182382       0.55497528710592292     
  0.99610000103033591       0.53851843943218625     
  0.99900000102884801       0.51967140563822900     
   1.0019000010273600       0.49860556429545266     
   1.0048000010258722       0.47550707542672677     
   1.0077000010243842       0.45057536966273520     
   1.0106000010228962       0.42402152109188757     
   1.0135000010214084       0.39606652106965534     
   1.0164000010199206       0.36693947111796205     
   1.0193000010184325       0.33687571366729741     
   1.0222000010169445       0.30611491977488325     
   1.0251000010154567       0.27489915309593221     
   1.0280000010139689       0.24347092929929548     
   1.0309000010124809       0.21207128981363896     
   1.0338000010109929       0.18093790827821454     
   1.0367000010095051       0.15030324736768125     
   1.0396000010080173       0.12039278277945917     
   1.0425000010065293        9.1423310132220312E-002
   1.0454000010050413        6.3601349343819280E-002
   1.0483000010035535        3.7121659755463353E-002
   1.0512000010020657        1.2165877865785782E-002
   1.0541000010005777       -1.1098711946465147E-002
   1.0570000009990896       -3.2520264879711692E-002
   1.0599000009976018       -5.1963314105635296E-002
   1.0628000009961140       -6.9309554477568064E-002
   1.0657000009946260       -8.4458467545736993E-002
   1.0686000009931380       -9.7327785484415702E-002
   1.0715000009916502      -0.10785379311996558     
   1.0744000009901624      -0.11599146879126440     
   1.0773000009886744      -0.12171446626149791     
   1.0802000009871864      -0.12501494132032059     
   1.0831000009856986      -0.12590322805699680     
   1.0860000009842108      -0.12440737103842950     
   1.0889000009827228      -0.12057252078268887     
   1.0918000009812348      -0.11446020097152892     
   1.0947000009797470      -0.10614745678866075     
   1.0976000009782592       -9.5725894599579225E-002
   1.1005000009767711       -8.3300623900195672E-002
   1.1034000009752831       -6.8989113053067139E-002
   1.1063000009737953       -5.2919970800634507E-002
   1.1092000009723075       -3.5231665894343005E-002
   1.1121000009708195       -1.6071197407861473E-002
   1.1150000009693315        4.4072715864398853E-003
   1.1179000009678437        2.6043804303250012E-002
   1.1208000009663559        4.8674091934640923E-002
   1.1237000009648679        7.2130854411863177E-002
   1.1266000009633799        9.6245228233037508E-002
   1.1295000009618921       0.12084812977577532     
   1.1324000009604043       0.14577158302942655     
   1.1353000009589163       0.17085000128138697     
   1.1382000009574282       0.19592141296866558     
   1.1411000009559404       0.22082862265173497     
   1.1440000009544526       0.24542029887481917     
   1.1469000009529646       0.26955198153649446     
   1.1498000009514766       0.29308700229844181     
   1.1527000009499888       0.31589731249927577     
   1.1556000009485010       0.33786421400589117     
   1.1585000009470130       0.35887898941746549     
   1.1614000009455250       0.37884342902809637     
   1.1643000009440372       0.39767025294436059     
   1.1672000009425494       0.41528342773450094     
   1.1701000009410614       0.43161837794852492     
   1.1730000009395734       0.44662209378418388     
   1.1759000009380856       0.46025313707534499     
   1.1788000009365978       0.47248154863838854     
   1.1817000009351097       0.48328866082260458     
   1.1846000009336217       0.49266681986486854     
   1.1875000009321339       0.50061902334199415     
   1.1904000009306461       0.50715847864012087     
   1.1933000009291581       0.51230808891538782     
   1.1962000009276701       0.51609987349966679     
   1.1991000009261823       0.51857433010677645     
   1.2020000009246945       0.51977974651569592     
   1.2049000009232065       0.51977146964700183     
   1.2078000009217185       0.51861114010608256     
   1.2107000009202307       0.51636590034238683     
   1.2136000009187429       0.51310758456884398     
   1.2165000009172549       0.50891189850189922     
   1.2194000009157668       0.50385759682290765     
   1.2223000009142790       0.49802566602934356     
   1.2252000009127912       0.49149852004392602     
   1.2281000009113032       0.48435921558554496     
   1.2310000009098152       0.47669069388383306     
   1.2339000009083274       0.46857505484464035     
   1.2368000009068396       0.46009286925327042     
   1.2397000009053516       0.45132253404244732     
   1.2426000009038636       0.44233967505985328     
   1.2455000009023758       0.43321660115233745     
   1.2484000009008880       0.42402181274830186     
   1.2513000008994000       0.41481956747290627     
   1.2542000008979119       0.40566950468034346     
   1.2571000008964242       0.39662633013987009     
   1.2600000008949364       0.38773956147483829     
   1.2629000008934483       0.37905333433264837     
   1.2658000008919603       0.37060626866467566     
   1.2687000008904725       0.36243139392426554     
   1.2716000008889847       0.35455613145309545     
   1.2745000008874967       0.34700233182608742     
   1.2774000008860087       0.33978636446663946     
   1.2803000008845209       0.33291925643079057     
   1.2832000008830331       0.32640687689355879     
   1.2861000008815451       0.32025016355562774     
   1.2890000008800571       0.31444538692488833     
   1.2919000008785693       0.30898444821639126     
   1.2948000008770815       0.30385520645581815     
   1.2977000008755935       0.29904183026574260     
   1.3006000008741054       0.29452516975932341     
   1.3035000008726176       0.29028314396156107     
   1.3064000008711298       0.28629113922154836     
   1.3093000008696418       0.28252241416798873     
   1.3122000008681538       0.27894850689161804     
   1.3151000008666660       0.27553964020895411     
   1.3180000008651782       0.27226512106818290     
   1.3209000008636902       0.26909373039655121     
   1.3238000008622022       0.26599409995488116     
   1.3267000008607144       0.26293507305503366     
   1.3296000008592266       0.25988604630573370     
   1.3325000008577386       0.25681728987711377     
   1.3354000008562505       0.25370024411015024     
   1.3383000008547628       0.25050779063988571     
   1.3412000008532750       0.24721449654675834     
   1.3441000008517869       0.24379683039458011     
   1.3470000008502989       0.24023334935317534     
   1.3499000008488111       0.23650485693472639     
   1.3528000008473233       0.23259453119251067     
   1.3557000008458353       0.22848802353582212     
   1.3586000008443473       0.22417352860308867     
   1.3615000008428595       0.21964182590402881     
   1.3644000008413717       0.21488629418944014     
   1.3673000008398837       0.20990289973206100     
   1.3702000008383957       0.20469015990288536     
   1.3731000008369079       0.19924908360322932     
   1.3760000008354201       0.19358309026332374     
   1.3789000008339320       0.18769790924293106     
   1.3818000008324440       0.18160146156851084     
   1.3847000008309562       0.17530372601513414     
   1.3876000008294684       0.16881659159034509     
   1.3905000008279804       0.16215369850220737     
   1.3934000008264924       0.15533026969613350     
   1.3963000008250046       0.14836293502581546     
   1.3992000008235168       0.14126955008433889     
   1.4021000008220288       0.13406901166374752     
   1.4050000008205408       0.12678107173674319     
   1.4079000008190530       0.11942615176466928     
   1.4108000008175652       0.11202515903310885     
   1.4137000008160772       0.10459930660247009     
   1.4166000008145891        9.7169938337461653E-002
   1.4195000008131013        8.9758360348469513E-002
   1.4224000008116136        8.2385680041232548E-002
   1.4253000008101255        7.5072653830776853E-002
   1.4282000008086375        6.7839544432937826E-002
   1.4311000008071497        6.0705988503710305E-002
   1.4340000008056619        5.3690875254557194E-002
   1.4369000008041739        4.6812236532191964E-002
   1.4398000008026859        4.0087148715466404E-002
   1.4427000008011981        3.3531646651071965E-002
   1.4456000007997103        2.7160649724814370E-002
   1.4485000007982223        2.0987900047175753E-002
   1.4514000007967343        1.5025912621502675E-002
   1.4543000007952465        9.2859372610933997E-003
   1.4572000007937587        3.7779319282099043E-003
   1.4601000007922706       -1.4894529160337415E-003
   1.4630000007907826       -6.5088794365752468E-003
   1.4659000007892948       -1.1274317574846718E-002
   1.4688000007878070       -1.5781030830997030E-002
   1.4717000007863190       -2.0025553330131014E-002
   1.4746000007848310       -2.4005658861527869E-002
   1.4775000007833432       -2.7720322607458419E-002
   1.4804000007818554       -3.1169676297240864E-002
   1.4833000007803674       -3.4354957532896989E-002
   1.4862000007788794       -3.7278454035750343E-002
   1.4891000007773916       -3.9943443558974959E-002
   1.4920000007759038       -4.2354130200144821E-002
   1.4949000007744158       -4.4515577830689275E-002
   1.4978000007729277       -4.6433641336608787E-002
   1.5007000007714399       -4.8114896337314611E-002
   1.5036000007699519       -4.9566568017792821E-002
   1.5065000007684639       -5.0796459673972096E-002
   1.5094000007669759       -5.1812881532897336E-002
   1.5123000007654879       -5.2624580368614698E-002
   1.5152000007639999       -5.3240670392193983E-002
   1.5181000007625118       -5.3670565850546803E-002
   1.5210000007610238       -5.3923915724208085E-002
   1.5239000007595358       -5.4010540869524983E-002
   1.5268000007580478       -5.3940373906144992E-002
   1.5297000007565598       -5.3723402106810828E-002
   1.5326000007550717       -5.3369613503534766E-002
   1.5355000007535837       -5.2888946382663796E-002
   1.5384000007520957       -5.2291242301382518E-002
   1.5413000007506077       -5.1586202720139585E-002
   1.5442000007491197       -5.0783349309491729E-002
   1.5471000007476317       -4.9891987956165174E-002
   1.5500000007461436       -4.8921176461817081E-002
   1.5529000007446556       -4.7879695899190042E-002
   1.5558000007431676       -4.6776025564130221E-002
   1.5587000007416796       -4.5618321438326517E-002
   1.5616000007401916       -4.4414398056636981E-002
   1.5645000007387035       -4.3171713654461756E-002
   1.5674000007372155       -4.1897358454797105E-002
   1.5703000007357275       -4.0598045941214272E-002
   1.5732000007342395       -3.9280106952083615E-002
   1.5761000007327515       -3.7949486422671819E-002
   1.5790000007312635       -3.6611742595282486E-002
   1.5819000007297754       -3.5272048513183898E-002
   1.5848000007282874       -3.3935195611557264E-002
   1.5877000007267994       -3.2605599217984275E-002
   1.5906000007253114       -3.1287305775886662E-002
   1.5935000007238234       -2.9984001606710733E-002
   1.5964000007223353       -2.8699023030362335E-002
   1.5993000007208473       -2.7435367668271204E-002
   1.6022000007193593       -2.6195706759380426E-002
   1.6051000007178713       -2.4982398326143102E-002
   1.6080000007163833       -2.3797501035146301E-002
   1.6109000007148953       -2.2642788605124142E-002
   1.6138000007134072       -2.1519764623740636E-002
   1.6167000007119192       -2.0429677643513541E-002
   1.6196000007104312       -1.9373536436472744E-002
   1.6225000007089432       -1.8352125296522435E-002
   1.6254000007074552       -1.7366019287900901E-002
   1.6283000007059671       -1.6415599347502946E-002
   1.6312000007044791       -1.5501067158100139E-002
   1.6341000007029911       -1.4622459718562048E-002
   1.6370000007015031       -1.3779663546005204E-002
   1.6399000007000151       -1.2972428453319716E-002
   1.6428000006985271       -1.2200380853693248E-002
   1.6457000006970390       -1.1463036551540622E-002
   1.6486000006955510       -1.0759812986620019E-002
   1.6515000006940630       -1.0090040905048794E-002
   1.6544000006925750       -9.4529754374114011E-003
   1.6573000006910870       -8.8478065701645854E-003
   1.6602000006895989       -8.2736690020815302E-003
   1.6631000006881109       -7.7296513825487849E-003
   1.6660000006866229       -7.2148049331259836E-003
   1.6689000006851349       -6.7281514579164087E-003
   1.6718000006836469       -6.2686907519855176E-003
   1.6747000006821589       -5.8354074203174258E-003
   1.6776000006806708       -5.4272771226327012E-003
   1.6805000006791828       -5.0432722618239815E-003
   1.6834000006776948       -4.6823671358210851E-003
   1.6863000006762068       -4.3435425743933911E-003
   1.6892000006747188       -4.0257900837570590E-003
   1.6921000006732307       -3.7281155229055389E-003
   1.6950000006717427       -3.4495423363427600E-003
   1.6979000006702547       -3.1891143683947711E-003
   1.7008000006687667       -2.9458982845330397E-003
   1.7037000006672787       -2.7189856251818197E-003
   1.7066000006657907       -2.5074945173258821E-003
   1.7095000006643026       -2.3105710689077540E-003
   1.7124000006628146       -2.1273904705236086E-003
   1.7153000006613266       -1.9571578283165865E-003
   1.7182000006598386       -1.7991087512428004E-003
   1.7211000006583506       -1.6525097150687958E-003
   1.7240000006568625       -1.5166582245647981E-003
   1.7269000006553745       -1.3908827944017310E-003
   1.7298000006538865       -1.2745427682578853E-003
   1.7327000006523985       -1.1670279946034289E-003
   1.7356000006509105       -1.0677583765733374E-003
   1.7385000006494225       -9.7618331226936644E-004
   1.7414000006479344       -8.9178104076180010E-004
   1.7443000006464464       -8.1405790799904854E-004
   1.7472000006449584       -7.4254756578550924E-004
   1.7501000006434704       -6.7681011596302273E-004
   1.7530000006419824       -6.1643121093305289E-004
   1.7559000006404943       -5.6102112069118934E-004
   1.7588000006390063       -5.1021377561626569E-004
   1.7617000006375183       -4.6366579336659626E-004
   1.7646000006360303       -4.2105549738756575E-004
   1.7675000006345423       -3.8208193373087717E-004
   1.7704000006330542       -3.4646389212621533E-004
   1.7733000006315662       -3.1393893653254427E-004
   1.7762000006300782       -2.8426244972838970E-004
   1.7791000006285902       -2.5720669587834004E-004
   1.7820000006271022       -2.3255990443612730E-004
   1.7849000006256142       -2.1012537821173444E-004
   1.7878000006241261       -1.8972062794050300E-004
   1.7907000006226381       -1.7117653524432536E-004
   1.7936000006211501       -1.5433654546723381E-004
   1.7965000006196621       -1.3905589149862976E-004
   1.7994000006181741       -1.2520084936481352E-004
   1.8023000006166860       -1.1264802607174868E-004
   1.8052000006151980       -1.0128367991706837E-004
   1.8081000006137100       -9.1003073255195973E-005
   1.8110000006122220       -8.1709857494208533E-005
   1.8139000006107340       -7.3315489924537014E-005
   1.8168000006092460       -6.5738681826044002E-005
   1.8197000006077579       -5.8904877169337373E-005
   1.8226000006062699       -5.2745761117536940E-005
   1.8255000006047819       -4.7198797444396396E-005
   1.8284000006032939       -4.2206793911796088E-005
   1.8313000006018059       -3.7717494592637081E-005
   1.8342000006003178       -3.3683198082417577E-005
   1.8371000005988298       -3.0060400512811515E-005
   1.8400000005973418       -2.6809462261956605E-005
   1.8429000005958538       -2.3894297247587786E-005
   1.8458000005943658       -2.1282083689407073E-005
   1.8487000005928778       -1.8942995234988299E-005
   1.8516000005913897       -1.6849951358036428E-005
   1.8545000005899017       -1.4978385957998750E-005
   1.8574000005884137       -1.3306033114933329E-005
   1.8603000005869257       -1.1812728982402303E-005
   1.8632000005854377       -1.0480228833219639E-005
   1.8661000005839496       -9.2920383074828675E-006
   1.8690000005824616       -8.2332579488701078E-006
   1.8719000005809736       -7.2904401531378495E-006
   1.8748000005794856       -6.4514576916579658E-006
   1.8777000005779976       -5.7053830122578074E-006
   1.8806000005765096       -5.0423775592091204E-006
   1.8835000005750215       -4.4535903936433658E-006
   1.8864000005735335       -3.9310654346731372E-006
   1.8893000005720455       -3.4676566798430611E-006
   1.8922000005705575       -3.0569508010248687E-006
   1.8951000005690695       -2.6931965483505527E-006
   1.8980000005675814       -2.3712404301116853E-006
   1.9009000005660934       -2.0864681706405901E-006
   1.9038000005646054       -1.8347514809509816E-006
   1.9067000005631174       -1.6123997082947855E-006
   1.9096000005616294       -1.4161159607476512E-006
   1.9125000005601414       -1.2429573314500565E-006
   1.9154000005586533       -1.0902988741933585E-006
   1.9183000005571653       -9.5580100765831609E-007
   1.9212000005556773       -8.3738004980174989E-007
   1.9241000005541893       -7.3318160667225131E-007
   1.9270000005527013       -6.4155656134883549E-007
   1.9299000005512132       -5.6103942877700502E-007
   1.9328000005497252       -4.9032886106877396E-007
   1.9357000005482372       -4.2827010538398007E-007
   1.9386000005467492       -3.7383923286983130E-007
   1.9415000005452612       -3.2612897235824464E-007
   1.9444000005437732       -2.8433599665793379E-007
   1.9473000005422851       -2.4774952238702793E-007
   1.9502000005407971       -2.1574109642527132E-007
   1.9531000005393091       -1.8775545327817632E-007
   1.9560000005378211       -1.6330233799150034E-007
   1.9589000005363331       -1.4194919878623835E-007
   1.9618000005348450       -1.2331466235247638E-007
   1.9647000005333570       -1.0706271279487292E-007
   1.9676000005318690       -9.2897502610527540E-008
   1.9705000005303810       -8.0558730847563587E-008
   1.9734000005288930       -6.9817529783587290E-008
   1.9763000005274050       -6.0472807118856513E-008
   1.9792000005259169       -5.2347995839262414E-008
   1.9821000005244289       -4.5288168606415691E-008
   1.9850000005229409       -3.9157477811569035E-008
   1.9879000005214529       -3.3836886320155211E-008
   1.9908000005199649       -2.9222157465467950E-008
   1.9937000005184768       -2.5222076052786488E-008
   1.9966000005169888       -2.1756875036249600E-008
   1.9995000005155008       -1.8756845155518605E-008
   2.0024000005140126       -1.6161107191378279E-008
   2.0053000005125248       -1.3916528640816539E-008
   2.0082000005110370       -1.1976768543205568E-008
   2.0111000005095487       -1.0301435928706793E-008
   2.0140000005080605       -8.8553489253356580E-009
   2.0169000005065727       -7.6078829681973110E-009
   2.0198000005050849       -6.5323978179498222E-009
   2.0227000005035967       -5.6057342290549171E-009
   2.0256000005021084       -4.8077721241905240E-009
   2.0285000005006206       -4.1210430406620480E-009
   2.0314000004991328       -3.5303904280714788E-009
   2.0343000004976446       -3.0226721033471281E-009
   2.0372000004961563       -2.5864998180764007E-009
   2.0401000004946686       -2.2120114717518248E-009
   2.0430000004931808       -1.8906720201385064E-009
   2.0459000004916925       -1.6150995869458322E-009
   2.0488000004902043       -1.3789136951818542E-009
   2.0517000004887165       -1.1766028972722333E-009
   2.0546000004872287       -1.0034094050155337E-009
   2.0575000004857404       -8.5522860603815349E-010
   2.0604000004842522       -7.2852160649562185E-010
   2.0633000004827644       -6.2023916384468069E-010
   2.0662000004812766       -5.2775557173514757E-010
   2.0691000004797884       -4.4881123427279781E-010
   2.0720000004783001       -3.8146282162564906E-010
   2.0749000004768123       -3.2404003546437894E-010
   2.0778000004753245       -2.7510813308299343E-010
   2.0807000004738363       -2.3343546506313118E-010
   2.0836000004723481       -1.9796537465498784E-010
   2.0865000004708603       -1.6779188910532506E-010
   2.0894000004693725       -1.4213870526612404E-010
   2.0923000004678842       -1.2034103512233208E-010
   2.0952000004663960       -1.0182993241218281E-010
   2.0981000004649082       -8.6118770193726484E-011
   2.1010000004634204       -7.2791581848358908E-011
   2.1039000004619322       -6.1493015326776694E-011
   2.1068000004604439       -5.1919683073939773E-011
   2.1097000004589561       -4.3812718582520789E-011
   2.1126000004574683       -3.6951375419457374E-011
   2.1155000004559801       -3.1147526289883065E-011
   2.1184000004544918       -2.6240938637242172E-011
   2.1213000004530040       -2.2095219772451338E-011
   2.1242000004515162       -1.8594338882100520E-011
   2.1271000004500280       -1.5639645753346144E-011
   2.1300000004485398       -1.3147316906605360E-011
   2.1329000004470520       -1.1046169253172529E-011
   2.1358000004455642       -9.2757895751767963E-012
   2.1387000004440759       -7.7849352191712018E-012
   2.1416000004425877       -6.5301675419230511E-012
   2.1445000004410999       -5.4746849700221441E-012
   2.1474000004396121       -4.5873271409162163E-012
   2.1503000004381239       -3.8417255756126451E-012
   2.1532000004366356       -3.2155797744337470E-012
   2.1561000004351478       -2.6900405983565990E-012
   2.1590000004336600       -2.2491853619770984E-012
   2.1619000004321718       -1.8795712743491682E-012
   2.1648000004306835       -1.5698557682167471E-012
   2.1677000004291958       -1.3104738976574077E-012
   2.1706000004277080       -1.0933643947212775E-012
   2.1735000004262197       -9.1173718838920492E-013
   2.1764000004247315       -7.5987623111086032E-013
   2.1793000004232437       -6.3297237274845480E-013
   2.1822000004217559       -5.2698178925880052E-013
   2.1851000004202676       -4.3850613148897982E-013
   2.1880000004187794       -3.6469112326210204E-013
   2.1909000004172916       -3.0314082065788514E-013
   2.1938000004158038       -2.5184515742290193E-013
   2.1967000004143156       -2.0911875460208483E-013
   2.1996000004128273       -1.7354927424049180E-013
   2.2025000004113395       -1.4395385467022595E-013
   2.2054000004098517       -1.1934238476625185E-013
   2.2083000004083635       -9.8886562045356065E-014
   2.2112000004068753       -8.1893839256677342E-014
   2.2141000004053875       -6.7785500176329657E-014
   2.2170000004038997       -5.6078221114786782E-014
   2.2199000004024114       -4.6368573127806189E-014
   2.2228000004009232       -3.8320003623436477E-014
   2.2257000003994354       -3.1651907150746599E-014
   2.2286000003979476       -2.6130455500184393E-014
   2.2315000003964593       -2.1560908432656247E-014
   2.2344000003949711       -1.7781169745947439E-014
   2.2373000003934833       -1.4656390146337100E-014
   2.2402000003919955       -1.2074449513868402E-014
   2.2431000003905073       -9.9421774796677561E-015
   2.2460000003890190       -8.1821934961345665E-015
   2.2489000003875312       -6.7302663920637180E-015
   2.2518000003860434       -5.5331092896803092E-015
   2.2547000003845552       -4.5465391658498510E-015
   2.2576000003830670       -3.7339416452721268E-015
   2.2605000003815792       -3.0649911421300033E-015
   2.2634000003800914       -2.5145844926465269E-015
   2.2663000003786031       -2.0619529770281959E-015
   2.2692000003771149       -1.6899233127109342E-015
   2.2721000003756271       -1.3843029789717134E-015
   2.2750000003741393       -1.1333692475147604E-015
   2.2779000003726511       -9.2744466451406630E-016
   2.2808000003711628       -7.5854455824427356E-016
   2.2837000003696750       -6.2008451860279322E-016
   2.2866000003681872       -5.0663778295653559E-016
   2.2895000003666990       -4.1373412798127464E-016
   2.2924000003652107       -3.3769326108559387E-016
   2.2953000003637229       -2.7548687111116491E-016
   2.2982000003622352       -2.2462447291624741E-016
   2.3011000003607469       -1.8305899502679129E-016
   2.3040000003592587       -1.4910873973367112E-016
   2.3069000003577709       -1.2139291265081493E-016
   2.3098000003562831       -9.8778392164854373E-017
   2.3127000003547948       -8.0335803803512065E-017
   2.3156000003533066       -6.5303293251051463E-017
   2.3185000003518188       -5.3056665383909620E-017
   2.3214000003503310       -4.3084784373008518E-017
   2.3243000003488428       -3.4969319210483579E-017
   2.3272000003473545       -2.8368076337388372E-017
   2.3301000003458667       -2.3001291703690337E-017
   2.3330000003443789       -1.8640363037245793E-017
   2.3359000003428907       -1.5098593056069210E-017
   2.3388000003414025       -1.2223588935648468E-017
   2.3417000003399147       -9.8910251331920681E-018
   2.3446000003384269       -7.9995278358219694E-018
   2.3475000003369386       -6.4664816418600385E-018
   2.3504000003354504       -5.2245941042711150E-018
   2.3533000003339626       -4.2190827122675492E-018
   2.3562000003324748       -3.4053728001157476E-018
   2.3591000003309865       -2.7472146151702726E-018
   2.3620000003294983       -2.2151440677480440E-018
   2.3649000003280105       -1.7852251195123652E-018
   2.3678000003265227       -1.4380228390046251E-018
   2.3707000003250345       -1.1577652728520219E-018
   2.3736000003235462       -9.3165978880656531E-019
   2.3765000003220584       -7.4933572357400998E-019
   2.3794000003205706       -6.0239024734283424E-019
   2.3823000003190824       -4.8401853073797182E-019
   2.3852000003175942       -3.8871272793668150E-019
   2.3881000003161064       -3.1201710353718207E-019
   2.3910000003146186       -2.5032893917158726E-019
   2.3939000003131303       -2.0073674851164366E-019
   2.3968000003116421       -1.6088888021664793E-019
   2.3997000003101543       -1.2888685850222236E-019
   2.4026000003086665       -1.0319885060338811E-019
   2.4055000003071783       -8.2589500824114856E-020
   2.4084000003056900       -6.6063066137468189E-020
   2.4113000003042022       -5.2817356406911790E-020
   2.4142000003027144       -4.2206446236332934E-020
   2.4171000003012262       -3.3710504109872433E-020
   2.4200000002997379       -2.6911393355631024E-020
   2.4229000002982501       -2.1472951277179042E-020
   2.4258000002967623       -1.7125057970054766E-020
   2.4287000002952741       -1.3650773420533514E-020
   2.4316000002937859       -1.0875957466902087E-020
   2.4345000002922981       -8.6608978151635633E-021
   2.4374000002908103       -6.8935612247673962E-021
   2.4403000002893220       -5.4841560441374581E-021
   2.4432000002878338       -4.3607536082129983E-021
   2.4461000002863460       -3.4657641648512614E-021
   2.4490000002848582       -2.7531020578112895E-021
   2.4519000002833700       -2.1859065608592499E-021
   2.4548000002818817       -1.7347104157166027E-021
   2.4577000002803939       -1.3759689047037088E-021
   2.4606000002789061       -1.0908791058600546E-021
   2.4635000002774179       -8.6443258170206564E-022
   2.4664000002759296       -6.8465575061102983E-022
   2.4693000002744419       -5.4200107628898739E-022
   2.4722000002729541       -4.2885938717032463E-022
   2.4751000002714658       -3.3916942999945616E-022
   2.4780000002699776       -2.6810543436860147E-022
   2.4809000002684898       -2.1182723225034802E-022
   2.4838000002670020       -1.6728051221017949E-022
   2.4867000002655137       -1.3203723277955666E-022
   2.4896000002640255       -1.0416818733879288E-022
   2.4925000002625377       -8.2141295974752312E-023
   2.4954000002610499       -6.4740472673217079E-023
   2.4983000002595617       -5.1000939112764690E-023
   2.5012000002580739       -4.0157677894992913E-023
   2.5041000002565861       -3.1604377546570071E-023
   2.5070000002550983       -2.4860750745103895E-023
   2.5099000002536105       -1.9546531500604467E-023
   2.5128000002521227       -1.5360797055088333E-023
   2.5157000002506349       -1.2065532626832291E-023
   2.5186000002491471       -9.4725751709893356E-024
   2.5215000002476593       -7.4332467937265022E-024
   2.5244000002461715       -5.8301279776586025E-024
   2.5273000002446837       -4.5705322915024864E-024
   2.5302000002431959       -3.5813333401159520E-024
   2.5331000002417081       -2.8048658365464482E-024
   2.5360000002402203       -2.1956794349800435E-024
   2.5389000002387325       -1.7179692308549554E-024
   2.5418000002372447       -1.3435429185840366E-024
   2.5447000002357569       -1.0502133459156891E-024
   2.5476000002342691       -8.2052809599257596E-025
   2.5505000002327813       -6.4076594700433918E-025
   2.5534000002312935       -5.0014455124580389E-025
   2.5563000002298057       -3.9019519665067979E-025
   2.5592000002283180       -3.0426966855283668E-025
   2.5621000002268302       -2.3715149979180581E-025
   2.5650000002253424       -1.8474966811600315E-025
   2.5679000002238546       -1.4385737800152220E-025
   2.5708000002223668       -1.1196219406783987E-025
   2.5737000002208790       -8.7096670057334270E-026
   2.5766000002193912       -6.7720895962978485E-026
   2.5795000002179034       -5.2630189763156854E-026
   2.5824000002164156       -4.0882587512911103E-026
   2.5853000002149278       -3.1741914270081862E-026
   2.5882000002134400       -2.4633110486646469E-026
   2.5911000002119522       -1.9107193285263501E-026
   2.5940000002104644       -1.4813788524848444E-026
   2.5969000002089766       -1.1479608713734182E-026
   2.5998000002074888       -8.8915982110028282E-027
   2.6027000002060010       -6.8837402213037606E-027
   2.6056000002045132       -5.3267352422402669E-027
   2.6085000002030254       -4.1199300592814042E-027
   2.6114000002015376       -3.1850097460849427E-027
   2.6143000002000498       -2.4610700433419952E-027
   2.6172000001985620       -1.9007699819625767E-027
   2.6201000001970742       -1.4673294450371513E-027
   2.6230000001955864       -1.1321872834237436E-027
   2.6259000001940986       -8.7317557510829943E-028
   2.6288000001926108       -6.7309698497341753E-028
   2.6317000001911230       -5.1861678047373141E-028
   2.6346000001896352       -3.9940034013634493E-028
   2.6375000001881475       -3.0744209741851794E-028
   2.6404000001866597       -2.3654369049817218E-028
   2.6433000001851719       -1.8190834542369308E-028
   2.6462000001836841       -1.3982576089344838E-028
   2.6491000001821963       -1.0742742391077153E-028
   2.6520000001807085       -8.2496709094078558E-029
   2.6549000001792207       -6.3321569229913178E-029
   2.6578000001777329       -4.8580321495341338E-029
   2.6607000001762451       -3.7253137858670061E-029
   2.6636000001747573       -2.8553488936575832E-029
   2.6665000001732695       -2.1875069405423578E-029
   2.6694000001717817       -1.6750729268774979E-029
   2.6723000001702939       -1.2820710931635937E-029
   2.6752000001688061       -9.8080956458254157E-030
   2.6781000001673183       -7.4998323861084466E-030
   2.6810000001658305       -5.7320872070229204E-030
   2.6839000001643427       -4.3789347324567113E-030
   2.6868000001628549       -3.3436336801367066E-030
   2.6897000001613671       -2.5518992858276736E-030
   2.6926000001598793       -1.9467181291515181E-030
   2.6955000001583915       -1.4843537137570390E-030
   2.6984000001569037       -1.1312708676325897E-030
   2.7013000001554159       -8.6176877843448130E-031
   2.7042000001539281       -6.5616028783054999E-031
   2.7071000001524403       -4.9937206621969010E-031
   2.7100000001509525       -3.7986890528269495E-031
   2.7129000001494648       -2.8882748809881654E-031
   2.7158000001479770       -2.1950209000105758E-031
   2.7187000001464892       -1.6673786441536082E-031
   2.7216000001450014       -1.2659755781485559E-031
   2.7245000001435136       -9.6075359503650121E-032
   2.7274000001420258       -7.2877654160194819E-032
   2.7303000001405380       -5.5255117401012362E-032
   2.7332000001390502       -4.1874193915379101E-032
   2.7361000001375624       -3.1718769006571752E-032
   2.7390000001360746       -2.4014977061147660E-032
   2.7419000001345868       -1.8173730884043376E-032
   2.7448000001330990       -1.3746816976031111E-032
   2.7477000001316112       -1.0393370896296705E-032
   2.7506000001301234       -7.8542911151056755E-033
   2.7535000001286356       -5.9327210830166893E-033
   2.7564000001271478       -4.4791675894229268E-033
   2.7593000001256600       -3.3801596358808809E-033
   2.7622000001241722       -2.5496097045184290E-033
   2.7651000001226844       -1.9222366906903740E-033
   2.7680000001211966       -1.4485609126970928E-033
   2.7709000001197088       -1.0910972865247071E-033
   2.7738000001182210       -8.2146123931691503E-034
   2.7767000001167332       -6.1816958872026404E-034
   2.7796000001152454       -4.6497031515151467E-034
   2.7825000001137576       -3.4957464276806844E-034
   2.7854000001122698       -2.6269499165777146E-034
   2.7883000001107821       -1.9731536712111720E-034
   2.7912000001092943       -1.4813829581565135E-034
   2.7941000001078065       -1.1116579203028296E-034
   2.7970000001063187       -8.3382026747005335E-035
   2.7999000001048309       -6.2513131682450748E-035
   2.8028000001033431       -4.6845476695687436E-035
   2.8057000001018553       -3.5088252237509243E-035
   2.8086000001003675       -2.6269605207752742E-035
   2.8115000000988797       -1.9658173348282207E-035
   2.8144000000973919       -1.4703835918845902E-035
   2.8173000000959041       -1.0992996154481842E-035
   2.8202000000944163       -8.2148476394684797E-036
   2.8231000000929285       -6.1359388943261799E-036
   2.8260000000914407       -4.5810041165311231E-036
   2.8289000000899529       -3.4185233285284506E-036
   2.8318000000884651       -2.5498503357088788E-036
   2.8347000000869773       -1.9010308941046262E-036
   2.8376000000854895       -1.4166483745098067E-036
   2.8405000000840017       -1.0551967243012862E-036
   2.8434000000825139       -7.8560337420041339E-037
   2.8463000000810261       -5.8461755172275796E-037
   2.8492000000795383       -4.3484955328354665E-037
   2.8521000000780505       -3.2329943056931526E-037
   2.8550000000765627       -2.4025345851922017E-037
   2.8579000000750749       -1.7845684781871268E-037
   2.8608000000735871       -1.3249384733066219E-037
   2.8637000000720993       -9.8323468949388809E-038
   2.8666000000706116       -7.2931932980880738E-038
   2.8695000000691238       -5.4072614514573711E-038
   2.8724000000676360       -4.0071554405537989E-038
   2.8753000000661482       -2.9682074256346601E-038
   2.8782000000646604       -2.1976149682451485E-038
   2.8811000000631726       -1.6263286867547384E-038
   2.8840000000616848       -1.2029967743014279E-038
   2.8869000000601970       -8.8944702372634985E-039
   2.8898000000587092       -6.5731758874112301E-039
   2.8927000000572214       -4.8554560229104084E-039
   2.8956000000557336       -3.5849612105876419E-039
   2.8985000000542458       -2.6456879622900709E-039
   2.9014000000527580       -1.9516078922434006E-039
   2.9043000000512702       -1.4389521537072952E-039
   2.9072000000497824       -1.0604740456196429E-039
   2.9101000000482946       -7.8118464056319565E-040
   2.9130000000468068       -5.7518475606095903E-040
   2.9159000000453190       -4.2331252421131828E-040
   2.9188000000438312       -3.1139741605878504E-040
   2.9217000000423434       -2.2896499220698928E-040
   2.9246000000408556       -1.6827647990043923E-040
   2.9275000000393678       -1.2361696050868881E-040
   2.9304000000378800       -9.0768063427970018E-041
   2.9333000000363922       -6.6617526246383746E-041
   2.9362000000349044       -4.8870233444508159E-041
   2.9391000000334166       -3.5834459782103145E-041
   2.9420000000319289       -2.6263820539214376E-041
   2.9449000000304411       -1.9240466203624191E-041
   2.9478000000289533       -1.4088799335953329E-041
   2.9507000000274655       -1.0311768050250494E-041
   2.9536000000259777       -7.5438510007068251E-042
   2.9565000000244899       -5.5163769854173668E-042
   2.9594000000230021       -4.0319551999967247E-042
   2.9623000000215143       -2.9456316430185143E-042
   2.9652000000200265       -2.1510089032880625E-042
   2.9681000000185387       -1.5700268018964043E-042
   2.9710000000170509       -1.1454418994802527E-042
   2.9739000000155631       -8.3529572443148306E-043
   2.9768000000140753       -6.0884774112482738E-043
   2.9797000000125875       -4.4358662253322816E-043
   2.9826000000110997       -3.2303496707375925E-043
   2.9855000000096119       -2.3513757574323125E-043
   2.9884000000081241       -1.7107872148543760E-043
   2.9913000000066363       -1.2441463406734754E-043
   2.9942000000051485       -9.0437489893720025E-044
   2.9971000000036607       -6.5709346494556420E-044
