  -3.0000000000000000       -7.1187193914766071E-003
  -2.9940000000000033       -7.2874685357811391E-003
  -2.9880000000000067       -7.4598081145204730E-003
  -2.9820000000000100       -7.6358037579423244E-003
  -2.9760000000000133       -7.8155220274982971E-003
  -2.9700000000000166       -7.9990304225713241E-003
  -2.9640000000000200       -8.1863973870853826E-003
  -2.9580000000000233       -8.3776923159919522E-003
  -2.9520000000000266       -8.5729855616279230E-003
  -2.9460000000000299       -8.7723484399392648E-003
  -2.9400000000000333       -8.9758532365647910E-003
  -2.9340000000000366       -9.1835732127742518E-003
  -2.9280000000000399       -9.3955826112551658E-003
  -2.9220000000000432       -9.6119566617419785E-003
  -2.9160000000000466       -9.8327715864820631E-003
  -2.9100000000000499       -1.0058104605532199E-002
  -2.9040000000000532       -1.0288033941879405E-002
  -2.8980000000000565       -1.0522638826379837E-002
  -2.8920000000000599       -1.0761999502509549E-002
  -2.8860000000000632       -1.1006197230920544E-002
  -2.8800000000000665       -1.1255314293795745E-002
  -2.8740000000000698       -1.1509433998996298E-002
  -2.8680000000000732       -1.1768640683994356E-002
  -2.8620000000000765       -1.2033019719584965E-002
  -2.8560000000000798       -1.2302657513370046E-002
  -2.8500000000000831       -1.2577641513007408E-002
  -2.8440000000000865       -1.2858060209218355E-002
  -2.8380000000000898       -1.3144003138546410E-002
  -2.8320000000000931       -1.3435560885860150E-002
  -2.8260000000000964       -1.3732825086593160E-002
  -2.8200000000000998       -1.4035888428713870E-002
  -2.8140000000001031       -1.4344844654417686E-002
  -2.8080000000001064       -1.4659788561534442E-002
  -2.8020000000001097       -1.4980816004643573E-002
  -2.7960000000001131       -1.5308023895889467E-002
  -2.7900000000001164       -1.5641510205489758E-002
  -2.7840000000001197       -1.5981373961928547E-002
  -2.7780000000001230       -1.6327715251827281E-002
  -2.7720000000001264       -1.6680635219485446E-002
  -2.7660000000001297       -1.7040236066083451E-002
  -2.7600000000001330       -1.7406621048539572E-002
  -2.7540000000001363       -1.7779894478013692E-002
  -2.7480000000001397       -1.8160161718049548E-002
  -2.7420000000001430       -1.8547529182347620E-002
  -2.7360000000001463       -1.8942104332160956E-002
  -2.7300000000001496       -1.9343995673305813E-002
  -2.7240000000001530       -1.9753312752778963E-002
  -2.7180000000001563       -2.0170166154974040E-002
  -2.7120000000001596       -2.0594667497488433E-002
  -2.7060000000001629       -2.1026929426512908E-002
  -2.7000000000001663       -2.1467065611795965E-002
  -2.6940000000001696       -2.1915190741174571E-002
  -2.6880000000001729       -2.2371420514663194E-002
  -2.6820000000001762       -2.2835871638093426E-002
  -2.6760000000001796       -2.3308661816295342E-002
  -2.6700000000001829       -2.3789909745813298E-002
  -2.6640000000001862       -2.4279735107147465E-002
  -2.6580000000001895       -2.4778258556513163E-002
  -2.6520000000001929       -2.5285601717109984E-002
  -2.6460000000001962       -2.5801887169892675E-002
  -2.6400000000001995       -2.6327238443835468E-002
  -2.6340000000002028       -2.6861780005682030E-002
  -2.6280000000002062       -2.7405637249173088E-002
  -2.6220000000002095       -2.7958936483743688E-002
  -2.6160000000002128       -2.8521804922681821E-002
  -2.6100000000002161       -2.9094370670741422E-002
  -2.6040000000002195       -2.9676762711200684E-002
  -2.5980000000002228       -3.0269110892359119E-002
  -2.5920000000002261       -3.0871545913464742E-002
  -2.5860000000002294       -3.1484199310064125E-002
  -2.5800000000002328       -3.2107203438767482E-002
  -2.5740000000002361       -3.2740691461421847E-002
  -2.5680000000002394       -3.3384797328683845E-002
  -2.5620000000002427       -3.4039655762985795E-002
  -2.5560000000002461       -3.4705402240886980E-002
  -2.5500000000002494       -3.5382172974803505E-002
  -2.5440000000002527       -3.6070104894109264E-002
  -2.5380000000002561       -3.6769335625601272E-002
  -2.5320000000002594       -3.7480003473322206E-002
  -2.5260000000002627       -3.8202247397733737E-002
  -2.5200000000002660       -3.8936206994233634E-002
  -2.5140000000002694       -3.9682022471010388E-002
  -2.5080000000002727       -4.0439834626228882E-002
  -2.5020000000002760       -4.1209784824540657E-002
  -2.4960000000002793       -4.1992014972913237E-002
  -2.4900000000002827       -4.2786667495771459E-002
  -2.4840000000002860       -4.3593885309446516E-002
  -2.4780000000002893       -4.4413811795925393E-002
  -2.4720000000002926       -4.5246590775896746E-002
  -2.4660000000002960       -4.6092366481086819E-002
  -2.4600000000002993       -4.6951283525880516E-002
  -2.4540000000003026       -4.7823486878223374E-002
  -2.4480000000003059       -4.8709121829798689E-002
  -2.4420000000003093       -4.9608333965475586E-002
  -2.4360000000003126       -5.0521269132024225E-002
  -2.4300000000003159       -5.1448073406092990E-002
  -2.4240000000003192       -5.2388893061444820E-002
  -2.4180000000003226       -5.3343874535448040E-002
  -2.4120000000003259       -5.4313164394818592E-002
  -2.4060000000003292       -5.5296909300610993E-002
  -2.4000000000003325       -5.6295255972453634E-002
  -2.3940000000003359       -5.7308351152027120E-002
  -2.3880000000003392       -5.8336341565782615E-002
  -2.3820000000003425       -5.9379373886897110E-002
  -2.3760000000003458       -6.0437594696465466E-002
  -2.3700000000003492       -6.1511150443925661E-002
  -2.3640000000003525       -6.2600187406717120E-002
  -2.3580000000003558       -6.3704851649170322E-002
  -2.3520000000003591       -6.4825288980627394E-002
  -2.3460000000003625       -6.5961644912792258E-002
  -2.3400000000003658       -6.7114064616311364E-002
  -2.3340000000003691       -6.8282692876583936E-002
  -2.3280000000003724       -6.9467674048802774E-002
  -2.3220000000003758       -7.0669152012226399E-002
  -2.3160000000003791       -7.1887270123682928E-002
  -2.3100000000003824       -7.3122171170308004E-002
  -2.3040000000003857       -7.4373997321517588E-002
  -2.2980000000003891       -7.5642890080218766E-002
  -2.2920000000003924       -7.6928990233259734E-002
  -2.2860000000003957       -7.8232437801123045E-002
  -2.2800000000003990       -7.9553371986864366E-002
  -2.2740000000004024       -8.0891931124300501E-002
  -2.2680000000004057       -8.2248252625451129E-002
  -2.2620000000004090       -8.3622472927237804E-002
  -2.2560000000004123       -8.5014727437445481E-002
  -2.2500000000004157       -8.6425150479951182E-002
  -2.2440000000004190       -8.7853875239225901E-002
  -2.2380000000004223       -8.9301033704115046E-002
  -2.2320000000004256       -9.0766756610903748E-002
  -2.2260000000004290       -9.2251173385674790E-002
  -2.2200000000004323       -9.3754412085964620E-002
  -2.2140000000004356       -9.5276599341726234E-002
  -2.2080000000004389       -9.6817860295606975E-002
  -2.2020000000004423       -9.8378318542548290E-002
  -2.1960000000004456       -9.9958096068718555E-002
  -2.1900000000004489      -0.10155731318978599     
  -2.1840000000004522      -0.10317608848854329     
  -2.1780000000004556      -0.10481453875189262     
  -2.1720000000004589      -0.10647277890720298     
  -2.1660000000004622      -0.10815092195805037     
  -2.1600000000004655      -0.10984907891935203     
  -2.1540000000004689      -0.11156735875190797     
  -2.1480000000004722      -0.11330586829636066     
  -2.1420000000004755      -0.11506471220658762     
  -2.1360000000004788      -0.11684399288253910     
  -2.1300000000004822      -0.11864381040253533     
  -2.1240000000004855      -0.12046426245503720     
  -2.1180000000004888      -0.12230544426990683     
  -2.1120000000004922      -0.12416744854917117     
  -2.1060000000004955      -0.12605036539730588     
  -2.1000000000004988      -0.12795428225105657     
  -2.0940000000005021      -0.12987928380881153     
  -2.0880000000005055      -0.13182545195954667     
  -2.0820000000005088      -0.13379286571135757     
  -2.0760000000005121      -0.13578160111959950     
  -2.0700000000005154      -0.13779173121465138     
  -2.0640000000005188      -0.13982332592932575     
  -2.0580000000005221      -0.14187645202594262     
  -2.0520000000005254      -0.14395117302308855     
  -2.0460000000005287      -0.14604754912208068     
  -2.0400000000005321      -0.14816563713315825     
  -2.0340000000005354      -0.15030549040142199     
  -2.0280000000005387      -0.15246715873254502     
  -2.0220000000005420      -0.15465068831827614     
  -2.0160000000005454      -0.15685612166176083     
  -2.0100000000005487      -0.15908349750270151     
  -2.0040000000005520      -0.16133285074238313     
  -1.9980000000005553      -0.16360421236858677     
  -1.9920000000005587      -0.16589760938041856     
  -1.9860000000005620      -0.16821306471307665     
  -1.9800000000005653      -0.17055059716258525     
  -1.9740000000005686      -0.17291022131051975     
  -1.9680000000005720      -0.17529194744875204     
  -1.9620000000005753      -0.17769578150423990     
  -1.9560000000005786      -0.18012172496389370     
  -1.9500000000005819      -0.18256977479954278     
  -1.9440000000005853      -0.18503992339303466     
  -1.9380000000005886      -0.18753215846149326     
  -1.9320000000005919      -0.19004646298276839     
  -1.9260000000005952      -0.19258281512110337     
  -1.9200000000005986      -0.19514118815305351     
  -1.9140000000006019      -0.19772155039368564     
  -1.9080000000006052      -0.20032386512308900     
  -1.9020000000006085      -0.20294809051323018     
  -1.8960000000006119      -0.20559417955518303     
  -1.8900000000006152      -0.20826207998676660     
  -1.8840000000006185      -0.21095173422062299     
  -1.8780000000006218      -0.21366307927276978     
  -1.8720000000006252      -0.21639604669165702     
  -1.8660000000006285      -0.21915056248776682     
  -1.8600000000006318      -0.22192654706378540     
  -1.8540000000006351      -0.22472391514538473     
  -1.8480000000006385      -0.22754257571264749     
  -1.8420000000006418      -0.23038243193216931     
  -1.8360000000006451      -0.23324338108987505     
  -1.8300000000006484      -0.23612531452458321     
  -1.8240000000006518      -0.23902811756235465     
  -1.8180000000006551      -0.24195166945166249     
  -1.8120000000006584      -0.24489584329941677     
  -1.8060000000006617      -0.24786050600788331     
  -1.8000000000006651      -0.25084551821253093     
  -1.7940000000006684      -0.25385073422084542     
  -1.7880000000006717      -0.25687600195214594     
  -1.7820000000006750      -0.25992116287844125     
  -1.7760000000006784      -0.26298605196636421     
  -1.7700000000006817      -0.26607049762021967     
  -1.7640000000006850      -0.26917432162618549     
  -1.7580000000006883      -0.27229733909770132     
  -1.7520000000006917      -0.27543935842208789     
  -1.7460000000006950      -0.27860018120842772     
  -1.7400000000006983      -0.28177960223675036     
  -1.7340000000007016      -0.28497740940855826     
  -1.7280000000007050      -0.28819338369873060     
  -1.7220000000007083      -0.29142729910884241     
  -1.7160000000007116      -0.29467892262193918     
  -1.7100000000007149      -0.29794801415880140     
  -1.7040000000007183      -0.30123432653574000     
  -1.6980000000007216      -0.30453760542395797     
  -1.6920000000007249      -0.30785758931051532     
  -1.6860000000007282      -0.31119400946093895     
  -1.6800000000007316      -0.31454658988350825     
  -1.6740000000007349      -0.31791504729525921     
  -1.6680000000007382      -0.32129909108974186     
  -1.6620000000007416      -0.32469842330656590     
  -1.6560000000007449      -0.32811273860277557     
  -1.6500000000007482      -0.33154172422608574     
  -1.6440000000007515      -0.33498505999001765     
  -1.6380000000007549      -0.33844241825096949     
  -1.6320000000007582      -0.34191346388725846     
  -1.6260000000007615      -0.34539785428016717     
  -1.6200000000007648      -0.34889523929703220     
  -1.6140000000007682      -0.35240526127640692     
  -1.6080000000007715      -0.35592755501533424     
  -1.6020000000007748      -0.35946174775876250     
  -1.5960000000007781      -0.36300745919113858     
  -1.5900000000007815      -0.36656430143021079     
  -1.5840000000007848      -0.37013187902307254     
  -1.5780000000007881      -0.37370978894448242     
  -1.5720000000007914      -0.37729762059748878     
  -1.5660000000007948      -0.38089495581639149     
  -1.5600000000007981      -0.38450136887207093     
  -1.5540000000008014      -0.38811642647971517     
  -1.5480000000008047      -0.39173968780897195     
  -1.5420000000008081      -0.39537070449655876     
  -1.5360000000008114      -0.39900902066135363     
  -1.5300000000008147      -0.40265417292199945     
  -1.5240000000008180      -0.40630569041704417     
  -1.5180000000008214      -0.40996309482764631     
  -1.5120000000008247      -0.41362590040286951     
  -1.5060000000008280      -0.41729361398759118     
  -1.5000000000008313      -0.42096573505304846     
  -1.4940000000008347      -0.42464175573004787     
  -1.4880000000008380      -0.42832116084485483     
  -1.4820000000008413      -0.43200342795779184     
  -1.4760000000008446      -0.43568802740456070     
  -1.4700000000008480      -0.43937442234031099     
  -1.4640000000008513      -0.44306206878647358     
  -1.4580000000008546      -0.44675041568037727     
  -1.4520000000008579      -0.45043890492766447     
  -1.4460000000008613      -0.45412697145752490     
  -1.4400000000008646      -0.45781404328076014     
  -1.4340000000008679      -0.46149954155069423     
  -1.4280000000008712      -0.46518288062694418     
  -1.4220000000008746      -0.46886346814206220     
  -1.4160000000008779      -0.47254070507106116     
  -1.4100000000008812      -0.47621398580383312     
  -1.4040000000008845      -0.47988269822047164     
  -1.3980000000008879      -0.48354622376950351     
  -1.3920000000008912      -0.48720393754903940     
  -1.3860000000008945      -0.49085520839084895     
  -1.3800000000008978      -0.49449939894736245     
  -1.3740000000009012      -0.49813586578160801     
  -1.3680000000009045      -0.50176395946007990     
  -1.3620000000009078      -0.50538302464854723     
  -1.3560000000009111      -0.50899240021079584     
  -1.3500000000009145      -0.51259141931030727     
  -1.3440000000009178      -0.51617940951487085     
  -1.3380000000009211      -0.51975569290412404     
  -1.3320000000009244      -0.52331958618002028     
  -1.3260000000009278      -0.52687040078021297     
  -1.3200000000009311      -0.53040744299435383     
  -1.3140000000009344      -0.53393001408329244     
  -1.3080000000009377      -0.53743741040117099     
  -1.3020000000009411      -0.54092892352039967     
  -1.2960000000009444      -0.54440384035950418     
  -1.2900000000009477      -0.54786144331382647     
  -1.2840000000009510      -0.55130101038907042     
  -1.2780000000009544      -0.55472181533766940     
  -1.2720000000009577      -0.55812312779796258     
  -1.2660000000009610      -0.56150421343615842     
  -1.2600000000009643      -0.56486433409106707     
  -1.2540000000009677      -0.56820274792157766     
  -1.2480000000009710      -0.57151870955685913     
  -1.2420000000009743      -0.57481147024925872     
  -1.2360000000009776      -0.57808027802987405     
  -1.2300000000009810      -0.58132437786676971     
  -1.2240000000009843      -0.58454301182581103     
  -1.2180000000009876      -0.58773541923408457     
  -1.2120000000009910      -0.59090083684587302     
  -1.2060000000009943      -0.59403849901115580     
  -1.2000000000009976      -0.59714763784659408     
  -1.1940000000010009      -0.60022748340897281     
  -1.1880000000010043      -0.60327726387105651     
  -1.1820000000010076      -0.60629620569982512     
  -1.1760000000010109      -0.60928353383704681     
  -1.1700000000010142      -0.61223847188214964     
  -1.1640000000010176      -0.61516024227734811     
  -1.1580000000010209      -0.61804806649498167     
  -1.1520000000010242      -0.62090116522701966     
  -1.1460000000010275      -0.62371875857668735     
  -1.1400000000010309      -0.62650006625216470     
  -1.1340000000010342      -0.62924430776230811     
  -1.1280000000010375      -0.63195070261434760     
  -1.1220000000010408      -0.63461847051350428     
  -1.1160000000010442      -0.63724683156447814     
  -1.1100000000010475      -0.63983500647475111     
  -1.1040000000010508      -0.64238221675964879     
  -1.0980000000010541      -0.64488768494910576     
  -1.0920000000010575      -0.64735063479607780     
  -1.0860000000010608      -0.64977029148653653     
  -1.0800000000010641      -0.65214588185099420     
  -1.0740000000010674      -0.65447663457748928     
  -1.0680000000010708      -0.65676178042597599     
  -1.0620000000010741      -0.65900055244405042     
  -1.0560000000010774      -0.66119218618395081     
  -1.0500000000010807      -0.66333591992076291     
  -1.0440000000010841      -0.66543099487176749     
  -1.0380000000010874      -0.66747665541685675     
  -1.0320000000010907      -0.66947214931995480     
  -1.0260000000010940      -0.67141672795136953     
  -1.0200000000010974      -0.67330964651100433     
  -1.0140000000011007      -0.67515016425235941     
  -1.0080000000011040      -0.67693754470724676     
  -1.0020000000011073      -0.67867105591114663     
 -0.99600000000111066      -0.68034997062912983     
 -0.99000000000111399      -0.68197356658226993     
 -0.98400000000111731      -0.68354112667446687     
 -0.97800000000112064      -0.68505193921960794     
 -0.97200000000112396      -0.68650529816898376     
 -0.96600000000112729      -0.68790050333888297     
 -0.96000000000113062      -0.68923686063828427     
 -0.95400000000113394      -0.69051368229656451     
 -0.94800000000113727      -0.69173028709114315     
 -0.94200000000114059      -0.69288600057498095     
 -0.93600000000114392      -0.69398015530384816     
 -0.93000000000114724      -0.69501209106328177     
 -0.92400000000115057      -0.69598115509514569     
 -0.91800000000115389      -0.69688670232371219     
 -0.91200000000115722      -0.69772809558117843     
 -0.90600000000116054      -0.69850470583253021     
 -0.90000000000116387      -0.69921591239967529     
 -0.89400000000116719      -0.69986110318475014     
 -0.88800000000117052      -0.70043967489252312     
 -0.88200000000117385      -0.70095103325179997     
 -0.87600000000117717      -0.70139459323575204     
 -0.87000000000118050      -0.70176977928107231     
 -0.86400000000118382      -0.70207602550587977     
 -0.85800000000118715      -0.70231277592627950     
 -0.85200000000119047      -0.70247948467149290     
 -0.84600000000119380      -0.70257561619747089     
 -0.84000000000119712      -0.70260064549890122     
 -0.83400000000120045      -0.70255405831952400     
 -0.82800000000120377      -0.70243535136066748     
 -0.82200000000120710      -0.70224403248791556     
 -0.81600000000121042      -0.70197962093582134     
 -0.81000000000121375      -0.70164164751057834     
 -0.80400000000121707      -0.70122965479056487     
 -0.79800000000122040      -0.70074319732467083     
 -0.79200000000122373      -0.70018184182832699     
 -0.78600000000122705      -0.69954516737714234     
 -0.78000000000123038      -0.69883276559807284     
 -0.77400000000123370      -0.69804424085803141     
 -0.76800000000123703      -0.69717921044985320     
 -0.76200000000124035      -0.69623730477553747     
 -0.75600000000124368      -0.69521816752667820     
 -0.75000000000124700      -0.69412145586200069     
 -0.74400000000125033      -0.69294684058192457     
 -0.73800000000125365      -0.69169400630006916     
 -0.73200000000125698      -0.69036265161161992     
 -0.72600000000126030      -0.68895248925847896     
 -0.72000000000126363      -0.68746324629111721     
 -0.71400000000126695      -0.68589466422704937     
 -0.70800000000127028      -0.68424649920585856     
 -0.70200000000127361      -0.68251852214068764     
 -0.69600000000127693      -0.68071051886612766     
 -0.69000000000128026      -0.67882229028242291     
 -0.68400000000128358      -0.67685365249592522     
 -0.67800000000128691      -0.67480443695571812     
 -0.67200000000129023      -0.67267449058634654     
 -0.66600000000129356      -0.67046367591657507     
 -0.66000000000129688      -0.66817187120411148     
 -0.65400000000130021      -0.66579897055622317     
 -0.64800000000130353      -0.66334488404618408     
 -0.64200000000130686      -0.66080953782548379     
 -0.63600000000131018      -0.65819287423173634     
 -0.63000000000131351      -0.65549485189222645     
 -0.62400000000131683      -0.65271544582303209     
 -0.61800000000132016      -0.64985464752366351     
 -0.61200000000132349      -0.64691246506716149     
 -0.60600000000132681      -0.64388892318559798     
 -0.60000000000133014      -0.64078406335092353     
 -0.59400000000133346      -0.63759794385111090     
 -0.58800000000133679      -0.63433063986153893     
 -0.58200000000134011      -0.63098224351157151     
 -0.57600000000134344      -0.62755286394628051     
 -0.57000000000134676      -0.62404262738326532     
 -0.56400000000135009      -0.62045167716452931     
 -0.55800000000135341      -0.61678017380336303     
 -0.55200000000135674      -0.61302829502620060     
 -0.54600000000136006      -0.60919623580940274     
 -0.54000000000136339      -0.60528420841093677     
 -0.53400000000136671      -0.60129244239691082     
 -0.52800000000137004      -0.59722118466293417     
 -0.52200000000137337      -0.59307069945026913     
 -0.51600000000137669      -0.58884126835674666     
 -0.51000000000138002      -0.58453319034241691     
 -0.50400000000138334      -0.58014678172991030     
 -0.49800000000138661      -0.57568237619948415     
 -0.49200000000138988      -0.57114032477873555     
 -0.48600000000139315      -0.56652099582695892     
 -0.48000000000139642      -0.56182477501413275     
 -0.47400000000139969      -0.55705206529451934     
 -0.46800000000140296      -0.55220328687486542     
 -0.46200000000140623      -0.54727887717719204     
 -0.45600000000140950      -0.54227929079616533     
 -0.45000000000141277      -0.53720499945104250     
 -0.44400000000141604      -0.53205649193218685     
 -0.43800000000141931      -0.52683427404215188     
 -0.43200000000142258      -0.52153886853133347     
 -0.42600000000142585      -0.51617081502819184     
 -0.42000000000142912      -0.51073066996404992     
 -0.41400000000143239      -0.50521900649247242     
 -0.40800000000143566      -0.49963641440323669     
 -0.40200000000143893      -0.49398350003090497     
 -0.39600000000144220      -0.48826088615801316     
 -0.39000000000144547      -0.48246921191289049     
 -0.38400000000144874      -0.47660913266212934     
 -0.37800000000145201      -0.47068131989772305     
 -0.37200000000145528      -0.46468646111889822     
 -0.36600000000145855      -0.45862525970866214     
 -0.36000000000146182      -0.45249843480509494     
 -0.35400000000146509      -0.44630672116741432     
 -0.34800000000146836      -0.44005086903684482     
 -0.34200000000147163      -0.43373164399232572     
 -0.33600000000147490      -0.42734982680109185     
 -0.33000000000147817      -0.42090621326416700     
 -0.32400000000148144      -0.41440161405680964     
 -0.31800000000148471      -0.40783685456395308     
 -0.31200000000148798      -0.40121277471068406     
 -0.30600000000149125      -0.39453022878780819     
 -0.30000000000149452      -0.38779008527254993     
 -0.29400000000149779      -0.38099322664443741     
 -0.28800000000150106      -0.37414054919642692     
 -0.28200000000150433      -0.36723296284132062     
 -0.27600000000150759      -0.36027139091353610     
 -0.27000000000151086      -0.35325676996628463     
 -0.26400000000151413      -0.34619004956422283     
 -0.25800000000151740      -0.33907219207163808     
 -0.25200000000152067      -0.33190417243623388     
 -0.24600000000152394      -0.32468697796858265     
 -0.24000000000152721      -0.31742160811731468     
 -0.23400000000153048      -0.31010907424011469     
 -0.22800000000153375      -0.30275039937059739     
 -0.22200000000153702      -0.29534661798113854     
 -0.21600000000154029      -0.28789877574173722     
 -0.21000000000154356      -0.28040792927498687     
 -0.20400000000154683      -0.27287514590723588     
 -0.19800000000155010      -0.26530150341601977     
 -0.19200000000155337      -0.25768808977384655     
 -0.18600000000155664      -0.25003600288842287     
 -0.18000000000155991      -0.24234635033940469     
 -0.17400000000156318      -0.23462024911176244     
 -0.16800000000156645      -0.22685882532585058     
 -0.16200000000156972      -0.21906321396427109     
 -0.15600000000157299      -0.21123455859562462     
 -0.15000000000157626      -0.20337401109524339     
 -0.14400000000157953      -0.19548273136300059     
 -0.13800000000158280      -0.18756188703829296     
 -0.13200000000158607      -0.17961265321229580     
 -0.12600000000158934      -0.17163621213758734     
 -0.12000000000159261      -0.16363375293524507     
 -0.11400000000159588      -0.15560647129951422     
 -0.10800000000159915      -0.14755556920015162     
 -0.10200000000160242      -0.13948225458254820     
  -9.6000000001605690E-002 -0.13138774106573559     
  -9.0000000001608960E-002 -0.12327324763838139     
  -8.4000000001612229E-002 -0.11513999835288090     
  -7.8000000001615499E-002 -0.10698922201765185     
  -7.2000000001618769E-002  -9.8822151887740933E-002
  -6.6000000001622039E-002  -9.0640025353850864E-002
  -6.0000000001625316E-002  -8.2444083629898010E-002
  -5.4000000001628592E-002  -7.4235571439210807E-002
  -4.8000000001631869E-002  -6.6015736699480299E-002
  -4.2000000001635146E-002  -5.7785830206573831E-002
  -3.6000000001638423E-002  -4.9547105317325250E-002
  -3.0000000001641696E-002  -4.1300817631412627E-002
  -2.4000000001644969E-002  -3.3048224672437933E-002
  -1.8000000001648243E-002  -2.4790585568321293E-002
  -1.2000000001651516E-002  -1.6529160731123805E-002
  -6.0000000016547901E-003  -8.2652115364129329E-003
  -1.6580643108499160E-012  -2.2844744459101856E-012
   5.9999999983386615E-003   8.2652115318443322E-003
   1.1999999998335387E-002   1.6529160726556250E-002
   1.7999999998332114E-002   2.4790585563755477E-002
   2.3999999998328841E-002   3.3048224667874576E-002
   2.9999999998325567E-002   4.1300817626852407E-002
   3.5999999998322291E-002   4.9547105312768853E-002
   4.1999999998319014E-002   5.7785830202021972E-002
   4.7999999998315737E-002   6.6015736694933616E-002
   5.3999999998312460E-002   7.4235571434670092E-002
   5.9999999998309184E-002   8.2444083625363915E-002
   6.5999999998305914E-002   9.0640025349324069E-002
   7.1999999998302644E-002   9.8822151883222104E-002
   7.7999999998299374E-002  0.10698922201314168     
   8.3999999998296104E-002  0.11513999834838007     
   8.9999999998292834E-002  0.12327324763389060     
   9.5999999998289565E-002  0.13138774106125550     
  0.10199999999828629       0.13948225457807953     
  0.10799999999828302       0.14755556919569493     
  0.11399999999827976       0.15560647129507024     
  0.11999999999827649       0.16363375293081445     
  0.12599999999827322       0.17163621213317076     
  0.13199999999826995       0.17961265320789399     
  0.13799999999826668       0.18756188703390655     
  0.14399999999826341       0.19548273135863015     
  0.14999999999826014       0.20337401109088971     
  0.15599999999825687       0.21123455859128820     
  0.16199999999825360       0.21906321395995265     
  0.16799999999825033       0.22685882532155072     
  0.17399999999824706       0.23462024910748178     
  0.17999999999824379       0.24234635033514387     
  0.18599999999824052       0.25003600288418265     
  0.19199999999823725       0.25768808976962732     
  0.19799999999823398       0.26530150341182213     
  0.20399999999823071       0.27287514590306056     
  0.20999999999822744       0.28040792927083436     
  0.21599999999822417       0.28789877573760819     
  0.22199999999822090       0.29534661797703365     
  0.22799999999821763       0.30275039936651710     
  0.23399999999821436       0.31010907423605960     
  0.23999999999821109       0.31742160811328546     
  0.24599999999820782       0.32468697796457968     
  0.25199999999820455       0.33190417243225789     
  0.25799999999820128       0.33907219206768963     
  0.26399999999819801       0.34619004956030242     
  0.26999999999819474       0.35325676996239264     
  0.27599999999819147       0.36027139090967319     
  0.28199999999818820       0.36723296283748735     
  0.28799999999818493       0.37414054919262374     
  0.29399999999818166       0.38099322664066476     
  0.29999999999817839       0.38779008526880843     
  0.30599999999817512       0.39453022878409838     
  0.31199999999817185       0.40121277470700623     
  0.31799999999816858       0.40783685456030783     
  0.32399999999816531       0.41440161405319753     
  0.32999999999816204       0.42090621326058830     
  0.33599999999815877       0.42734982679754707     
  0.34199999999815550       0.43373164398881542     
  0.34799999999815223       0.44005086903336943     
  0.35399999999814896       0.44630672116397413     
  0.35999999999814569       0.45249843480169039     
  0.36599999999814242       0.45862525970529372     
  0.37199999999813915       0.46468646111556616     
  0.37799999999813588       0.47068131989442785     
  0.38399999999813261       0.47660913265887134     
  0.38999999999812934       0.48246921190967035     
  0.39599999999812607       0.48826088615483082     
  0.40199999999812280       0.49398350002776098     
  0.40799999999811953       0.49963641440013151     
  0.41399999999811626       0.50521900648940632     
  0.41999999999811299       0.51073066996102312     
  0.42599999999810972       0.51617081502520479     
  0.43199999999810645       0.52153886852838638     
  0.43799999999810318       0.52683427403924510     
  0.44399999999809991       0.53205649192932081     
  0.44999999999809664       0.53720499944821731     
  0.45599999999809337       0.54227929079338144     
  0.46199999999809011       0.54727887717444945     
  0.46799999999808684       0.55220328687216469     
  0.47399999999808357       0.55705206529186047     
  0.47999999999808030       0.56182477501151595     
  0.48599999999807703       0.56652099582438453     
  0.49199999999807376       0.57114032477620391     
  0.49799999999807049       0.57568237619699525     
  0.50399999999806722       0.58014678172746437     
  0.50999999999806389       0.58453319034001416     
  0.51599999999806057       0.58884126835438733     
  0.52199999999805724       0.59307069944795354     
  0.52799999999805391       0.59722118466066232     
  0.53399999999805059       0.60129244239468294     
  0.53999999999804726       0.60528420840875286     
  0.54599999999804394       0.60919623580726301     
  0.55199999999804061       0.61302829502410494     
  0.55799999999803729       0.61678017380131200     
  0.56399999999803396       0.62045167716252247     
  0.56999999999803064       0.62404262738130334     
  0.57599999999802731       0.62755286394436294     
  0.58199999999802399       0.63098224350969878     
  0.58799999999802066       0.63433063985971094     
  0.59399999999801734       0.63759794384932766     
  0.59999999999801401       0.64078406334918536     
  0.60599999999801069       0.64388892318390456     
  0.61199999999800736       0.64691246506551314     
  0.61799999999800403       0.64985464752206012     
  0.62399999999800071       0.65271544582147378     
  0.62999999999799738       0.65549485189071310     
  0.63599999999799406       0.65819287423026795     
  0.64199999999799073       0.66080953782406027     
  0.64799999999798741       0.66334488404480552     
  0.65399999999798408       0.66579897055488957     
  0.65999999999798076       0.66817187120282273     
  0.66599999999797743       0.67046367591533140     
  0.67199999999797411       0.67267449058514750     
  0.67799999999797078       0.67480443695456371     
  0.68399999999796746       0.67685365249481522     
  0.68999999999796413       0.67882229028135754     
  0.69599999999796081       0.68071051886510647     
  0.70199999999795748       0.68251852213971098     
  0.70799999999795415       0.68424649920492597     
  0.71399999999795083       0.68589466422616097     
  0.71999999999794750       0.68746324629027267     
  0.72599999999794418       0.68895248925767827     
  0.73199999999794085       0.69036265161086285     
  0.73799999999793753       0.69169400629935540     
  0.74399999999793420       0.69294684058125422     
  0.74999999999793088       0.69412145586137330     
  0.75599999999792755       0.69521816752609389     
  0.76199999999792423       0.69623730477499612     
  0.76799999999792090       0.69717921044935449     
  0.77399999999791758       0.69804424085757488     
  0.77999999999791425       0.69883276559765861     
  0.78599999999791093       0.69954516737676997     
  0.79199999999790760       0.70018184182799648     
  0.79799999999790427       0.70074319732438195     
  0.80399999999790095       0.70122965479031707     
  0.80999999999789762       0.70164164751037195     
  0.81599999999789430       0.70197962093565558     
  0.82199999999789097       0.70224403248779044     
  0.82799999999788765       0.70243535136058244     
  0.83399999999788432       0.70255405831947915     
  0.83999999999788100       0.70260064549889589     
  0.84599999999787767       0.70257561619750508     
  0.85199999999787435       0.70247948467156629     
  0.85799999999787102       0.70231277592639185     
  0.86399999999786770       0.70207602550603065     
  0.86999999999786437       0.70176977928126139     
  0.87599999999786105       0.70139459323597886     
  0.88199999999785772       0.70095103325206454     
  0.88799999999785439       0.70043967489282499     
  0.89399999999785107       0.69986110318508910     
  0.89999999999784774       0.69921591240005077     
  0.90599999999784442       0.69850470583294211     
  0.91199999999784109       0.69772809558162618     
  0.91799999999783777       0.69688670232419592     
  0.92399999999783444       0.69598115509566438     
  0.92999999999783112       0.69501209106383532     
  0.93599999999782779       0.69398015530443646     
  0.94199999999782447       0.69288600057560334     
  0.94799999999782114       0.69173028709179951     
  0.95399999999781782       0.69051368229725396     
  0.95999999999781449       0.68923686063900713     
  0.96599999999781117       0.68790050333963859     
  0.97199999999780784       0.68650529816977168     
  0.97799999999780451       0.68505193922042762     
  0.98399999999780119       0.68354112667531841     
  0.98999999999779786       0.68197356658315278     
  0.99599999999779454       0.68034997063004343     
   1.0019999999977913       0.67867105591209032     
   1.0079999999977880       0.67693754470822054     
   1.0139999999977847       0.67515016425336294     
   1.0199999999977813       0.67330964651203684     
   1.0259999999977780       0.67141672795243090     
   1.0319999999977747       0.66947214932104426     
   1.0379999999977714       0.66747665541797430     
   1.0439999999977680       0.66543099487291257     
   1.0499999999977647       0.66333591992193497     
   1.0559999999977614       0.66119218618514941     
   1.0619999999977581       0.65900055244527556     
   1.0679999999977547       0.65676178042722688     
   1.0739999999977514       0.65447663457876548     
   1.0799999999977481       0.65214588185229538     
   1.0859999999977448       0.64977029148786236     
   1.0919999999977414       0.64735063479742783     
   1.0979999999977381       0.64488768495047954     
   1.1039999999977348       0.64238221676104579     
   1.1099999999977315       0.63983500647617086     
   1.1159999999977281       0.63724683156592044     
   1.1219999999977248       0.63461847051496856     
   1.1279999999977215       0.63195070261583342     
   1.1339999999977182       0.62924430776381490     
   1.1399999999977148       0.62650006625369226     
   1.1459999999977115       0.62371875857823522     
   1.1519999999977082       0.62090116522858740     
   1.1579999999977049       0.61804806649656863     
   1.1639999999977015       0.61516024227895427     
   1.1699999999976982       0.61223847188377434     
   1.1759999999976949       0.60928353383868961     
   1.1819999999976916       0.60629620570148557     
   1.1879999999976882       0.60327726387273428     
   1.1939999999976849       0.60022748341066723     
   1.1999999999976816       0.59714763784830505     
   1.2059999999976783       0.59403849901288275     
   1.2119999999976749       0.59090083684761552     
   1.2179999999976716       0.58773541923584183     
   1.2239999999976683       0.58454301182758328     
   1.2299999999976650       0.58132437786855617     
   1.2359999999976616       0.57808027803167428     
   1.2419999999976583       0.57481147025107238     
   1.2479999999976550       0.57151870955868578     
   1.2539999999976517       0.56820274792341707     
   1.2599999999976483       0.56486433409291859     
   1.2659999999976450       0.56150421343802182     
   1.2719999999976417       0.55812312779983730     
   1.2779999999976384       0.55472181533955511     
   1.2839999999976350       0.55130101039096668     
   1.2899999999976317       0.54786144331573283     
   1.2959999999976284       0.54440384036142042     
   1.3019999999976251       0.54092892352232547     
   1.3079999999976217       0.53743741040310555     
   1.3139999999976184       0.53393001408523544     
   1.3199999999976151       0.53040744299630516     
   1.3259999999976118       0.52687040078217207     
   1.3319999999976084       0.52331958618198682     
   1.3379999999976051       0.51975569290609769     
   1.3439999999976018       0.51617940951685104     
   1.3499999999975985       0.51259141931229379     
   1.3559999999975951       0.50899240021278824     
   1.3619999999975918       0.50538302465054519     
   1.3679999999975885       0.50176395946208308     
   1.3739999999975852       0.49813586578361596     
   1.3799999999975818       0.49449939894937506     
   1.3859999999975785       0.49085520839286551     
   1.3919999999975752       0.48720393755105973     
   1.3979999999975719       0.48354622377152706     
   1.4039999999975685       0.47988269822249824     
   1.4099999999975652       0.47621398580586261     
   1.4159999999975619       0.47254070507309293     
   1.4219999999975586       0.46886346814409591     
   1.4279999999975552       0.46518288062897956     
   1.4339999999975519       0.46149954155273093     
   1.4399999999975486       0.45781404328279796     
   1.4459999999975452       0.45412697145956343     
   1.4519999999975419       0.45043890492970340     
   1.4579999999975386       0.44675041568241625     
   1.4639999999975353       0.44306206878851229     
   1.4699999999975319       0.43937442234234914     
   1.4759999999975286       0.43568802740659784     
   1.4819999999975253       0.43200342795982805     
   1.4879999999975220       0.42832116084688959     
   1.4939999999975186       0.42464175573208091     
   1.4999999999975153       0.42096573505507956     
   1.5059999999975120       0.41729361398961989     
   1.5119999999975087       0.41362590040489566     
   1.5179999999975053       0.40996309482966969     
   1.5239999999975020       0.40630569041906422     
   1.5299999999974987       0.40265417292401628     
   1.5359999999974954       0.39900902066336691     
   1.5419999999974920       0.39537070449856804     
   1.5479999999974887       0.39173968781097701     
   1.5539999999974854       0.38811642648171563     
   1.5599999999974821       0.38450136887406677     
   1.5659999999974787       0.38089495581838245     
   1.5719999999974754       0.37729762059947464     
   1.5779999999974721       0.37370978894646290     
   1.5839999999974688       0.37013187902504729     
   1.5899999999974654       0.36656430143217983     
   1.5959999999974621       0.36300745919310173     
   1.6019999999974588       0.35946174776071921     
   1.6079999999974555       0.35592755501728468     
   1.6139999999974521       0.35240526127835087     
   1.6199999999974488       0.34889523929896915     
   1.6259999999974455       0.34539785428209696     
   1.6319999999974422       0.34191346388918087     
   1.6379999999974388       0.33844241825288451     
   1.6439999999974355       0.33498505999192507     
   1.6499999999974322       0.33154172422798539     
   1.6559999999974289       0.32811273860466716     
   1.6619999999974255       0.32469842330844917     
   1.6679999999974222       0.32129909109161664     
   1.6739999999974189       0.31791504729712561     
   1.6799999999974156       0.31454658988536577     
   1.6859999999974122       0.31119400946278791     
   1.6919999999974089       0.30785758931235524     
   1.6979999999974056       0.30453760542578867     
   1.7039999999974023       0.30123432653756149     
   1.7099999999973989       0.29794801416061334     
   1.7159999999973956       0.29467892262374151     
   1.7219999999973923       0.29142729911063509     
   1.7279999999973890       0.28819338370051334     
   1.7339999999973856       0.28497740941033117     
   1.7399999999973823       0.28177960223851306     
   1.7459999999973790       0.27860018121018015     
   1.7519999999973757       0.27543935842383011     
   1.7579999999973723       0.27229733909943310     
   1.7639999999973690       0.26917432162790650     
   1.7699999999973657       0.26607049762193025     
   1.7759999999973624       0.26298605196806385     
   1.7819999999973590       0.25992116288013001     
   1.7879999999973557       0.25687600195382387     
   1.7939999999973524       0.25385073422251231     
   1.7999999999973491       0.25084551821418655     
   1.8059999999973457       0.24786050600952778     
   1.8119999999973424       0.24489584330104994     
   1.8179999999973391       0.24195166945328436     
   1.8239999999973358       0.23902811756396508     
   1.8299999999973324       0.23612531452618205     
   1.8359999999973291       0.23324338109146250     
   1.8419999999973258       0.23038243193374514     
   1.8479999999973225       0.22754257571421158     
   1.8539999999973191       0.22472391514693701     
   1.8599999999973158       0.22192654706532591     
   1.8659999999973125       0.21915056248929557     
   1.8719999999973091       0.21639604669317383     
   1.8779999999973058       0.21366307927427447     
   1.8839999999973025       0.21095173422211586     
   1.8899999999972992       0.20826207998824736     
   1.8959999999972958       0.20559417955665188     
   1.9019999999972925       0.20294809051468699     
   1.9079999999972892       0.20032386512453373     
   1.9139999999972859       0.19772155039511818     
   1.9199999999972825       0.19514118815447384     
   1.9259999999972792       0.19258281512251157     
   1.9319999999972759       0.19004646298416450     
   1.9379999999972726       0.18753215846287710     
   1.9439999999972692       0.18503992339440625     
   1.9499999999972659       0.18256977480090231     
   1.9559999999972626       0.18012172496524098     
   1.9619999999972593       0.17769578150557488     
   1.9679999999972559       0.17529194745007481     
   1.9739999999972526       0.17291022131183045     
   1.9799999999972493       0.17055059716388357     
   1.9859999999972460       0.16821306471436279     
   1.9919999999972426       0.16589760938169251     
   1.9979999999972393       0.16360421236984862     
   2.0039999999972360       0.16133285074363277     
   2.0099999999972327       0.15908349750393896     
   2.0159999999972293       0.15685612166298613     
   2.0219999999972260       0.15465068831948947     
   2.0279999999972227       0.15246715873374611     
   2.0339999999972194       0.15030549040261110     
   2.0399999999972160       0.14816563713433525     
   2.0459999999972127       0.14604754912324569     
   2.0519999999972094       0.14395117302424160     
   2.0579999999972061       0.14187645202708368     
   2.0639999999972027       0.13982332593045499     
   2.0699999999971994       0.13779173121576874     
   2.0759999999971961       0.13578160112070498     
   2.0819999999971928       0.13379286571245128     
   2.0879999999971894       0.13182545196062856     
   2.0939999999971861       0.12987928380988173     
   2.0999999999971828       0.12795428225211505     
   2.1059999999971795       0.12605036539835288     
   2.1119999999971761       0.12416744855020645     
   2.1179999999971728       0.12230544427093065     
   2.1239999999971695       0.12046426245604948     
   2.1299999999971662       0.11864381040353617     
   2.1359999999971628       0.11684399288352865     
   2.1419999999971595       0.11506471220756581     
   2.1479999999971562       0.11330586829732751     
   2.1539999999971529       0.11156735875286368     
   2.1599999999971495       0.10984907892029661     
   2.1659999999971462       0.10815092195898379     
   2.1719999999971429       0.10647277890812538     
   2.1779999999971396       0.10481453875280411     
   2.1839999999971362       0.10317608848944392     
   2.1899999999971329       0.10155731319067579     
   2.1959999999971296        9.9958096069597532E-002
   2.2019999999971263        9.8378318543416554E-002
   2.2079999999971229        9.6817860296464553E-002
   2.2139999999971196        9.5276599342573293E-002
   2.2199999999971163        9.3754412086801159E-002
   2.2259999999971130        9.2251173386500865E-002
   2.2319999999971096        9.0766756611719498E-002
   2.2379999999971063        8.9301033704920457E-002
   2.2439999999971030        8.7853875240021154E-002
   2.2499999999970997        8.6425150480736276E-002
   2.2559999999970963        8.5014727438220444E-002
   2.2619999999970930        8.3622472928002733E-002
   2.2679999999970897        8.2248252626206178E-002
   2.2739999999970864        8.0891931125045669E-002
   2.2799999999970830        7.9553371987599736E-002
   2.2859999999970797        7.8232437801848756E-002
   2.2919999999970764        7.6928990233975855E-002
   2.2979999999970731        7.5642890080925312E-002
   2.3039999999970697        7.4373997322214669E-002
   2.3099999999970664        7.3122171170995703E-002
   2.3159999999970631        7.1887270124361344E-002
   2.3219999999970597        7.0669152012895572E-002
   2.3279999999970564        6.9467674049462788E-002
   2.3339999999970531        6.8282692877234860E-002
   2.3399999999970498        6.7114064616953295E-002
   2.3459999999970464        6.5961644913425280E-002
   2.3519999999970431        6.4825288981251561E-002
   2.3579999999970398        6.3704851649785732E-002
   2.3639999999970365        6.2600187407323871E-002
   2.3699999999970331        6.1511150444523821E-002
   2.3759999999970298        6.0437594697055126E-002
   2.3819999999970265        5.9379373887478319E-002
   2.3879999999970232        5.8336341566355449E-002
   2.3939999999970198        5.7308351152591697E-002
   2.3999999999970165        5.6295255973009974E-002
   2.4059999999970132        5.5296909301159304E-002
   2.4119999999970099        5.4313164395358868E-002
   2.4179999999970065        5.3343874535980343E-002
   2.4239999999970032        5.2388893061969304E-002
   2.4299999999969999        5.1448073406609653E-002
   2.4359999999969966        5.0521269132533179E-002
   2.4419999999969932        4.9608333965976928E-002
   2.4479999999969899        4.8709121830292496E-002
   2.4539999999969866        4.7823486878709694E-002
   2.4599999999969833        4.6951283526359459E-002
   2.4659999999969799        4.6092366481558393E-002
   2.4719999999969766        4.5246590776361166E-002
   2.4779999999969733        4.4413811796382700E-002
   2.4839999999969700        4.3593885309896725E-002
   2.4899999999969666        4.2786667496214723E-002
   2.4959999999969633        4.1992014973349583E-002
   2.5019999999969600        4.1209784824970182E-002
   2.5079999999969567        4.0439834626651627E-002
   2.5139999999969533        3.9682022471426479E-002
   2.5199999999969500        3.8936206994643126E-002
   2.5259999999969467        3.8202247398136734E-002
   2.5319999999969434        3.7480003473718757E-002
   2.5379999999969400        3.6769335625991474E-002
   2.5439999999969367        3.6070104894493166E-002
   2.5499999999969334        3.5382172975181196E-002
   2.5559999999969301        3.4705402241258572E-002
   2.5619999999969267        3.4039655763351349E-002
   2.5679999999969234        3.3384797329043377E-002
   2.5739999999969201        3.2740691461775467E-002
   2.5799999999969168        3.2107203439115259E-002
   2.5859999999969134        3.1484199310406129E-002
   2.5919999999969101        3.0871545913801118E-002
   2.5979999999969068        3.0269110892689889E-002
   2.6039999999969035        2.9676762711525893E-002
   2.6099999999969001        2.9094370671061145E-002
   2.6159999999968968        2.8521804922996174E-002
   2.6219999999968935        2.7958936484052701E-002
   2.6279999999968902        2.7405637249476859E-002
   2.6339999999968868        2.6861780005980610E-002
   2.6399999999968835        2.6327238444128934E-002
   2.6459999999968802        2.5801887170181104E-002
   2.6519999999968769        2.5285601717393448E-002
   2.6579999999968735        2.4778258556791704E-002
   2.6639999999968702        2.4279735107421162E-002
   2.6699999999968669        2.3789909746082225E-002
   2.6759999999968636        2.3308661816559544E-002
   2.6819999999968602        2.2835871638352982E-002
   2.6879999999968569        2.2371420514918198E-002
   2.6939999999968536        2.1915190741425040E-002
   2.6999999999968503        2.1467065612041994E-002
   2.7059999999968469        2.1026929426754545E-002
   2.7119999999968436        2.0594667497725754E-002
   2.7179999999968403        2.0170166155207128E-002
   2.7239999999968370        1.9753312753007842E-002
   2.7299999999968336        1.9343995673530547E-002
   2.7359999999968303        1.8942104332381606E-002
   2.7419999999968270        1.8547529182564249E-002
   2.7479999999968237        1.8160161718262229E-002
   2.7539999999968203        1.7779894478222483E-002
   2.7599999999968170        1.7406621048744516E-002
   2.7659999999968137        1.7040236066284613E-002
   2.7719999999968103        1.6680635219682893E-002
   2.7779999999968070        1.6327715252021049E-002
   2.7839999999968037        1.5981373962118715E-002
   2.7899999999968004        1.5641510205676380E-002
   2.7959999999967970        1.5308023896072592E-002
   2.8019999999967937        1.4980816004823238E-002
   2.8079999999967904        1.4659788561710721E-002
   2.8139999999967871        1.4344844654590634E-002
   2.8199999999967837        1.4035888428883533E-002
   2.8259999999967804        1.3732825086759588E-002
   2.8319999999967771        1.3435560886023384E-002
   2.8379999999967738        1.3144003138706525E-002
   2.8439999999967704        1.2858060209375390E-002
   2.8499999999967671        1.2577641513161403E-002
   2.8559999999967638        1.2302657513521050E-002
   2.8619999999967605        1.2033019719733060E-002
   2.8679999999967571        1.1768640684139560E-002
   2.8739999999967538        1.1509433999138653E-002
   2.8799999999967505        1.1255314293935339E-002
   2.8859999999967472        1.1006197231057370E-002
   2.8919999999967438        1.0761999502643673E-002
   2.8979999999967405        1.0522638826511322E-002
   2.9039999999967372        1.0288033942008275E-002
   2.9099999999967339        1.0058104605658501E-002
   2.9159999999967305        9.8327715866058391E-003
   2.9219999999967272        9.6119566618632704E-003
   2.9279999999967239        9.3955826113740308E-003
   2.9339999999967206        9.1835732128907350E-003
   2.9399999999967172        8.9758532366789011E-003
   2.9459999999967139        8.7723484400510730E-003
   2.9519999999967106        8.5729855617374517E-003
   2.9579999999967073        8.3776923160992483E-003
   2.9639999999967039        8.1863973871904912E-003
   2.9699999999967006        7.9990304226742782E-003
   2.9759999999966973        7.8155220275991297E-003
   2.9819999999966940        7.6358037580410805E-003
   2.9879999999966906        7.4598081146171891E-003
   2.9939999999966873        7.2874685358758516E-003
