  -3.0000000000000000       0.14350361023587702     
  -2.9940000000000033       0.14585317395305344     
  -2.9880000000000067       0.14823004164178435     
  -2.9820000000000100       0.15063427519127909     
  -2.9760000000000133       0.15306592996843563     
  -2.9700000000000166       0.15552505465344013     
  -2.9640000000000200       0.15801169107446611     
  -2.9580000000000233       0.16052587404153115     
  -2.9520000000000266       0.16306763117957701     
  -2.9460000000000299       0.16563698276083313     
  -2.9400000000000333       0.16823394153652949     
  -2.9340000000000366       0.17085851256802709     
  -2.9280000000000399       0.17351069305743666     
  -2.9220000000000432       0.17619047217779069     
  -2.9160000000000466       0.17889783090284950     
  -2.9100000000000499       0.18163274183661146     
  -2.9040000000000532       0.18439516904260581     
  -2.8980000000000565       0.18718506787304470     
  -2.8920000000000599       0.19000238479791853     
  -2.8860000000000632       0.19284705723411391     
  -2.8800000000000665       0.19571901337464062     
  -2.8740000000000698       0.19861817201805362     
  -2.8680000000000732       0.20154444239815500     
  -2.8620000000000765       0.20449772401407157     
  -2.8560000000000798       0.20747790646079606     
  -2.8500000000000831       0.21048486926028362     
  -2.8440000000000865       0.21351848169320645     
  -2.8380000000000898       0.21657860263145629     
  -2.8320000000000931       0.21966508037149629     
  -2.8260000000000964       0.22277775246866466     
  -2.8200000000000998       0.22591644557253290     
  -2.8140000000001031       0.22908097526341867     
  -2.8080000000001064       0.23227114589016382     
  -2.8020000000001097       0.23548675040928388     
  -2.7960000000001131       0.23872757022559696     
  -2.7900000000001164       0.24199337503444565     
  -2.7840000000001197       0.24528392266562121     
  -2.7780000000001230       0.24859895892910558     
  -2.7720000000001264       0.25193821746274997     
  -2.7660000000001297       0.25530141958200103     
  -2.7600000000001330       0.25868827413179607     
  -2.7540000000001363       0.26209847734075004     
  -2.7480000000001397       0.26553171267775072     
  -2.7420000000001430       0.26898765071108610     
  -2.7360000000001463       0.27246594897023130     
  -2.7300000000001496       0.27596625181041468     
  -2.7240000000001530       0.27948819028009275     
  -2.7180000000001563       0.28303138199146216     
  -2.7120000000001596       0.28659543099413221     
  -2.7060000000001629       0.29017992765209372     
  -2.7000000000001663       0.29378444852410918     
  -2.6940000000001696       0.29740855624766183     
  -2.6880000000001729       0.30105179942658550     
  -2.6820000000001762       0.30471371252252161     
  -2.6760000000001796       0.30839381575032276     
  -2.6700000000001829       0.31209161497755128     
  -2.6640000000001862       0.31580660162819585     
  -2.6580000000001895       0.31953825259074681     
  -2.6520000000001929       0.32328603013076657     
  -2.6460000000001962       0.32704938180808985     
  -2.6400000000001995       0.33082774039879020     
  -2.6340000000002028       0.33462052382204799     
  -2.6280000000002062       0.33842713507206101     
  -2.6220000000002095       0.34224696215513073     
  -2.6160000000002128       0.34607937803205902     
  -2.6100000000002161       0.34992374056600062     
  -2.6040000000002195       0.35377939247589502     
  -2.5980000000002228       0.35764566129562758     
  -2.5920000000002261       0.36152185933904446     
  -2.5860000000002294       0.36540728367096220     
  -2.5800000000002328       0.36930121608430561     
  -2.5740000000002361       0.37320292308350989     
  -2.5680000000002394       0.37711165587431267     
  -2.5620000000002427       0.38102665036008143     
  -2.5560000000002461       0.38494712714479357     
  -2.5500000000002494       0.38887229154281028     
  -2.5440000000002527       0.39280133359556746     
  -2.5380000000002561       0.39673342809531392     
  -2.5320000000002594       0.40066773461602290     
  -2.5260000000002627       0.40460339755160374     
  -2.5200000000002660       0.40853954616153110     
  -2.5140000000002694       0.41247529462402321     
  -2.5080000000002727       0.41640974209688275     
  -2.5020000000002760       0.42034197278611535     
  -2.4960000000002793       0.42427105602245452     
  -2.4900000000002827       0.42819604634588904     
  -2.4840000000002860       0.43211598359832332     
  -2.4780000000002893       0.43602989302446277     
  -2.4720000000002926       0.43993678538104702     
  -2.4660000000002960       0.44383565705452033     
  -2.4600000000002993       0.44772549018725294     
  -2.4540000000003026       0.45160525281240538     
  -2.4480000000003059       0.45547389899753354     
  -2.4420000000003093       0.45933036899702606     
  -2.4360000000003126       0.46317358941346654     
  -2.4300000000003159       0.46700247336800360     
  -2.4240000000003192       0.47081592067981309     
  -2.4180000000003226       0.47461281805473471     
  -2.4120000000003259       0.47839203928314905     
  -2.4060000000003292       0.48215244544718494     
  -2.4000000000003325       0.48589288513730072     
  -2.3940000000003359       0.48961219467832839     
  -2.3880000000003392       0.49330919836502540     
  -2.3820000000003425       0.49698270870718952     
  -2.3760000000003458       0.50063152668439970     
  -2.3700000000003492       0.50425444201041691     
  -2.3640000000003525       0.50785023340729663     
  -2.3580000000003558       0.51141766888924411     
  -2.3520000000003591       0.51495550605625295     
  -2.3460000000003625       0.51846249239754405     
  -2.3400000000003658       0.52193736560484161     
  -2.3340000000003691       0.52537885389549033     
  -2.3280000000003724       0.52878567634543650     
  -2.3220000000003758       0.53215654323207828     
  -2.3160000000003791       0.53549015638697861     
  -2.3100000000003824       0.53878520955845499     
  -2.3040000000003857       0.54204038878401284     
  -2.2980000000003891       0.54525437277263233     
  -2.2920000000003924       0.54842583329686823     
  -2.2860000000003957       0.55155343559474623     
  -2.2800000000003990       0.55463583878142053     
  -2.2740000000004024       0.55767169627055202     
  -2.2680000000004057       0.56065965620536473     
  -2.2620000000004090       0.56359836189932655     
  -2.2560000000004123       0.56648645228639904     
  -2.2500000000004157       0.56932256238078749     
  -2.2440000000004190       0.57210532374612888     
  -2.2380000000004223       0.57483336497402804     
  -2.2320000000004256       0.57750531217187073     
  -2.2260000000004290       0.58011978945981391     
  -2.2200000000004323       0.58267541947685919     
  -2.2140000000004356       0.58517082389590569     
  -2.2080000000004389       0.58760462394766921     
  -2.2020000000004423       0.58997544095334598     
  -2.1960000000004456       0.59228189686590815     
  -2.1900000000004489       0.59452261481988211     
  -2.1840000000004522       0.59669621968948217     
  -2.1780000000004556       0.59880133865494611     
  -2.1720000000004589       0.60083660177692433     
  -2.1660000000004622       0.60280064257875798     
  -2.1600000000004655       0.60469209863647422     
  -2.1540000000004689       0.60650961217633670     
  -2.1480000000004722       0.60825183067974686     
  -2.1420000000004755       0.60991740749533019     
  -2.1360000000004788       0.61150500245799055     
  -2.1300000000004822       0.61301328251473874     
  -2.1240000000004855       0.61444092235707659     
  -2.1180000000004888       0.61578660505972838     
  -2.1120000000004922       0.61704902272547757     
  -2.1060000000004955       0.61822687713588775     
  -2.1000000000004988       0.61931888040766414     
  -2.0940000000005021       0.62032375565439990     
  -2.0880000000005055       0.62124023765346648     
  -2.0820000000005088       0.62206707351776935     
  -2.0760000000005121       0.62280302337211413     
  -2.0700000000005154       0.62344686103389535     
  -2.0640000000005188       0.62399737469783312     
  -2.0580000000005221       0.62445336762446002     
  -2.0520000000005254       0.62481365883207063     
  -2.0460000000005287       0.62507708379181748     
  -2.0400000000005321       0.62524249512565322     
  -2.0340000000005354       0.62530876330679797     
  -2.0280000000005387       0.62527477736240911     
  -2.0220000000005420       0.62513944557812018     
  -2.0160000000005454       0.62490169620411895     
  -2.0100000000005487       0.62456047816241356     
  -2.0040000000005520       0.62411476175495084     
  -1.9980000000005553       0.62356353937221620     
  -1.9920000000005587       0.62290582620197010     
  -1.9860000000005620       0.62214066093774401     
  -1.9800000000005653       0.62126710648673100     
  -1.9740000000005686       0.62028425067669057     
  -1.9680000000005720       0.61919120696148655     
  -1.9620000000005753       0.61798711512487081     
  -1.9560000000005786       0.61667114198212081     
  -1.9500000000005819       0.61524248207913412     
  -1.9440000000005853       0.61370035838857817     
  -1.9380000000005886       0.61204402300268368     
  -1.9320000000005919       0.61027275782228885     
  -1.9260000000005952       0.60838587524169463     
  -1.9200000000005986       0.60638271882893635     
  -1.9140000000006019       0.60426266400103557     
  -1.9080000000006052       0.60202511869381148     
  -1.9020000000006085       0.59966952402582796     
  -1.8960000000006119       0.59719535495603460     
  -1.8900000000006152       0.59460212093468123     
  -1.8840000000006185       0.59188936654705371     
  -1.8780000000006218       0.58905667214960933     
  -1.8720000000006252       0.58610365449805601     
  -1.8660000000006285       0.58302996736694290     
  -1.8600000000006318       0.57983530216030854     
  -1.8540000000006351       0.57651938851295415     
  -1.8480000000006385       0.57308199488188216     
  -1.8420000000006418       0.56952292912746250     
  -1.8360000000006451       0.56584203908387243     
  -1.8300000000006484       0.56203921311836502     
  -1.8240000000006518       0.55811438067892105     
  -1.8180000000006551       0.55406751282983024     
  -1.8120000000006584       0.54989862277475887     
  -1.8060000000006617       0.54560776636686004     
  -1.8000000000006651       0.54119504260547546     
  -1.7940000000006684       0.53666059411899336     
  -1.7880000000006717       0.53200460763341217     
  -1.7820000000006750       0.52722731442618198     
  -1.7760000000006784       0.52232899076487405     
  -1.7700000000006817       0.51730995833025539     
  -1.7640000000006850       0.51217058462333276     
  -1.7580000000006883       0.50691128335593361     
  -1.7520000000006917       0.50153251482441330     
  -1.7460000000006950       0.49603478626605285     
  -1.7400000000006983       0.49041865219774244     
  -1.7340000000007016       0.48468471473653868     
  -1.7280000000007050       0.47883362390168099     
  -1.7220000000007083       0.47286607789768098     
  -1.7160000000007116       0.46678282337807742     
  -1.7100000000007149       0.46058465568947055     
  -1.7040000000007183       0.45427241909545957     
  -1.6980000000007216       0.44784700698009788     
  -1.6920000000007249       0.44130936203050308     
  -1.6860000000007282       0.43466047639825922     
  -1.6800000000007316       0.42790139183925180     
  -1.6740000000007349       0.42103319983159726     
  -1.6680000000007382       0.41405704167132384     
  -1.6620000000007416       0.40697410854547023     
  -1.6560000000007449       0.39978564158229440     
  -1.6500000000007482       0.39249293187826634     
  -1.6440000000007515       0.38509732050155060     
  -1.6380000000007549       0.37760019847168758     
  -1.6320000000007582       0.37000300671518455     
  -1.6260000000007615       0.36230723599675807     
  -1.6200000000007648       0.35451442682594869     
  -1.6140000000007682       0.34662616933887669     
  -1.6080000000007715       0.33864410315488697     
  -1.6020000000007748       0.33056991720786494     
  -1.5960000000007781       0.32240534955200689     
  -1.5900000000007815       0.31415218714183840     
  -1.5840000000007848       0.30581226558629737     
  -1.5780000000007881       0.29738746887669931     
  -1.5720000000007914       0.28887972908842829     
  -1.5660000000007948       0.28029102605619233     
  -1.5600000000007981       0.27162338702271771     
  -1.5540000000008014       0.26287888626075018     
  -1.5480000000008047       0.25405964466826292     
  -1.5420000000008081       0.24516782933676920     
  -1.5360000000008114       0.23620565309266334     
  -1.5300000000008147       0.22717537401152513     
  -1.5240000000008180       0.21807929490533964     
  -1.5180000000008214       0.20891976278259325     
  -1.5120000000008247       0.19969916828122947     
  -1.5060000000008280       0.19041994507446486     
  -1.5000000000008313       0.18108456924946681     
  -1.4940000000008347       0.17169555865893729     
  -1.4880000000008380       0.16225547224563219     
  -1.4820000000008413       0.15276690933988701     
  -1.4760000000008446       0.14323250893022235     
  -1.4700000000008480       0.13365494890712709     
  -1.4640000000008513       0.12403694528012624     
  -1.4580000000008546       0.11438125136826402     
  -1.4520000000008579       0.10469065696414930     
  -1.4460000000008613        9.4967987471719736E-002
  -1.4400000000008646        8.5216103017913311E-002
  -1.4340000000008679        7.5437897538435536E-002
  -1.4280000000008712        6.5636297837841195E-002
  -1.4220000000008746        5.5814262624163953E-002
  -1.4160000000008779        4.5974781518338628E-002
  -1.4100000000008812        3.6120874038688341E-002
  -1.4040000000008845        2.6255588560756955E-002
  -1.3980000000008879        1.6382001252789772E-002
  -1.3920000000008912        6.5032149871876339E-003
  -1.3860000000008945       -3.3776417717371419E-003
  -1.3800000000008978       -1.3257416103340872E-002
  -1.3740000000009012       -2.3132931789194847E-002
  -1.3680000000009045       -3.3000990494208425E-002
  -1.3620000000009078       -4.2858372969917465E-002
  -1.3560000000009111       -5.2701840279520379E-002
  -1.3500000000009145       -6.2528135044212035E-002
  -1.3440000000009178       -7.2333982710361885E-002
  -1.3380000000009211       -8.2116092837055316E-002
  -1.3320000000009244       -9.1871160403509539E-002
  -1.3260000000009278      -0.10159586713584964     
  -1.3200000000009311      -0.11128688285272120     
  -1.3140000000009344      -0.12094086682919394     
  -1.3080000000009377      -0.13055446917839764     
  -1.3020000000009411      -0.14012433225031445     
  -1.2960000000009444      -0.14964709204713622     
  -1.2900000000009477      -0.15911937965457978     
  -1.2840000000009510      -0.16853782268853409     
  -1.2780000000009544      -0.17789904675640597     
  -1.2720000000009577      -0.18719967693250858     
  -1.2660000000009610      -0.19643633924682338     
  -1.2600000000009643      -0.20560566218645718     
  -1.2540000000009677      -0.21470427820909271     
  -1.2480000000009710      -0.22372882526772742     
  -1.2420000000009743      -0.23267594834597388     
  -1.2360000000009776      -0.24154230100318422     
  -1.2300000000009810      -0.25032454692865053     
  -1.2240000000009843      -0.25901936150411731     
  -1.2180000000009876      -0.26762343337383271     
  -1.2120000000009910      -0.27613346602135114     
  -1.2060000000009943      -0.28454617935229060     
  -1.2000000000009976      -0.29285831128223361     
  -1.1940000000010009      -0.30106661932895740     
  -1.1880000000010043      -0.30916788220815955     
  -1.1820000000010076      -0.31715890143184194     
  -1.1760000000010109      -0.32503650290850489     
  -1.1700000000010142      -0.33279753854429356     
  -1.1640000000010176      -0.34043888784423437     
  -1.1580000000010209      -0.34795745951268431     
  -1.1520000000010242      -0.35535019305211407     
  -1.1460000000010275      -0.36261406035934085     
  -1.1400000000010309      -0.36974606731831233     
  -1.1340000000010342      -0.37674325538854647     
  -1.1280000000010375      -0.38360270318831990     
  -1.1220000000010408      -0.39032152807169729     
  -1.1160000000010442      -0.39689688769848663     
  -1.1100000000010475      -0.40332598159620558     
  -1.1040000000010508      -0.40960605271313494     
  -1.0980000000010541      -0.41573438896153908     
  -1.0920000000010575      -0.42170832475012898     
  -1.0860000000010608      -0.42752524250483853     
  -1.0800000000010641      -0.43318257417699152     
  -1.0740000000010674      -0.43867780273792739     
  -1.0680000000010708      -0.44400846365916258     
  -1.0620000000010741      -0.44917214637716124     
  -1.0560000000010774      -0.45416649574178808     
  -1.0500000000010807      -0.45898921344752525     
  -1.0440000000010841      -0.46363805944653314     
  -1.0380000000010874      -0.46811085334263525     
  -1.0320000000010907      -0.47240547576532377     
  -1.0260000000010940      -0.47651986972286942     
  -1.0200000000010974      -0.48045204193364116     
  -1.0140000000011007      -0.48420006413473687     
  -1.0080000000011040      -0.48776207436703400     
  -1.0020000000011073      -0.49113627823578399     
 -0.99600000000111066      -0.49432095014586847     
 -0.99000000000111399      -0.49731443451085877     
 -0.98400000000111731      -0.50011514693501613     
 -0.97800000000112064      -0.50272157536738926     
 -0.97200000000112396      -0.50513228122717113     
 -0.96600000000112729      -0.50734590049948813     
 -0.96000000000113062      -0.50936114480080985     
 -0.95400000000113394      -0.51117680241317376     
 -0.94800000000113727      -0.51279173928643862     
 -0.94200000000114059      -0.51420490000778918     
 -0.93600000000114392      -0.51541530873772790     
 -0.93000000000114724      -0.51642207011181185     
 -0.92400000000115057      -0.51722437010739519     
 -0.91800000000115389      -0.51782147687466606     
 -0.91200000000115722      -0.51821274153127539     
 -0.90600000000116054      -0.51839759891987303     
 -0.90000000000116387      -0.51837556832788911     
 -0.89400000000116719      -0.51814625416890636     
 -0.88800000000117052      -0.51770934662500090     
 -0.88200000000117385      -0.51706462224943517     
 -0.87600000000117717      -0.51621194452911690     
 -0.87000000000118050      -0.51515126440624848     
 -0.86400000000118382      -0.51388262075862323     
 -0.85800000000118715      -0.51240614083803293     
 -0.85200000000119047      -0.51072204066628457     
 -0.84600000000119380      -0.50883062538833768     
 -0.84000000000119712      -0.50673228958210215     
 -0.83400000000120045      -0.50442751752445558     
 -0.82800000000120377      -0.50191688341306495     
 -0.82200000000120710      -0.49920105154361982     
 -0.81600000000121042      -0.49628077644210811     
 -0.81000000000121375      -0.49315690295179421     
 -0.80400000000121707      -0.48983036627457821     
 -0.79800000000122040      -0.48630219196644503     
 -0.79200000000122373      -0.48257349588673626     
 -0.78600000000122705      -0.47864548410100310     
 -0.78000000000123038      -0.47451945273722729     
 -0.77400000000123370      -0.47019678779522228     
 -0.76800000000123703      -0.46567896490905114     
 -0.76200000000124035      -0.46096754906233306     
 -0.75600000000124368      -0.45606419425632716     
 -0.75000000000124700      -0.45097064313071922     
 -0.74400000000125033      -0.44568872653706088     
 -0.73800000000125365      -0.44022036306483758     
 -0.73200000000125698      -0.43456755852017309     
 -0.72600000000126030      -0.42873240535720653     
 -0.72000000000126363      -0.42271708206220454     
 -0.71400000000126695      -0.41652385249049956     
 -0.70800000000127028      -0.41015506515638100     
 -0.70200000000127361      -0.40361315247608254     
 -0.69600000000127693      -0.39690062996405218     
 -0.69000000000128026      -0.39002009538270704     
 -0.68400000000128358      -0.38297422784591789     
 -0.67800000000128691      -0.37576578687648138     
 -0.67200000000129023      -0.36839761141788691     
 -0.66600000000129356      -0.36087261880069144     
 -0.66000000000129688      -0.35319380366386677     
 -0.65400000000130021      -0.34536423683149492     
 -0.64800000000130353      -0.33738706414522818     
 -0.64200000000130686      -0.32926550525295206     
 -0.63600000000131018      -0.32100285235411974     
 -0.63000000000131351      -0.31260246890226007     
 -0.62400000000131683      -0.30406778826517861     
 -0.61800000000132016      -0.29540231234341152     
 -0.61200000000132349      -0.28660961014751019     
 -0.60600000000132681      -0.27769331633476863     
 -0.60000000000133014      -0.26865712970602740     
 -0.59400000000133346      -0.25950481166322281     
 -0.58800000000133679      -0.25024018462836500     
 -0.58200000000134011      -0.24086713042466926     
 -0.57600000000134344      -0.23138958862057779     
 -0.57000000000134676      -0.22181155483744300     
 -0.56400000000135009      -0.21213707902166828     
 -0.55800000000135341      -0.20237026368212085     
 -0.55200000000135674      -0.19251526209366535     
 -0.54600000000136006      -0.18257627646768015     
 -0.54000000000136339      -0.17255755609045448     
 -0.53400000000136671      -0.16246339543037305     
 -0.52800000000137004      -0.15229813221483263     
 -0.52200000000137337      -0.14206614547784319     
 -0.51600000000137669      -0.13177185357929980     
 -0.51000000000138002      -0.12141971219692371     
 -0.50400000000138334      -0.11101421229189516     
 -0.49800000000138661      -0.10055987804922251     
 -0.49200000000138988       -9.0061264793906748E-002
 -0.48600000000139315       -7.9522956883981977E-002
 -0.48000000000139642       -6.8949565581531536E-002
 -0.47400000000139969       -5.8345726902794076E-002
 -0.46800000000140296       -4.7716099448492671E-002
 -0.46200000000140623       -3.7065362215535677E-002
 -0.45600000000140950       -2.6398212391252052E-002
 -0.45000000000141277       -1.5719363131342059E-002
 -0.44400000000141604       -5.0335413227340503E-003
 -0.43800000000141931        5.6545146674461229E-003
 -0.43200000000142258        1.6340057255574116E-002
 -0.42600000000142585        2.7018331916665375E-002
 -0.42000000000142912        3.7684579469710017E-002
 -0.41400000000143239        4.8334038371954213E-002
 -0.40800000000143566        5.8961947020866309E-002
 -0.40200000000143893        6.9563546062518439E-002
 -0.39600000000144220        8.0134080705105373E-002
 -0.39000000000144547        9.0668803036317330E-002
 -0.38400000000144874       0.10116297434327402     
 -0.37800000000145201       0.11161186743372621     
 -0.37200000000145528       0.12201076895722109     
 -0.36600000000145855       0.13235498172492868     
 -0.36000000000146182       0.14263982702682088     
 -0.35400000000146509       0.15286064694489360     
 -0.34800000000146836       0.16301280666112125     
 -0.34200000000147163       0.17309169675883113     
 -0.33600000000147490       0.18309273551618863     
 -0.33000000000147817       0.19301137119048131     
 -0.32400000000148144       0.20284308429189715     
 -0.31800000000148471       0.21258338984548872     
 -0.31200000000148798       0.22222783964002754     
 -0.30600000000149125       0.23177202446244805     
 -0.30000000000149452       0.24121157631659354     
 -0.29400000000149779       0.25054217062498058     
 -0.28800000000150106       0.25975952841230321     
 -0.28200000000150433       0.26885941846941069     
 -0.27600000000150759       0.27783765949649775     
 -0.27000000000151086       0.28669012222425877     
 -0.26400000000151413       0.29541273151176733     
 -0.25800000000151740       0.30400146841985193     
 -0.25200000000152067       0.31245237225875405     
 -0.24600000000152394       0.32076154260886730     
 -0.24000000000152721       0.32892514131336764     
 -0.23400000000153048       0.33693939444156312     
 -0.22800000000153375       0.34480059422180376     
 -0.22200000000153702       0.35250510094281262     
 -0.21600000000154029       0.36004934482231044     
 -0.21000000000154356       0.36742982784183054     
 -0.20400000000154683       0.37464312554663326     
 -0.19800000000155010       0.38168588880965443     
 -0.19200000000155337       0.38855484555843711     
 -0.18600000000155664       0.39524680246401889     
 -0.18000000000155991       0.40175864659077098     
 -0.17400000000156318       0.40808734700620292     
 -0.16800000000156645       0.41422995634977222     
 -0.16200000000156972       0.42018361235976204     
 -0.15600000000157299       0.42594553935731394     
 -0.15000000000157626       0.43151304968672527     
 -0.14400000000157953       0.43688354511114935     
 -0.13800000000158280       0.44205451816286162     
 -0.13200000000158607       0.44702355344728001     
 -0.12600000000158934       0.45178832889995763     
 -0.12000000000159261       0.45634661699578916     
 -0.11400000000159588       0.46069628590970740     
 -0.10800000000159915       0.46483530062816775     
 -0.10200000000160242       0.46876172401075211     
  -9.6000000001605690E-002  0.47247371780125252     
  -9.0000000001608960E-002  0.47596954358762444     
  -8.4000000001612229E-002  0.47924756371022964     
  -7.8000000001615499E-002  0.48230624211782125     
  -7.2000000001618769E-002  0.48514414517075277     
  -6.6000000001622039E-002  0.48775994239092590     
  -6.0000000001625316E-002  0.49015240715802416     
  -5.4000000001628592E-002  0.49232041735161025     
  -4.8000000001631869E-002  0.49426295593869946     
  -4.2000000001635146E-002  0.49597911150645230     
  -3.6000000001638423E-002  0.49746807873966464     
  -3.0000000001641696E-002  0.49872915884276592     
  -2.4000000001644969E-002  0.49976175990606958     
  -1.8000000001648243E-002  0.50056539721605353     
  -1.2000000001651516E-002  0.50113969350948373     
  -6.0000000016547901E-003  0.50148437917122479     
  -1.6580643108499160E-012  0.50159929237561973     
   5.9999999983386615E-003  0.50148437917135191     
   1.1999999998335387E-002  0.50113969350973764     
   1.7999999998332114E-002  0.50056539721643423     
   2.3999999998328841E-002  0.49976175990657690     
   2.9999999998325567E-002  0.49872915884339974     
   3.5999999998322291E-002  0.49746807874042465     
   4.1999999998319014E-002  0.49597911150733803     
   4.7999999998315737E-002  0.49426295593971059     
   5.3999999998312460E-002  0.49232041735274618     
   5.9999999998309184E-002  0.49015240715928438     
   6.5999999998305914E-002  0.48775994239230991     
   7.1999999998302644E-002  0.48514414517225979     
   7.7999999998299374E-002  0.48230624211945078     
   8.3999999998296104E-002  0.47924756371198068     
   8.9999999998292834E-002  0.47596954358949639     
   9.5999999998289565E-002  0.47247371780324426     
  0.10199999999828629       0.46876172401286298     
  0.10799999999828302       0.46483530063039658     
  0.11399999999827976       0.46069628591205325     
  0.11999999999827649       0.45634661699825080     
  0.12599999999827322       0.45178832890253395     
  0.13199999999826995       0.44702355344996991     
  0.13799999999826668       0.44205451816566360     
  0.14399999999826341       0.43688354511406235     
  0.14999999999826014       0.43151304968974802     
  0.15599999999825687       0.42594553936044477     
  0.16199999999825360       0.42018361236299945     
  0.16799999999825033       0.41422995635311471     
  0.17399999999824706       0.40808734700964927     
  0.17999999999824379       0.40175864659431937     
  0.18599999999824052       0.39524680246766764     
  0.19199999999823725       0.38855484556218450     
  0.19799999999823398       0.38168588881349880     
  0.20399999999823071       0.37464312555057261     
  0.20999999999822744       0.36742982784586325     
  0.21599999999822417       0.36004934482643480     
  0.22199999999822090       0.35250510094702647     
  0.22799999999821763       0.34480059422610521     
  0.23399999999821436       0.33693939444595017     
  0.23999999999821109       0.32892514131783823     
  0.24599999999820782       0.32076154261341938     
  0.25199999999820455       0.31245237226338546     
  0.25799999999820128       0.30400146842456066     
  0.26399999999819801       0.29541273151655117     
  0.26999999999819474       0.28669012222911550     
  0.27599999999819147       0.27783765950142503     
  0.28199999999818820       0.26885941847440648     
  0.28799999999818493       0.25975952841736505     
  0.29399999999818166       0.25054217063010614     
  0.29999999999817839       0.24121157632178042     
  0.30599999999817512       0.23177202446769393     
  0.31199999999817185       0.22222783964533008     
  0.31799999999816858       0.21258338985084552     
  0.32399999999816531       0.20284308429730558     
  0.32999999999816204       0.19301137119593906     
  0.33599999999815877       0.18309273552169311     
  0.34199999999815550       0.17309169676437988     
  0.34799999999815223       0.16301280666671172     
  0.35399999999814896       0.15286064695052332     
  0.35999999999814569       0.14263982703248734     
  0.36599999999814242       0.13235498173062929     
  0.37199999999813915       0.12201076896295321     
  0.37799999999813588       0.11161186743948727     
  0.38399999999813261       0.10116297434906137     
  0.38999999999812934        9.0668803042128293E-002
  0.39599999999812607        8.0134080710937527E-002
  0.40199999999812280        6.9563546068369064E-002
  0.40799999999811953        5.8961947026732825E-002
  0.41399999999811626        4.8334038377833830E-002
  0.41999999999811299        3.7684579475600277E-002
  0.42599999999810972        2.7018331922563678E-002
  0.43199999999810645        1.6340057261477796E-002
  0.43799999999810318        5.6545146733523949E-003
  0.44399999999809991       -5.0335413168277818E-003
  0.44999999999809664       -1.5719363125438354E-002
  0.45599999999809337       -2.6398212385353476E-002
  0.46199999999809011       -3.7065362209644903E-002
  0.46799999999808684       -4.7716099442612271E-002
  0.47399999999808357       -5.8345726896926443E-002
  0.47999999999808030       -6.8949565575679425E-002
  0.48599999999807703       -7.9522956878148046E-002
  0.49199999999807376       -9.0061264788093662E-002
  0.49799999999807049      -0.10055987804343262     
  0.50399999999806722      -0.11101421228613095     
  0.50999999999806389      -0.12141971219118765     
  0.51599999999806057      -0.13177185357359456     
  0.52199999999805724      -0.14206614547217114     
  0.52799999999805391      -0.15229813220919611     
  0.53399999999805059      -0.16246339542477478     
  0.53999999999804726      -0.17255755608489656     
  0.54599999999804394      -0.18257627646216523     
  0.55199999999804061      -0.19251526208819558     
  0.55799999999803729      -0.20237026367669889     
  0.56399999999803396      -0.21213707901629597     
  0.56999999999803064      -0.22181155483212306     
  0.57599999999802731      -0.23138958861531211     
  0.58199999999802399      -0.24086713041946040     
  0.58799999999802066      -0.25024018462321507     
  0.59399999999801734      -0.25950481165813366     
  0.59999999999801401      -0.26865712970100147     
  0.60599999999801069      -0.27769331632980770     
  0.61199999999800736      -0.28660961014261682     
  0.61799999999800403      -0.29540231233858738     
  0.62399999999800071      -0.30406778826042574     
  0.62999999999799738      -0.31260246889758037     
  0.63599999999799406      -0.32100285234951537     
  0.64199999999799073      -0.32926550524842457     
  0.64799999999798741      -0.33738706414077979     
  0.65399999999798408      -0.34536423682712725     
  0.65999999999798076      -0.35319380365958136     
  0.66599999999797743      -0.36087261879649030     
  0.67199999999797411      -0.36839761141377148     
  0.67799999999797078      -0.37576578687245366     
  0.68399999999796746      -0.38297422784197893     
  0.68999999999796413      -0.39002009537885896     
  0.69599999999796081      -0.39690062996029601     
  0.70199999999795748      -0.40361315247242019     
  0.70799999999795415      -0.41015506515281347     
  0.71399999999795083      -0.41652385248702856     
  0.71999999999794750      -0.42271708205883118     
  0.72599999999794418      -0.42873240535393226     
  0.73199999999794085      -0.43456755851699891     
  0.73799999999793753      -0.44022036306176460     
  0.74399999999793420      -0.44568872653409047     
  0.74999999999793088      -0.45097064312785234     
  0.75599999999792755      -0.45606419425356487     
  0.76199999999792423      -0.46096754905967641     
  0.76799999999792090      -0.46567896490650118     
  0.77399999999791758      -0.47019678779277946     
  0.77999999999791425      -0.47451945273489293     
  0.78599999999791093      -0.47864548409877766     
  0.79199999999790760      -0.48257349588462084     
  0.79799999999790427      -0.48630219196444013     
  0.80399999999790095      -0.48983036627268434     
  0.80999999999789762      -0.49315690295001202     
  0.81599999999789430      -0.49628077644043811     
  0.82199999999789097      -0.49920105154206279     
  0.82799999999788765      -0.50191688341162122     
  0.83399999999788432      -0.50442751752312531     
  0.83999999999788100      -0.50673228958088556     
  0.84599999999787767      -0.50883062538723545     
  0.85199999999787435      -0.51072204066529692     
  0.85799999999787102      -0.51240614083716007     
  0.86399999999786770      -0.51388262075786506     
  0.86999999999786437      -0.51515126440560521     
  0.87599999999786105      -0.51621194452858843     
  0.88199999999785772      -0.51706462224902183     
  0.88799999999785439      -0.51770934662470247     
  0.89399999999785107      -0.51814625416872284     
  0.89999999999784774      -0.51837556832782006     
  0.90599999999784442      -0.51839759891991866     
  0.91199999999784109      -0.51821274153143493     
  0.91799999999783777      -0.51782147687493985     
  0.92399999999783444      -0.51722437010778233     
  0.92999999999783112      -0.51642207011231223     
  0.93599999999782779      -0.51541530873834096     
  0.94199999999782447      -0.51420490000851449     
  0.94799999999782114      -0.51279173928727595     
  0.95399999999781782      -0.51117680241412211     
  0.95999999999781449      -0.50936114480186889     
  0.96599999999781117      -0.50734590050065731     
  0.97199999999780784      -0.50513228122844944     
  0.97799999999780451      -0.50272157536877604     
  0.98399999999780119      -0.50011514693651093     
  0.98999999999779786      -0.49731443451246032     
  0.99599999999779454      -0.49432095014757621     
   1.0019999999977913      -0.49113627823759676     
   1.0079999999977880      -0.48776207436895119     
   1.0139999999977847      -0.48420006413675726     
   1.0199999999977813      -0.48045204193576385     
   1.0259999999977780      -0.47651986972509319     
   1.0319999999977747      -0.47240547576764769     
   1.0379999999977714      -0.46811085334505842     
   1.0439999999977680      -0.46363805944905406     
   1.0499999999977647      -0.45898921345014304     
   1.0559999999977614      -0.45416649574450119     
   1.0619999999977581      -0.44917214637996872     
   1.0679999999977547      -0.44400846366206298     
   1.0739999999977514      -0.43867780274091922     
   1.0799999999977481      -0.43318257418007372     
   1.0859999999977448      -0.42752524250800950     
   1.0919999999977414      -0.42170832475338738     
   1.0979999999977381      -0.41573438896488357     
   1.1039999999977348      -0.40960605271656414     
   1.1099999999977315      -0.40332598159971800     
   1.1159999999977281      -0.39689688770208054     
   1.1219999999977248      -0.39032152807537118     
   1.1279999999977215      -0.38360270319207240     
   1.1339999999977182      -0.37674325539237580     
   1.1399999999977148      -0.36974606732221704     
   1.1459999999977115      -0.36261406036331911     
   1.1519999999977082      -0.35535019305616461     
   1.1579999999977049      -0.34795745951680507     
   1.1639999999977015      -0.34043888784842385     
   1.1699999999976982      -0.33279753854854999     
   1.1759999999976949      -0.32503650291282654     
   1.1819999999976916      -0.31715890143622749     
   1.1879999999976882      -0.30916788221260683     
   1.1939999999976849      -0.30106661933346429     
   1.1999999999976816      -0.29285831128679879     
   1.2059999999976783      -0.28454617935691251     
   1.2119999999976749      -0.27613346602602801     
   1.2179999999976716      -0.26762343337856215     
   1.2239999999976683      -0.25901936150889771     
   1.2299999999976650      -0.25032454693348000     
   1.2359999999976616      -0.24154230100806134     
   1.2419999999976583      -0.23267594835089639     
   1.2479999999976550      -0.22372882527269361     
   1.2539999999976517      -0.21470427821410087     
   1.2599999999976483      -0.20560566219150558     
   1.2659999999976450      -0.19643633925191006     
   1.2719999999976417      -0.18719967693763109     
   1.2779999999976384      -0.17789904676156301     
   1.2839999999976350      -0.16853782269372367     
   1.2899999999976317      -0.15911937965980016     
   1.2959999999976284      -0.14964709205238549     
   1.3019999999976251      -0.14012433225559026     
   1.3079999999976217      -0.13055446918369865     
   1.3139999999976184      -0.12094086683451846     
   1.3199999999976151      -0.11128688285806697     
   1.3259999999976118      -0.10159586714121488     
   1.3319999999976084       -9.1871160408892469E-002
   1.3379999999976051       -8.2116092842454358E-002
   1.3439999999976018       -7.2333982715774889E-002
   1.3499999999975985       -6.2528135049637348E-002
   1.3559999999975951       -5.2701840284955788E-002
   1.3619999999975918       -4.2858372975361408E-002
   1.3679999999975885       -3.3000990499659294E-002
   1.3739999999975852       -2.3132931794650886E-002
   1.3799999999975818       -1.3257416108799859E-002
   1.3859999999975785       -3.3776417771974846E-003
   1.3919999999975752        6.5032149817272926E-003
   1.3979999999975719        1.6382001247331319E-002
   1.4039999999975685        2.6255588555302342E-002
   1.4099999999975652        3.6120874033239561E-002
   1.4159999999975619        4.5974781512896544E-002
   1.4219999999975586        5.5814262618730820E-002
   1.4279999999975552        6.5636297832418408E-002
   1.4339999999975519        7.5437897533024961E-002
   1.4399999999975486        8.5216103012516725E-002
   1.4459999999975452        9.4967987466338319E-002
   1.4519999999975419       0.10469065695878456     
   1.4579999999975386       0.11438125136291825     
   1.4639999999975353       0.12403694527480036     
   1.4699999999975319       0.13365494890182261     
   1.4759999999975286       0.14323250892494097     
   1.4819999999975253       0.15276690933463019     
   1.4879999999975220       0.16225547224040185     
   1.4939999999975186       0.17169555865373415     
   1.4999999999975153       0.18108456924429259     
   1.5059999999975120       0.19041994506932103     
   1.5119999999975087       0.19969916827611786     
   1.5179999999975053       0.20891976277751456     
   1.5239999999975020       0.21807929490029510     
   1.5299999999974987       0.22717537400651636     
   1.5359999999974954       0.23620565308769151     
   1.5419999999974920       0.24516782933183637     
   1.5479999999974887       0.25405964466336917     
   1.5539999999974854       0.26287888625589689     
   1.5599999999974821       0.27162338701790628     
   1.5659999999974787       0.28029102605142442     
   1.5719999999974754       0.28887972908370457     
   1.5779999999974721       0.29738746887202033     
   1.5839999999974688       0.30581226558166491     
   1.5899999999974654       0.31415218713725362     
   1.5959999999974621       0.32240534954747080     
   1.6019999999974588       0.33056991720337825     
   1.6079999999974555       0.33864410315045029     
   1.6139999999974521       0.34662616933449186     
   1.6199999999974488       0.35451442682161621     
   1.6259999999974455       0.36230723599247827     
   1.6319999999974422       0.37000300671095887     
   1.6379999999974388       0.37760019846751658     
   1.6439999999974355       0.38509732049743595     
   1.6499999999974322       0.39249293187420820     
   1.6559999999974289       0.39978564157829327     
   1.6619999999974255       0.40697410854152682     
   1.6679999999974222       0.41405704166743895     
   1.6739999999974189       0.42103319982777210     
   1.6799999999974156       0.42790139183548626     
   1.6859999999974122       0.43466047639455485     
   1.6919999999974089       0.44130936202685944     
   1.6979999999974056       0.44784700697651597     
   1.7039999999974023       0.45427241909193994     
   1.7099999999973989       0.46058465568601387     
   1.7159999999973956       0.46678282337468380     
   1.7219999999973923       0.47286607789435131     
   1.7279999999973890       0.47883362389841516     
   1.7339999999973856       0.48468471473333746     
   1.7399999999973823       0.49041865219460695     
   1.7459999999973790       0.49603478626298175     
   1.7519999999973757       0.50153251482140815     
   1.7579999999973723       0.50691128335299440     
   1.7639999999973690       0.51217058462045950     
   1.7699999999973657       0.51730995832744875     
   1.7759999999973624       0.52232899076213346     
   1.7819999999973590       0.52722731442350856     
   1.7879999999973557       0.53200460763080615     
   1.7939999999973524       0.53666059411645461     
   1.7999999999973491       0.54119504260300355     
   1.8059999999973457       0.54560776636445507     
   1.8119999999973424       0.54989862277242152     
   1.8179999999973391       0.55406751282756050     
   1.8239999999973358       0.55811438067671848     
   1.8299999999973324       0.56203921311622973     
   1.8359999999973291       0.56584203908180486     
   1.8419999999973258       0.56952292912546321     
   1.8479999999973225       0.57308199487994982     
   1.8539999999973191       0.57651938851108819     
   1.8599999999973158       0.57983530215850965     
   1.8659999999973125       0.58302996736521118     
   1.8719999999973091       0.58610365449639124     
   1.8779999999973058       0.58905667214801061     
   1.8839999999973025       0.59188936654552149     
   1.8899999999972992       0.59460212093321563     
   1.8959999999972958       0.59719535495463572     
   1.9019999999972925       0.59966952402449436     
   1.9079999999972892       0.60202511869254316     
   1.9139999999972859       0.60426266399983197     
   1.9199999999972825       0.60638271882779748     
   1.9259999999972792       0.60838587524062004     
   1.9319999999972759       0.61027275782127810     
   1.9379999999972726       0.61204402300173666     
   1.9439999999972692       0.61370035838769454     
   1.9499999999972659       0.61524248207831467     
   1.9559999999972626       0.61667114198136275     
   1.9619999999972593       0.61798711512417448     
   1.9679999999972559       0.61919120696085217     
   1.9739999999972526       0.62028425067611748     
   1.9799999999972493       0.62126710648621852     
   1.9859999999972460       0.62214066093729137     
   1.9919999999972426       0.62290582620157708     
   1.9979999999972393       0.62356353937188280     
   2.0039999999972360       0.62411476175467617     
   2.0099999999972327       0.62456047816219629     
   2.0159999999972293       0.62490169620395897     
   2.0219999999972260       0.62513944557801771     
   2.0279999999972227       0.62527477736236248     
   2.0339999999972194       0.62530876330680707     
   2.0399999999972160       0.62524249512571728     
   2.0459999999972127       0.62507708379193616     
   2.0519999999972094       0.62481365883224382     
   2.0579999999972061       0.62445336762468628     
   2.0639999999972027       0.62399737469811156     
   2.0699999999971994       0.62344686103422609     
   2.0759999999971961       0.62280302337249582     
   2.0819999999971928       0.62206707351820179     
   2.0879999999971894       0.62124023765394865     
   2.0939999999971861       0.62032375565493114     
   2.0999999999971828       0.61931888040824368     
   2.1059999999971795       0.61822687713651614     
   2.1119999999971761       0.61704902272615270     
   2.1179999999971728       0.61578660506044991     
   2.1239999999971695       0.61444092235784342     
   2.1299999999971662       0.61301328251555021     
   2.1359999999971628       0.61150500245884654     
   2.1419999999971595       0.60991740749622969     
   2.1479999999971562       0.60825183068068855     
   2.1539999999971529       0.60650961217732069     
   2.1599999999971495       0.60469209863750006     
   2.1659999999971462       0.60280064257982380     
   2.1719999999971429       0.60083660177802978     
   2.1779999999971396       0.59880133865609053     
   2.1839999999971362       0.59669621969066478     
   2.1899999999971329       0.59452261482110247     
   2.1959999999971296       0.59228189686716526     
   2.2019999999971263       0.58997544095463883     
   2.2079999999971229       0.58760462394899715     
   2.2139999999971196       0.58517082389726871     
   2.2199999999971163       0.58267541947825563     
   2.2259999999971130       0.58011978946124276     
   2.2319999999971096       0.57750531217333212     
   2.2379999999971063       0.57483336497552073     
   2.2439999999971030       0.57210532374765211     
   2.2499999999970997       0.56932256238234114     
   2.2559999999970963       0.56648645228798122     
   2.2619999999970930       0.56359836190093715     
   2.2679999999970897       0.56065965620700309     
   2.2739999999970864       0.55767169627221691     
   2.2799999999970830       0.55463583878311118     
   2.2859999999970797       0.55155343559646230     
   2.2919999999970764       0.54842583329860906     
   2.2979999999970731       0.54525437277439703     
   2.3039999999970697       0.54204038878580085     
   2.3099999999970664       0.53878520956026554     
   2.3159999999970631       0.53549015638881137     
   2.3219999999970597       0.53215654323393147     
   2.3279999999970564       0.52878567634731000     
   2.3339999999970531       0.52537885389738315     
   2.3399999999970498       0.52193736560675308     
   2.3459999999970464       0.51846249239947373     
   2.3519999999970431       0.51495550605819973     
   2.3579999999970398       0.51141766889120777     
   2.3639999999970365       0.50785023340927637     
   2.3699999999970331       0.50425444201241232     
   2.3759999999970298       0.50063152668640998     
   2.3819999999970265       0.49698270870921324     
   2.3879999999970232       0.49330919836706222     
   2.3939999999970198       0.48961219468037787     
   2.3999999999970165       0.48589288513936196     
   2.4059999999970132       0.48215244544925812     
   2.4119999999970099       0.47839203928523322     
   2.4179999999970065       0.47461281805682859     
   2.4239999999970032       0.47081592068191680     
   2.4299999999969999       0.46700247337011536     
   2.4359999999969966       0.46317358941558689     
   2.4419999999969932       0.45933036899915408     
   2.4479999999969899       0.45547389899966872     
   2.4539999999969866       0.45160525281454672     
   2.4599999999969833       0.44772549018940033     
   2.4659999999969799       0.44383565705667244     
   2.4719999999969766       0.43993678538320408     
   2.4779999999969733       0.43602989302662459     
   2.4839999999969700       0.43211598360048825     
   2.4899999999969666       0.42819604634805725     
   2.4959999999969633       0.42427105602462528     
   2.5019999999969600       0.42034197278828822     
   2.5079999999969567       0.41640974209905673     
   2.5139999999969533       0.41247529462619842     
   2.5199999999969500       0.40853954616370647     
   2.5259999999969467       0.40460339755377950     
   2.5319999999969434       0.40066773461819832     
   2.5379999999969400       0.39673342809748807     
   2.5439999999969367       0.39280133359773989     
   2.5499999999969334       0.38887229154498093     
   2.5559999999969301       0.38494712714696189     
   2.5619999999969267       0.38102665036224709     
   2.5679999999969234       0.37711165587647483     
   2.5739999999969201       0.37320292308566849     
   2.5799999999969168       0.36930121608646027     
   2.5859999999969134       0.36540728367311198     
   2.5919999999969101       0.36152185934118952     
   2.5979999999969068       0.35764566129776748     
   2.6039999999969035       0.35377939247802909     
   2.6099999999969001       0.34992374056812842     
   2.6159999999968968       0.34607937803418076     
   2.6219999999968935       0.34224696215724554     
   2.6279999999968902       0.33842713507416877     
   2.6339999999968868       0.33462052382414820     
   2.6399999999968835       0.33082774040088275     
   2.6459999999968802       0.32704938181017418     
   2.6519999999968769       0.32328603013284235     
   2.6579999999968735       0.31953825259281393     
   2.6639999999968702       0.31580660163025387     
   2.6699999999968669       0.31209161497959997     
   2.6759999999968636       0.30839381575236163     
   2.6819999999968602       0.30471371252455037     
   2.6879999999968569       0.30105179942860472     
   2.6939999999968536       0.29740855624967011     
   2.6999999999968503       0.29378444852610691     
   2.7059999999968469       0.29017992765408018     
   2.7119999999968436       0.28659543099610774     
   2.7179999999968403       0.28303138199342665     
   2.7239999999968370       0.27948819028204536     
   2.7299999999968336       0.27596625181235523     
   2.7359999999968303       0.27246594897215981     
   2.7419999999968270       0.26898765071300251     
   2.7479999999968237       0.26553171267965442     
   2.7539999999968203       0.26209847734264130     
   2.7599999999968170       0.25868827413367446     
   2.7659999999968137       0.25530141958386626     
   2.7719999999968103       0.25193821746460215     
   2.7779999999968070       0.24859895893094436     
   2.7839999999968037       0.24528392266744653     
   2.7899999999968004       0.24199337503625767     
   2.7959999999967970       0.23872757022739530     
   2.8019999999967937       0.23548675041106809     
   2.8079999999967904       0.23227114589193393     
   2.8139999999967871       0.22908097526517485     
   2.8199999999967837       0.22591644557427487     
   2.8259999999967804       0.22277775247039217     
   2.8319999999967771       0.21966508037320925     
   2.8379999999967738       0.21657860263315501     
   2.8439999999967704       0.21351848169489054     
   2.8499999999967671       0.21048486926195284     
   2.8559999999967638       0.20747790646245029     
   2.8619999999967605       0.20449772401571134     
   2.8679999999967571       0.20154444239977989     
   2.8739999999967538       0.19861817201966339     
   2.8799999999967505       0.19571901337623576     
   2.8859999999967472       0.19284705723569368     
   2.8919999999967438       0.19000238479948309     
   2.8979999999967405       0.18718506787459446     
   2.9039999999967372       0.18439516904414033     
   2.9099999999967339       0.18163274183813061     
   2.9159999999967305       0.17889783090435329     
   2.9219999999967272       0.17619047217927924     
   2.9279999999967239       0.17351069305891009     
   2.9339999999967206       0.17085851256948548     
   2.9399999999967172       0.16823394153797222     
   2.9459999999967139       0.16563698276226077     
   2.9519999999967106       0.16306763118098944     
   2.9579999999967073       0.16052587404292820     
   2.9639999999967039       0.15801169107584806     
   2.9699999999967006       0.15552505465480687     
   2.9759999999966973       0.15306592996978710     
   2.9819999999966940       0.15063427519261541     
   2.9879999999966906       0.14823004164310560     
   2.9939999999966873       0.14585317395435959     
