  -3.0000000000000000       -6.5261286959562181E-002
  -2.9940000000000033       -6.6505673416615896E-002
  -2.9880000000000067       -6.7769281878013551E-002
  -2.9820000000000100       -6.9052302425670953E-002
  -2.9760000000000133       -7.0354924478768621E-002
  -2.9700000000000166       -7.1677336716793549E-002
  -2.9640000000000200       -7.3019727001032708E-002
  -2.9580000000000233       -7.4382282294514615E-002
  -2.9520000000000266       -7.5765188580399365E-002
  -2.9460000000000299       -7.7168630778814820E-002
  -2.9400000000000333       -7.8592792662138991E-002
  -2.9340000000000366       -8.0037856768729279E-002
  -2.9280000000000399       -8.1504004315101297E-002
  -2.9220000000000432       -8.2991415106556304E-002
  -2.9160000000000466       -8.4500267446264002E-002
  -2.9100000000000499       -8.6030738042802646E-002
  -2.9040000000000532       -8.7583001916161515E-002
  -2.8980000000000565       -8.9157232302210981E-002
  -2.8920000000000599       -9.0753600555648420E-002
  -2.8860000000000632       -9.2372276051425353E-002
  -2.8800000000000665       -9.4013426084666188E-002
  -2.8740000000000698       -9.5677215769087137E-002
  -2.8680000000000732       -9.7363807933924698E-002
  -2.8620000000000765       -9.9073363019387434E-002
  -2.8560000000000798      -0.10080603897064221     
  -2.8500000000000831      -0.10256199113034668     
  -2.8440000000000865      -0.10434137212974687     
  -2.8380000000000898      -0.10614433177835109     
  -2.8320000000000931      -0.10797101695219860     
  -2.8260000000000964      -0.10982157148074113     
  -2.8200000000000998      -0.11169613603235685     
  -2.8140000000001031      -0.11359484799851358     
  -2.8080000000001064      -0.11551784137660634     
  -2.8020000000001097      -0.11746524665148914     
  -2.7960000000001131      -0.11943719067572510     
  -2.7900000000001164      -0.12143379654858023     
  -2.7840000000001197      -0.12345518349378551     
  -2.7780000000001230      -0.12550146673609511     
  -2.7720000000001264      -0.12757275737667001     
  -2.7660000000001297      -0.12966916226731501     
  -2.7600000000001330      -0.13179078388359988     
  -2.7540000000001363      -0.13393772019689887     
  -2.7480000000001397      -0.13611006454538035     
  -2.7420000000001430      -0.13830790550398031     
  -2.7360000000001463      -0.14053132675339852     
  -2.7300000000001496      -0.14278040694815219     
  -2.7240000000001530      -0.14505521958372600     
  -2.7180000000001563      -0.14735583286286075     
  -2.7120000000001596      -0.14968230956101788     
  -2.7060000000001629      -0.15203470689106641     
  -2.7000000000001663      -0.15441307636723320     
  -2.6940000000001696      -0.15681746366836496     
  -2.6880000000001729      -0.15924790850054391     
  -2.6820000000001762      -0.16170444445911147     
  -2.6760000000001796      -0.16418709889014199     
  -2.6700000000001829      -0.16669589275142507     
  -2.6640000000001862      -0.16923084047300185     
  -2.6580000000001895      -0.17179194981731202     
  -2.6520000000001929      -0.17437922173900636     
  -2.6460000000001962      -0.17699265024448055     
  -2.6400000000001995      -0.17963222225118722     
  -2.6340000000002028      -0.18229791744678542     
  -2.6280000000002062      -0.18498970814818907     
  -2.6220000000002095      -0.18770755916057472     
  -2.6160000000002128      -0.19045142763641043     
  -2.6100000000002161      -0.19322126293457451     
  -2.6040000000002195      -0.19601700647962311     
  -2.5980000000002228      -0.19883859162128123     
  -2.5920000000002261      -0.20168594349421887     
  -2.5860000000002294      -0.20455897887818564     
  -2.5800000000002328      -0.20745760605857375     
  -2.5740000000002361      -0.21038172468748273     
  -2.5680000000002394      -0.21333122564535567     
  -2.5620000000002427      -0.21630599090326774     
  -2.5560000000002461      -0.21930589338593651     
  -2.5500000000002494      -0.22233079683553669     
  -2.5440000000002527      -0.22538055567639401     
  -2.5380000000002561      -0.22845501488063968     
  -2.5320000000002594      -0.23155400983490601     
  -2.5260000000002627      -0.23467736620814500     
  -2.5200000000002660      -0.23782489982065183     
  -2.5140000000002694      -0.24099641651437956     
  -2.5080000000002727      -0.24419171202462986     
  -2.5020000000002760      -0.24741057185320234     
  -2.4960000000002793      -0.25065277114309764     
  -2.4900000000002827      -0.25391807455485266     
  -2.4840000000002860      -0.25720623614460708     
  -2.4780000000002893      -0.26051699924398303     
  -2.4720000000002926      -0.26385009634187623     
  -2.4660000000002960      -0.26720524896824410     
  -2.4600000000002993      -0.27058216757998893     
  -2.4540000000003026      -0.27398055144902678     
  -2.4480000000003059      -0.27740008855263848     
  -2.4420000000003093      -0.28084045546619496     
  -2.4360000000003126      -0.28430131725835694     
  -2.4300000000003159      -0.28778232738884163     
  -2.4240000000003192      -0.29128312760885611     
  -2.4180000000003226      -0.29480334786429507     
  -2.4120000000003259      -0.29834260620179737     
  -2.4060000000003292      -0.30190050867776747     
  -2.4000000000003325      -0.30547664927045187     
  -2.3940000000003359      -0.30907060979517809     
  -2.3880000000003392      -0.31268195982285257     
  -2.3820000000003425      -0.31631025660181439     
  -2.3760000000003458      -0.31995504498315308     
  -2.3700000000003492      -0.32361585734958370     
  -2.3640000000003525      -0.32729221354798399     
  -2.3580000000003558      -0.33098362082569227     
  -2.3520000000003591      -0.33468957377066977     
  -2.3460000000003625      -0.33840955425562402     
  -2.3400000000003658      -0.34214303138619789     
  -2.3340000000003691      -0.34588946145332183     
  -2.3280000000003724      -0.34964828788983204     
  -2.3220000000003758      -0.35341894123145351     
  -2.3160000000003791      -0.35720083908224609     
  -2.3100000000003824      -0.36099338608461740     
  -2.3040000000003857      -0.36479597389399443     
  -2.2980000000003891      -0.36860798115826099     
  -2.2920000000003924      -0.37242877350205000     
  -2.2860000000003957      -0.37625770351599402     
  -2.2800000000003990      -0.38009411075102745     
  -2.2740000000004024      -0.38393732171783551     
  -2.2680000000004057      -0.38778664989154749     
  -2.2620000000004090      -0.39164139572176504     
  -2.2560000000004123      -0.39550084664802043     
  -2.2500000000004157      -0.39936427712075356     
  -2.2440000000004190      -0.40323094862790360     
  -2.2380000000004223      -0.40710010972719712     
  -2.2320000000004256      -0.41097099608422788     
  -2.2260000000004290      -0.41484283051641069     
  -2.2200000000004323      -0.41871482304289476     
  -2.2140000000004356      -0.42258617094052275     
  -2.2080000000004389      -0.42645605880591564     
  -2.2020000000004423      -0.43032365862376148     
  -2.1960000000004456      -0.43418812984139427     
  -2.1900000000004489      -0.43804861944973034     
  -2.1840000000004522      -0.44190426207064509     
  -2.1780000000004556      -0.44575418005085643     
  -2.1720000000004589      -0.44959748356239232     
  -2.1660000000004622      -0.45343327070970718     
  -2.1600000000004655      -0.45726062764351161     
  -2.1540000000004689      -0.46107862868138882     
  -2.1480000000004722      -0.46488633643524557     
  -2.1420000000004755      -0.46868280194567341     
  -2.1360000000004788      -0.47246706482326301     
  -2.1300000000004822      -0.47623815339693465     
  -2.1240000000004855      -0.47999508486933140     
  -2.1180000000004888      -0.48373686547933059     
  -2.1120000000004922      -0.48746249067171088     
  -2.1060000000004955      -0.49117094527402444     
  -2.1000000000004988      -0.49486120368071607     
  -2.0940000000005021      -0.49853223004451575     
  -2.0880000000005055      -0.50218297847515569     
  -2.0820000000005088      -0.50581239324542393     
  -2.0760000000005121      -0.50941940900460025     
  -2.0700000000005154      -0.51300295099928217     
  -2.0640000000005188      -0.51656193530163497     
  -2.0580000000005221      -0.52009526904507541     
  -2.0520000000005254      -0.52360185066740661     
  -2.0460000000005287      -0.52708057016141219     
  -2.0400000000005321      -0.53053030933291700     
  -2.0340000000005354      -0.53394994206631807     
  -2.0280000000005387      -0.53733833459758451     
  -2.0220000000005420      -0.54069434579471964     
  -2.0160000000005454      -0.54401682744567803     
  -2.0100000000005487      -0.54730462455372431     
  -2.0040000000005520      -0.55055657564021876     
  -1.9980000000005553      -0.55377151305480277     
  -1.9920000000005587      -0.55694826329296776     
  -1.9860000000005620      -0.56008564732096844     
  -1.9800000000005653      -0.56318248090805445     
  -1.9740000000005686      -0.56623757496597826     
  -1.9680000000005720      -0.56924973589573868     
  -1.9620000000005753      -0.57221776594150986     
  -1.9560000000005786      -0.57514046355170967     
  -1.9500000000005819      -0.57801662374714657     
  -1.9440000000005853      -0.58084503849618840     
  -1.9380000000005886      -0.58362449709688202     
  -1.9320000000005919      -0.58635378656596537     
  -1.9260000000005952      -0.58903169203468253     
  -1.9200000000005986      -0.59165699715133568     
  -1.9140000000006019      -0.59422848449048449     
  -1.9080000000006052      -0.59674493596870104     
  -1.9020000000006085      -0.59920513326679670     
  -1.8960000000006119      -0.60160785825840979     
  -1.8900000000006152      -0.60395189344486599     
  -1.8840000000006185      -0.60623602239618624     
  -1.8780000000006218      -0.60845903019814773     
  -1.8720000000006252      -0.61061970390526576     
  -1.8660000000006285      -0.61271683299958235     
  -1.8600000000006318      -0.61474920985512771     
  -1.8540000000006351      -0.61671563020793241     
  -1.8480000000006385      -0.61861489363144073     
  -1.8420000000006418      -0.62044580401719340     
  -1.8360000000006451      -0.62220717006062642     
  -1.8300000000006484      -0.62389780575183662     
  -1.8240000000006518      -0.62551653087115922     
  -1.8180000000006551      -0.62706217148939247     
  -1.8120000000006584      -0.62853356047250297     
  -1.8060000000006617      -0.62992953799064655     
  -1.8000000000006651      -0.63124895203131970     
  -1.7940000000006684      -0.63249065891647016     
  -1.7880000000006717      -0.63365352382337248     
  -1.7820000000006750      -0.63473642130908847     
  -1.7760000000006784      -0.63573823583830869     
  -1.7700000000006817      -0.63665786231438104     
  -1.7640000000006850      -0.63749420661332379     
  -1.7580000000006883      -0.63824618612060646     
  -1.7520000000006917      -0.63891273027050177     
  -1.7460000000006950      -0.63949278108777230     
  -1.7400000000006983      -0.63998529373148649     
  -1.7340000000007016      -0.64038923704073047     
  -1.7280000000007050      -0.64070359408198652     
  -1.7220000000007083      -0.64092736269794792     
  -1.7160000000007116      -0.64105955605752851     
  -1.7100000000007149      -0.64109920320682534     
  -1.7040000000007183      -0.64104534962079307     
  -1.6980000000007216      -0.64089705775537453     
  -1.6920000000007249      -0.64065340759983724     
  -1.6860000000007282      -0.64031349722906250     
  -1.6800000000007316      -0.63987644335551730     
  -1.6740000000007349      -0.63934138188065703     
  -1.6680000000007382      -0.63870746844548321     
  -1.6620000000007416      -0.63797387897998736     
  -1.6560000000007449      -0.63713981025121458     
  -1.6500000000007482      -0.63620448040966004     
  -1.6440000000007515      -0.63516712953372667     
  -1.6380000000007549      -0.63402702017196100     
  -1.6320000000007582      -0.63278343788277769     
  -1.6260000000007615      -0.63143569177139758     
  -1.6200000000007648      -0.62998311502369331     
  -1.6140000000007682      -0.62842506543666687     
  -1.6080000000007715      -0.62676092594525290     
  -1.6020000000007748      -0.62499010514516273     
  -1.5960000000007781      -0.62311203781146562     
  -1.5900000000007815      -0.62112618541260756     
  -1.5840000000007848      -0.61903203661957151     
  -1.5780000000007881      -0.61682910780987366     
  -1.5720000000007914      -0.61451694356609721     
  -1.5660000000007948      -0.61209511716865250     
  -1.5600000000007981      -0.60956323108246591     
  -1.5540000000008014      -0.60692091743728660     
  -1.5480000000008047      -0.60416783850131017     
  -1.5420000000008081      -0.60130368714780857     
  -1.5360000000008114      -0.59832818731445991     
  -1.5300000000008147      -0.59524109445507356     
  -1.5240000000008180      -0.59204219598340468     
  -1.5180000000008214      -0.58873131170874882     
  -1.5120000000008247      -0.58530829426301212     
  -1.5060000000008280      -0.58177302951895560     
  -1.5000000000008313      -0.57812543699930130     
  -1.4940000000008347      -0.57436547027641049     
  -1.4880000000008380      -0.57049311736221631     
  -1.4820000000008413      -0.56650840108812417     
  -1.4760000000008446      -0.56241137947457220     
  -1.4700000000008480      -0.55820214608996110     
  -1.4640000000008513      -0.55388083039865488     
  -1.4580000000008546      -0.54944759809775978     
  -1.4520000000008579      -0.54490265144239447     
  -1.4460000000008613      -0.54024622955915991     
  -1.4400000000008646      -0.53547860874752828     
  -1.4340000000008679      -0.53060010276886527     
  -1.4280000000008712      -0.52561106312280903     
  -1.4220000000008746      -0.52051187931073128     
  -1.4160000000008779      -0.51530297908600842     
  -1.4100000000008812      -0.50998482869083361     
  -1.4040000000008845      -0.50455793307930874     
  -1.3980000000008879      -0.49902283612655141     
  -1.3920000000008912      -0.49338012082357141     
  -1.3860000000008945      -0.48763040945765440     
  -1.3800000000008978      -0.48177436377801558     
  -1.3740000000009012      -0.47581268514647884     
  -1.3680000000009045      -0.46974611467294469     
  -1.3620000000009078      -0.46357543333542306     
  -1.3560000000009111      -0.45730146208439487     
  -1.3500000000009145      -0.45092506193129572     
  -1.3440000000009178      -0.44444713402089936     
  -1.3380000000009211      -0.43786861968739921     
  -1.3320000000009244      -0.43119050049398522     
  -1.3260000000009278      -0.42441379825572206     
  -1.3200000000009311      -0.41753957504554234     
  -1.3140000000009344      -0.41056893318317239     
  -1.3080000000009377      -0.40350301520682036     
  -1.3020000000009411      -0.39634300382745530     
  -1.2960000000009444      -0.38909012186552516     
  -1.2900000000009477      -0.38174563216995328     
  -1.2840000000009510      -0.37431083751928212     
  -1.2780000000009544      -0.36678708050481529     
  -1.2720000000009577      -0.35917574339564046     
  -1.2660000000009610      -0.35147824798540700     
  -1.2600000000009643      -0.34369605542075360     
  -1.2540000000009677      -0.33583066601127870     
  -1.2480000000009710      -0.32788361902095986     
  -1.2420000000009743      -0.31985649244094111     
  -1.2360000000009776      -0.31175090274360751     
  -1.2300000000009810      -0.30356850461788493     
  -1.2240000000009843      -0.29531099068570271     
  -1.2180000000009876      -0.28698009119957479     
  -1.2120000000009910      -0.27857757372125558     
  -1.2060000000009943      -0.27010524278144837     
  -1.2000000000009976      -0.26156493952054144     
  -1.1940000000010009      -0.25295854131036188     
  -1.1880000000010043      -0.24428796135695130     
  -1.1820000000010076      -0.23555514828436983     
  -1.1760000000010109      -0.22676208569955164     
  -1.1700000000010142      -0.21791079173824154     
  -1.1640000000010176      -0.20900331859205076     
  -1.1580000000010209      -0.20004175201668700     
  -1.1520000000010242      -0.19102821082142052     
  -1.1460000000010275      -0.18196484633985341     
  -1.1400000000010309      -0.17285384188208108     
  -1.1340000000010342      -0.16369741216833208     
  -1.1280000000010375      -0.15449780274419941     
  -1.1220000000010408      -0.14525728937756738     
  -1.1160000000010442      -0.13597817743736804     
  -1.1100000000010475      -0.12666280125429791     
  -1.1040000000010508      -0.11731352346364267     
  -1.0980000000010541      -0.10793273433037094     
  -1.0920000000010575       -9.8522851056660157E-002
  -1.0860000000010608       -8.9086317072037152E-002
  -1.0800000000010641       -7.9625601306321223E-002
  -1.0740000000010674       -7.0143197445574401E-002
  -1.0680000000010708       -6.0641623171263551E-002
  -1.0620000000010741       -5.1123419382863244E-002
  -1.0560000000010774       -4.1591149404126886E-002
  -1.0500000000010807       -3.2047398173274289E-002
  -1.0440000000010841       -2.2494771417344947E-002
  -1.0380000000010874       -1.2935894810985754E-002
  -1.0320000000010907       -3.3734131199446155E-003
  -1.0260000000010940        6.1900106704419157E-003
  -1.0200000000010974        1.5751696241471047E-002
  -1.0140000000011007        2.5308946841703719E-002
  -1.0080000000011040        3.4859050201681306E-002
  -1.0020000000011073        4.4399279462407466E-002
 -0.99600000000111066        5.3926894117252114E-002
 -0.99000000000111399        6.3439140966941671E-002
 -0.98400000000111731        7.2933255087269139E-002
 -0.97800000000112064        8.2406460809165916E-002
 -0.97200000000112396        9.1855972710758460E-002
 -0.96600000000112729       0.10127899662102358     
 -0.96000000000113062       0.11067273063465183     
 -0.95400000000113394       0.12003436613771666     
 -0.94800000000113727       0.12936108884373579     
 -0.94200000000114059       0.13865007983970670     
 -0.93600000000114392       0.14789851664168721     
 -0.93000000000114724       0.15710357425948604     
 -0.92400000000115057       0.16626242627001594     
 -0.91800000000115389       0.17537224589885728     
 -0.91200000000115722       0.18443020710957395     
 -0.90600000000116054       0.19343348570030963     
 -0.90000000000116387       0.20237926040719242     
 -0.89400000000116719       0.21126471401406396     
 -0.88800000000117052       0.22008703446804107     
 -0.88200000000117385       0.22884341600042013     
 -0.87600000000117717       0.23753106025241455     
 -0.87000000000118050       0.24614717740522291     
 -0.86400000000118382       0.25468898731390838     
 -0.85800000000118715       0.26315372064457199     
 -0.85200000000119047       0.27153862001429435     
 -0.84600000000119380       0.27984094113331243     
 -0.84000000000119712       0.28805795394890049     
 -0.83400000000120045       0.29618694379040866     
 -0.82800000000120377       0.30422521251492113     
 -0.82200000000120710       0.31217007965298166     
 -0.81600000000121042       0.32001888355383468     
 -0.81000000000121375       0.32776898252962750     
 -0.80400000000121707       0.33541775599801388     
 -0.79800000000122040       0.34296260562259834     
 -0.79200000000122373       0.35040095645065594     
 -0.78600000000122705       0.35773025804756131     
 -0.78000000000123038       0.36494798562736125     
 -0.77400000000123370       0.37205164117891704     
 -0.76800000000123703       0.37903875458704778     
 -0.76200000000124035       0.38590688474810370     
 -0.75600000000124368       0.39265362067939469     
 -0.75000000000124700       0.39927658262190147     
 -0.74400000000125033       0.40577342313569925     
 -0.73800000000125365       0.41214182818751716     
 -0.73200000000125698       0.41837951822986519     
 -0.72600000000126030       0.42448424927115647     
 -0.72000000000126363       0.43045381393625615     
 -0.71400000000126695       0.43628604251688802     
 -0.70800000000127028       0.44197880401133527     
 -0.70200000000127361       0.44753000715287139     
 -0.69600000000127693       0.45293760142635975     
 -0.69000000000128026       0.45819957807246675     
 -0.68400000000128358       0.46331397107893352     
 -0.67800000000128691       0.46827885815835496     
 -0.67200000000129023       0.47309236171192359     
 -0.66600000000129356       0.47775264977859211     
 -0.66000000000129688       0.48225793696912184     
 -0.65400000000130021       0.48660648538448298     
 -0.64800000000130353       0.49079660551808268     
 -0.64200000000130686       0.49482665714129770     
 -0.63600000000131018       0.49869505017180088     
 -0.63000000000131351       0.50240024552417029     
 -0.62400000000131683       0.50594075594228261     
 -0.61800000000132016       0.50931514681299639     
 -0.61200000000132349       0.51252203696063692     
 -0.60600000000132681       0.51556009942180703     
 -0.60000000000133014       0.51842806220005067     
 -0.59400000000133346       0.52112470899990870     
 -0.58800000000133679       0.52364887993991283     
 -0.58200000000134011       0.52599947224407317     
 -0.57600000000134344       0.52817544091142377     
 -0.57000000000134676       0.53017579936320236     
 -0.56400000000135009       0.53199962006724588     
 -0.55800000000135341       0.53364603513919973     
 -0.55200000000135674       0.53511423692014182     
 -0.54600000000136006       0.53640347853024029     
 -0.54000000000136339       0.53751307439807083     
 -0.53400000000136671       0.53844240076523076     
 -0.52800000000137004       0.53919089616590044     
 -0.52200000000137337       0.53975806188101272     
 -0.51600000000137669       0.54014346236670485     
 -0.51000000000138002       0.54034672565673758     
 -0.50400000000138334       0.54036754373858020     
 -0.49800000000138661       0.54020567290287258     
 -0.49200000000138988       0.53986093406598834     
 -0.48600000000139315       0.53933321306543547     
 -0.48000000000139642       0.53862246092784716     
 -0.47400000000139969       0.53772869410932345     
 -0.46800000000140296       0.53665199470790603     
 -0.46200000000140623       0.53539251064797477     
 -0.45600000000140950       0.53395045583637379     
 -0.45000000000141277       0.53232611029008658     
 -0.44400000000141604       0.53051982023529598     
 -0.43800000000141931       0.52853199817767804     
 -0.43200000000142258       0.52636312294379384     
 -0.42600000000142585       0.52401373969345966     
 -0.42000000000142912       0.52148445990298786     
 -0.41400000000143239       0.51877596131920944     
 -0.40800000000143566       0.51588898788420245     
 -0.40200000000143893       0.51282434963066514     
 -0.39600000000144220       0.50958292254789195     
 -0.39000000000144547       0.50616564841831968     
 -0.38400000000144874       0.50257353462463350     
 -0.37800000000145201       0.49880765392743187     
 -0.37200000000145528       0.49486914421347300     
 -0.36600000000145855       0.49075920821452884     
 -0.36000000000146182       0.48647911319690440     
 -0.35400000000146509       0.48203019062168045     
 -0.34800000000146836       0.47741383577576507     
 -0.34200000000147163       0.47263150737384796     
 -0.33600000000147490       0.46768472713137083     
 -0.33000000000147817       0.46257507930864300     
 -0.32400000000148144       0.45730421022624423     
 -0.31800000000148471       0.45187382775187568     
 -0.31200000000148798       0.44628570075883328     
 -0.30600000000149125       0.44054165855629579     
 -0.30000000000149452       0.43464359029163169     
 -0.29400000000149779       0.42859344432494889     
 -0.28800000000150106       0.42239322757612230     
 -0.28200000000150433       0.41604500484455276     
 -0.27600000000150759       0.40955089810192513     
 -0.27000000000151086       0.40291308575824580     
 -0.26400000000151413       0.39613380190145997     
 -0.25800000000151740       0.38921533551095805     
 -0.25200000000152067       0.38216002964530033     
 -0.24600000000152394       0.37497028060449816     
 -0.24000000000152721       0.36764853706720957     
 -0.23400000000153048       0.36019729920321791     
 -0.22800000000153375       0.35261911776157573     
 -0.22200000000153702       0.34491659313481343     
 -0.21600000000154029       0.33709237439962064     
 -0.21000000000154356       0.32914915833442632     
 -0.20400000000154683       0.32108968841431318     
 -0.19800000000155010       0.31291675378371753     
 -0.19200000000155337       0.30463318820737501     
 -0.18600000000155664       0.29624186899998989     
 -0.18000000000155991       0.28774571593511195     
 -0.17400000000156318       0.27914769013372159     
 -0.16800000000156645       0.27045079293303276     
 -0.16200000000156972       0.26165806473603548     
 -0.15600000000157299       0.25277258384231088     
 -0.15000000000157626       0.24379746526066123     
 -0.14400000000157953       0.23473585950411044     
 -0.13800000000158280       0.22559095136783591     
 -0.13200000000158607       0.21636595869060984     
 -0.12600000000158934       0.20706413110032842     
 -0.12000000000159261       0.19768874874422462     
 -0.11400000000159588       0.18824312100436408     
 -0.10800000000159915       0.17873058519903418     
 -0.10200000000160242       0.16915450527064360     
  -9.6000000001605690E-002  0.15951827046075864     
  -9.0000000001608960E-002  0.14982529397290811     
  -8.4000000001612229E-002  0.14007901162379785     
  -7.8000000001615499E-002  0.13028288048358061     
  -7.2000000001618769E-002  0.12044037750583510     
  -6.6000000001622039E-002  0.11055499814791227     
  -6.0000000001625316E-002  0.10063025498231426     
  -5.4000000001628592E-002   9.0669676299774918E-002
  -4.8000000001631869E-002   8.0676804704716873E-002
  -4.2000000001635146E-002   7.0655195703763912E-002
  -3.6000000001638423E-002   6.0608416287991490E-002
  -3.0000000001641696E-002   5.0540043509602256E-002
  -2.4000000001644969E-002   4.0453663053716109E-002
  -1.8000000001648243E-002   3.0352867805967514E-002
  -1.2000000001651516E-002   2.0241256416605086E-002
  -6.0000000016547901E-003   1.0122431861790845E-002
  -1.6580643108499160E-012   2.7972575392488290E-012
   5.9999999983386615E-003  -1.0122431856197326E-002
   1.1999999998335387E-002  -2.0241256411014565E-002
   1.7999999998332114E-002  -3.0352867800381968E-002
   2.3999999998328841E-002  -4.0453663048137550E-002
   2.9999999998325567E-002  -5.0540043504032663E-002
   3.5999999998322291E-002  -6.0608416282432805E-002
   4.1999999998319014E-002  -7.0655195698218168E-002
   4.7999999998315737E-002  -8.0676804699186033E-002
   5.3999999998312460E-002  -9.0669676294260940E-002
   5.9999999998309184E-002 -0.10063025497681909     
   6.5999999998305914E-002 -0.11055499814243788     
   7.1999999998302644E-002 -0.12044037750038344     
   7.7999999998299374E-002 -0.13028288047815367     
   8.3999999998296104E-002 -0.14007901161839745     
   8.9999999998292834E-002 -0.14982529396753624     
   9.5999999998289565E-002 -0.15951827045541717     
  0.10199999999828629      -0.16915450526533446     
  0.10799999999828302      -0.17873058519375917     
  0.11399999999827976      -0.18824312099912513     
  0.11999999999827649      -0.19768874873902365     
  0.12599999999827322      -0.20706413109516711     
  0.13199999999826995      -0.21636595868549013     
  0.13799999999826668      -0.22559095136275958     
  0.14399999999826341      -0.23473585949907921     
  0.14999999999826014      -0.24379746525567703     
  0.15599999999825687      -0.25277258383737511     
  0.16199999999825360      -0.26165806473115016     
  0.16799999999825033      -0.27045079292819951     
  0.17399999999824706      -0.27914769012894219     
  0.17999999999824379      -0.28774571593038817     
  0.18599999999824052      -0.29624186899532323     
  0.19199999999823725      -0.30463318820276702     
  0.19799999999823398      -0.31291675377916989     
  0.20399999999823071      -0.32108968840982755     
  0.20999999999822744      -0.32914915833000408     
  0.21599999999822417      -0.33709237439526341     
  0.22199999999822090      -0.34491659313052281     
  0.22799999999821763      -0.35261911775735305     
  0.23399999999821436      -0.36019729919906462     
  0.23999999999821109      -0.36764853706312728     
  0.24599999999820782      -0.37497028060048804     
  0.25199999999820455      -0.38216002964136386     
  0.25799999999820128      -0.38921533550709653     
  0.26399999999819801      -0.39613380189767472     
  0.26999999999819474      -0.40291308575453810     
  0.27599999999819147      -0.40955089809829620     
  0.28199999999818820      -0.41604500484100393     
  0.28799999999818493      -0.42239322757265457     
  0.29399999999818166      -0.42859344432156349     
  0.29999999999817839      -0.43464359028832983     
  0.30599999999817512      -0.44054165855307859     
  0.31199999999817185      -0.44628570075570179     
  0.31799999999816858      -0.45187382774883089     
  0.32399999999816531      -0.45730421022328716     
  0.32999999999816204      -0.46257507930577441     
  0.33599999999815877      -0.46768472712859188     
  0.34199999999815550      -0.47263150737115933     
  0.34799999999815223      -0.47741383577316798     
  0.35399999999814896      -0.48203019061917540     
  0.35999999999814569      -0.48647911319449216     
  0.36599999999814242      -0.49075920821221025     
  0.37199999999813915      -0.49486914421124895     
  0.37799999999813588      -0.49880765392530280     
  0.38399999999813261      -0.50257353462260002     
  0.38999999999812934      -0.50616564841638267     
  0.39599999999812607      -0.50958292254605186     
  0.40199999999812280      -0.51282434962892243     
  0.40799999999811953      -0.51588898788255766     
  0.41399999999811626      -0.51877596131766313     
  0.41999999999811299      -0.52148445990154035     
  0.42599999999810972      -0.52401373969211140     
  0.43199999999810645      -0.52636312294254506     
  0.43799999999810318      -0.52853199817652918     
  0.44399999999809991      -0.53051982023424749     
  0.44999999999809664      -0.53232611028913857     
  0.45599999999809337      -0.53395045583552636     
  0.46199999999809011      -0.53539251064722815     
  0.46799999999808684      -0.53665199470726033     
  0.47399999999808357      -0.53772869410877888     
  0.47999999999808030      -0.53862246092740373     
  0.48599999999807703      -0.53933321306509352     
  0.49199999999807376      -0.53986093406574742     
  0.49799999999807049      -0.54020567290273280     
  0.50399999999806722      -0.54036754373854134     
  0.50999999999806389      -0.54034672565679953     
  0.51599999999806057      -0.54014346236686750     
  0.52199999999805724      -0.53975806188127595     
  0.52799999999805391      -0.53919089616626392     
  0.53399999999805059      -0.53844240076569450     
  0.53999999999804726      -0.53751307439863438     
  0.54599999999804394      -0.53640347853090320     
  0.55199999999804061      -0.53511423692090387     
  0.55799999999803729      -0.53364603514006059     
  0.56399999999803396      -0.53199962006820500     
  0.56999999999803064      -0.53017579936425929     
  0.57599999999802731      -0.52817544091257795     
  0.58199999999802399      -0.52599947224532428     
  0.58799999999802066      -0.52364887994126008     
  0.59399999999801734      -0.52112470900135155     
  0.59999999999801401      -0.51842806220158855     
  0.60599999999801069      -0.51556009942343928     
  0.61199999999800736      -0.51252203696236276     
  0.61799999999800403      -0.50931514681481505     
  0.62399999999800071      -0.50594075594419352     
  0.62999999999799738      -0.50240024552617257     
  0.63599999999799406      -0.49869505017389376     
  0.64199999999799073      -0.49482665714348045     
  0.64799999999798741      -0.49079660552035426     
  0.65399999999798408      -0.48660648538684276     
  0.65999999999798076      -0.48225793697156866     
  0.66599999999797743      -0.47775264978112514     
  0.67199999999797411      -0.47309236171454172     
  0.67799999999797078      -0.46827885816105708     
  0.68399999999796746      -0.46331397108171868     
  0.68999999999796413      -0.45819957807533412     
  0.69599999999796081      -0.45293760142930817     
  0.70199999999795748      -0.44753000715589980     
  0.70799999999795415      -0.44197880401444245     
  0.71399999999795083      -0.43628604252007286     
  0.71999999999794750      -0.43045381393951743     
  0.72599999999794418      -0.42448424927449319     
  0.73199999999794085      -0.41837951823327590     
  0.73799999999793753      -0.41214182819100070     
  0.74399999999793420      -0.40577342313925452     
  0.74999999999793088      -0.39927658262552712     
  0.75599999999792755      -0.39265362068308934     
  0.76199999999792423      -0.38590688475186619     
  0.76799999999792090      -0.37903875459087666     
  0.77399999999791758      -0.37205164118281092     
  0.77999999999791425      -0.36494798563131892     
  0.78599999999791093      -0.35773025805158110     
  0.79199999999790760      -0.35040095645473668     
  0.79799999999790427      -0.34296260562673880     
  0.80399999999790095      -0.33541775600221252     
  0.80999999999789762      -0.32776898253388281     
  0.81599999999789430      -0.32001888355814534     
  0.82199999999789097      -0.31217007965734617     
  0.82799999999788765      -0.30422521251933793     
  0.83399999999788432      -0.29618694379487626     
  0.83999999999788100      -0.28805795395341754     
  0.84599999999787767      -0.27984094113787755     
  0.85199999999787435      -0.27153862001890566     
  0.85799999999787102      -0.26315372064922826     
  0.86399999999786770      -0.25468898731860790     
  0.86999999999786437      -0.24614717740996434     
  0.87599999999786105      -0.23753106025719622     
  0.88199999999785772      -0.22884341600524044     
  0.88799999999785439      -0.22008703447289868     
  0.89399999999785107      -0.21126471401895713     
  0.89999999999784774      -0.20237926041212007     
  0.90599999999784442      -0.19343348570526961     
  0.91199999999784109      -0.18443020711456470     
  0.91799999999783777      -0.17537224590387768     
  0.92399999999783444      -0.16626242627506410     
  0.92999999999783112      -0.15710357426456087     
  0.93599999999782779      -0.14789851664678649     
  0.94199999999782447      -0.13865007984482910     
  0.94799999999782114      -0.12936108884887995     
  0.95399999999781782      -0.12003436614288099     
  0.95999999999781449      -0.11067273063983453     
  0.96599999999781117      -0.10127899662622319     
  0.97199999999780784       -9.1855972715973552E-002
  0.97799999999780451       -8.2406460814395191E-002
  0.98399999999780119       -7.2933255092510488E-002
  0.98999999999779786       -6.3439140972193747E-002
  0.99599999999779454       -5.3926894122513454E-002
   1.0019999999977913       -4.4399279467676495E-002
   1.0079999999977880       -3.4859050206956690E-002
   1.0139999999977847       -2.5308946846983482E-002
   1.0199999999977813       -1.5751696246754057E-002
   1.0259999999977780       -6.1900106757267386E-003
   1.0319999999977747        3.3734131146596143E-003
   1.0379999999977714        1.2935894805702097E-002
   1.0439999999977680        2.2494771412064123E-002
   1.0499999999977647        3.2047398167997343E-002
   1.0559999999977614        4.1591149398855554E-002
   1.0619999999977581        5.1123419377599046E-002
   1.0679999999977547        6.0641623166007998E-002
   1.0739999999977514        7.0143197440328486E-002
   1.0799999999977481        7.9625601301086688E-002
   1.0859999999977448        8.9086317066815329E-002
   1.0919999999977414        9.8522851051452601E-002
   1.0979999999977381       0.10793273432517891     
   1.1039999999977348       0.11731352345846695     
   1.1099999999977315       0.12666280124914034     
   1.1159999999977281       0.13597817743223009     
   1.1219999999977248       0.14525728937245017     
   1.1279999999977215       0.15449780273910377     
   1.1339999999977182       0.16369741216325973     
   1.1399999999977148       0.17285384187703318     
   1.1459999999977115       0.18196484633483162     
   1.1519999999977082       0.19102821081642515     
   1.1579999999977049       0.20004175201171986     
   1.1639999999977015       0.20900331858711299     
   1.1699999999976982       0.21791079173333447     
   1.1759999999976949       0.22676208569467635     
   1.1819999999976916       0.23555514827952673     
   1.1879999999976882       0.24428796135214220     
   1.1939999999976849       0.25295854130558820     
   1.1999999999976816       0.26156493951580384     
   1.2059999999976783       0.27010524277674747     
   1.2119999999976749       0.27857757371659253     
   1.2179999999976716       0.28698009119495088     
   1.2239999999976683       0.29531099068111949     
   1.2299999999976650       0.30356850461334262     
   1.2359999999976616       0.31175090273910683     
   1.2419999999976583       0.31985649243648340     
   1.2479999999976550       0.32788361901654606     
   1.2539999999976517       0.33583066600690953     
   1.2599999999976483       0.34369605541642972     
   1.2659999999976450       0.35147824798112931     
   1.2719999999976417       0.35917574339141034     
   1.2779999999976384       0.36678708050063347     
   1.2839999999976350       0.37431083751514888     
   1.2899999999976317       0.38174563216586932     
   1.2959999999976284       0.38909012186149144     
   1.3019999999976251       0.39634300382347309     
   1.3079999999976217       0.40350301520288950     
   1.3139999999976184       0.41056893317929360     
   1.3199999999976151       0.41753957504171668     
   1.3259999999976118       0.42441379825195030     
   1.3319999999976084       0.43119050049026753     
   1.3379999999976051       0.43786861968373619     
   1.3439999999976018       0.44444713401729147     
   1.3499999999975985       0.45092506192774384     
   1.3559999999975951       0.45730146208089933     
   1.3619999999975918       0.46357543333198448     
   1.3679999999975885       0.46974611466956340     
   1.3739999999975852       0.47581268514315500     
   1.3799999999975818       0.48177436377475025     
   1.3859999999975785       0.48763040945444774     
   1.3919999999975752       0.49338012082042343     
   1.3979999999975719       0.49902283612346271     
   1.4039999999975685       0.50455793307627961     
   1.4099999999975652       0.50998482868786488     
   1.4159999999975619       0.51530297908309952     
   1.4219999999975586       0.52051187930788301     
   1.4279999999975552       0.52561106312002126     
   1.4339999999975519       0.53060010276613878     
   1.4399999999975486       0.53547860874486319     
   1.4459999999975452       0.54024622955655588     
   1.4519999999975419       0.54490265143985195     
   1.4579999999975386       0.54944759809527899     
   1.4639999999975353       0.55388083039623581     
   1.4699999999975319       0.55820214608760366     
   1.4759999999975286       0.56241137947227648     
   1.4819999999975253       0.56650840108589062     
   1.4879999999975220       0.57049311736004515     
   1.4939999999975186       0.57436547027430118     
   1.4999999999975153       0.57812543699725427     
   1.5059999999975120       0.58177302951697063     
   1.5119999999975087       0.58530829426108966     
   1.5179999999975053       0.58873131170688831     
   1.5239999999975020       0.59204219598160568     
   1.5299999999974987       0.59524109445333639     
   1.5359999999974954       0.59832818731278470     
   1.5419999999974920       0.60130368714619553     
   1.5479999999974887       0.60416783849975819     
   1.5539999999974854       0.60692091743579546     
   1.5599999999974821       0.60956323108103583     
   1.5659999999974787       0.61209511716728393     
   1.5719999999974754       0.61451694356478936     
   1.5779999999974721       0.61682910780862577     
   1.5839999999974688       0.61903203661838380     
   1.5899999999974654       0.62112618541148024     
   1.5959999999974621       0.62311203781039803     
   1.6019999999974588       0.62499010514415443     
   1.6079999999974555       0.62676092594430344     
   1.6139999999974521       0.62842506543577659     
   1.6199999999974488       0.62998311502286153     
   1.6259999999974455       0.63143569177062331     
   1.6319999999974422       0.63278343788206137     
   1.6379999999974388       0.63402702017130186     
   1.6439999999974355       0.63516712953312526     
   1.6499999999974322       0.63620448040911515     
   1.6559999999974289       0.63713981025072552     
   1.6619999999974255       0.63797387897955415     
   1.6679999999974222       0.63870746844510495     
   1.6739999999974189       0.63934138188033396     
   1.6799999999974156       0.63987644335524840     
   1.6859999999974122       0.64031349722884789     
   1.6919999999974089       0.64065340759967582     
   1.6979999999974056       0.64089705775526595     
   1.7039999999974023       0.64104534962073689     
   1.7099999999973989       0.64109920320682123     
   1.7159999999973956       0.64105955605757559     
   1.7219999999973923       0.64092736269804595     
   1.7279999999973890       0.64070359408213473     
   1.7339999999973856       0.64038923704092865     
   1.7399999999973823       0.63998529373173429     
   1.7459999999973790       0.63949278108806829     
   1.7519999999973757       0.63891273027084605     
   1.7579999999973723       0.63824618612099859     
   1.7639999999973690       0.63749420661376244     
   1.7699999999973657       0.63665786231486643     
   1.7759999999973624       0.63573823583883926     
   1.7819999999973590       0.63473642130966423     
   1.7879999999973557       0.63365352382399298     
   1.7939999999973524       0.63249065891713463     
   1.7999999999973491       0.63124895203202724     
   1.8059999999973457       0.62992953799139650     
   1.8119999999973424       0.62853356047329489     
   1.8179999999973391       0.62706217149022592     
   1.8239999999973358       0.62551653087203340     
   1.8299999999973324       0.62389780575275067     
   1.8359999999973291       0.62220717006158022     
   1.8419999999973258       0.62044580401818650     
   1.8479999999973225       0.61861489363247157     
   1.8539999999973191       0.61671563020900000     
   1.8599999999973158       0.61474920985623216     
   1.8659999999973125       0.61271683300072288     
   1.8719999999973091       0.61061970390644205     
   1.8779999999973058       0.60845903019935843     
   1.8839999999973025       0.60623602239743124     
   1.8899999999972992       0.60395189344614453     
   1.8959999999972958       0.60160785825972174     
   1.9019999999972925       0.59920513326814029     
   1.9079999999972892       0.59674493597007627     
   1.9139999999972859       0.59422848449189003     
   1.9199999999972825       0.59165699715277131     
   1.9259999999972792       0.58903169203614725     
   1.9319999999972759       0.58635378656745907     
   1.9379999999972726       0.58362449709840369     
   1.9439999999972692       0.58084503849773739     
   1.9499999999972659       0.57801662374872287     
   1.9559999999972626       0.57514046355331150     
   1.9619999999972593       0.57221776594313678     
   1.9679999999972559       0.56924973589739059     
   1.9739999999972526       0.56623757496765426     
   1.9799999999972493       0.56318248090975376     
   1.9859999999972460       0.56008564732269039     
   1.9919999999972426       0.55694826329471192     
   1.9979999999972393       0.55377151305656858     
   2.0039999999972360       0.55055657564200522     
   2.0099999999972327       0.54730462455553053     
   2.0159999999972293       0.54401682744750368     
   2.0219999999972260       0.54069434579656472     
   2.0279999999972227       0.53733833459944735     
   2.0339999999972194       0.53394994206819857     
   2.0399999999972160       0.53053030933481449     
   2.0459999999972127       0.52708057016332621     
   2.0519999999972094       0.52360185066933662     
   2.0579999999972061       0.52009526904702019     
   2.0639999999972027       0.51656193530359440     
   2.0699999999971994       0.51300295100125537     
   2.0759999999971961       0.50941940900658678     
   2.0819999999971928       0.50581239324742333     
   2.0879999999971894       0.50218297847716686     
   2.0939999999971861       0.49853223004653840     
   2.0999999999971828       0.49486120368274938     
   2.1059999999971795       0.49117094527606892     
   2.1119999999971761       0.48746249067376463     
   2.1179999999971728       0.48373686548139366     
   2.1239999999971695       0.47999508487140286     
   2.1299999999971662       0.47623815339901410     
   2.1359999999971628       0.47246706482535028     
   2.1419999999971595       0.46868280194776768     
   2.1479999999971562       0.46488633643734595     
   2.1539999999971529       0.46107862868349536     
   2.1599999999971495       0.45726062764562408     
   2.1659999999971462       0.45343327071182421     
   2.1719999999971429       0.44959748356451362     
   2.1779999999971396       0.44575418005298151     
   2.1839999999971362       0.44190426207277367     
   2.1899999999971329       0.43804861945186196     
   2.1959999999971296       0.43418812984352823     
   2.2019999999971263       0.43032365862589744     
   2.2079999999971229       0.42645605880805293     
   2.2139999999971196       0.42258617094266143     
   2.2199999999971163       0.41871482304503399     
   2.2259999999971130       0.41484283051854981     
   2.2319999999971096       0.41097099608636700     
   2.2379999999971063       0.40710010972933536     
   2.2439999999971030       0.40323094863004066     
   2.2499999999970997       0.39936427712288930     
   2.2559999999970963       0.39550084665015389     
   2.2619999999970930       0.39164139572389611     
   2.2679999999970897       0.38778664989367584     
   2.2739999999970864       0.38393732171996042     
   2.2799999999970830       0.38009411075314858     
   2.2859999999970797       0.37625770351811128     
   2.2919999999970764       0.37242877350416309     
   2.2979999999970731       0.36860798116036930     
   2.3039999999970697       0.36479597389609786     
   2.3099999999970664       0.36099338608671555     
   2.3159999999970631       0.35720083908433881     
   2.3219999999970597       0.35341894123353995     
   2.3279999999970564       0.34964828789191210     
   2.3339999999970531       0.34588946145539506     
   2.3399999999970498       0.34214303138826407     
   2.3459999999970464       0.33840955425768304     
   2.3519999999970431       0.33468957377272107     
   2.3579999999970398       0.33098362082773553     
   2.3639999999970365       0.32729221355001925     
   2.3699999999970331       0.32361585735161069     
   2.3759999999970298       0.31995504498517141     
   2.3819999999970265       0.31631025660382339     
   2.3879999999970232       0.31268195982485225     
   2.3939999999970198       0.30907060979716827     
   2.3999999999970165       0.30547664927243218     
   2.4059999999970132       0.30190050867973806     
   2.4119999999970099       0.29834260620375780     
   2.4179999999970065       0.29480334786624512     
   2.4239999999970032       0.29128312761079567     
   2.4299999999969999       0.28778232739077003     
   2.4359999999969966       0.28430131726027447     
   2.4419999999969932       0.28084045546810132     
   2.4479999999969899       0.27740008855453346     
   2.4539999999969866       0.27398055145090999     
   2.4599999999969833       0.27058216758186043     
   2.4659999999969799       0.26720524897010339     
   2.4719999999969766       0.26385009634372353     
   2.4779999999969733       0.26051699924581839     
   2.4839999999969700       0.25720623614642979     
   2.4899999999969666       0.25391807455666293     
   2.4959999999969633       0.25065277114489520     
   2.5019999999969600       0.24741057185498716     
   2.5079999999969567       0.24419171202640153     
   2.5139999999969533       0.24099641651613826     
   2.5199999999969500       0.23782489982239716     
   2.5259999999969467       0.23467736620987723     
   2.5319999999969434       0.23155400983662491     
   2.5379999999969400       0.22845501488234504     
   2.5439999999969367       0.22538055567808563     
   2.5499999999969334       0.22233079683721466     
   2.5559999999969301       0.21930589338760079     
   2.5619999999969267       0.21630599090491820     
   2.5679999999969234       0.21333122564699206     
   2.5739999999969201       0.21038172468910521     
   2.5799999999969168       0.20745760606018218     
   2.5859999999969134       0.20455897887977978     
   2.5919999999969101       0.20168594349579899     
   2.5979999999969068       0.19883859162284723     
   2.6039999999969035       0.19601700648117468     
   2.6099999999969001       0.19322126293611167     
   2.6159999999968968       0.19045142763793346     
   2.6219999999968935       0.18770755916208337     
   2.6279999999968902       0.18498970814968335     
   2.6339999999968868       0.18229791744826529     
   2.6399999999968835       0.17963222225265268     
   2.6459999999968802       0.17699265024593155     
   2.6519999999968769       0.17437922174044287     
   2.6579999999968735       0.17179194981873400     
   2.6639999999968702       0.16923084047440939     
   2.6699999999968669       0.16669589275281824     
   2.6759999999968636       0.16418709889152056     
   2.6819999999968602       0.16170444446047552     
   2.6879999999968569       0.15924790850189383     
   2.6939999999968536       0.15681746366970026     
   2.6999999999968503       0.15441307636855414     
   2.7059999999968469       0.15203470689237297     
   2.7119999999968436       0.14968230956231018     
   2.7179999999968403       0.14735583286413889     
   2.7239999999968370       0.14505521958498979     
   2.7299999999968336       0.14278040694940161     
   2.7359999999968303       0.14053132675463378     
   2.7419999999968270       0.13830790550520142     
   2.7479999999968237       0.13611006454658728     
   2.7539999999968203       0.13393772019809178     
   2.7599999999968170       0.13179078388477874     
   2.7659999999968137       0.12966916226847996     
   2.7719999999968103       0.12757275737782109     
   2.7779999999968070       0.12550146673723223     
   2.7839999999968037       0.12345518349490890     
   2.7899999999968004       0.12143379654968998     
   2.7959999999967970       0.11943719067682124     
   2.8019999999967937       0.11746524665257156     
   2.8079999999967904       0.11551784137767522     
   2.8139999999967871       0.11359484799956907     
   2.8199999999967837       0.11169613603339897     
   2.8259999999967804       0.10982157148176994     
   2.8319999999967771       0.10797101695321411     
   2.8379999999967738       0.10614433177935359     
   2.8439999999967704       0.10434137213073628     
   2.8499999999967671       0.10256199113132303     
   2.8559999999967638       0.10080603897160553     
   2.8619999999967605        9.9073363020338145E-002
   2.8679999999967571        9.7363807934862628E-002
   2.8739999999967538        9.5677215770012397E-002
   2.8799999999967505        9.4013426085579083E-002
   2.8859999999967472        9.2372276052325647E-002
   2.8919999999967438        9.0753600556536279E-002
   2.8979999999967405        8.9157232303086684E-002
   2.9039999999967372        8.7583001917024991E-002
   2.9099999999967339        8.6030738043654006E-002
   2.9159999999967305        8.4500267447103330E-002
   2.9219999999967272        8.2991415107383712E-002
   2.9279999999967239        8.1504004315916992E-002
   2.9339999999967206        8.0037856769533386E-002
   2.9399999999967172        7.8592792662931316E-002
   2.9459999999967139        7.7168630779595709E-002
   2.9519999999967106        7.5765188581168860E-002
   2.9579999999967073        7.4382282295272786E-002
   2.9639999999967039        7.3019727001779750E-002
   2.9699999999967006        7.1677336717529488E-002
   2.9759999999966973        7.0354924479493514E-002
   2.9819999999966940        6.9052302426384993E-002
   2.9879999999966906        6.7769281878716836E-002
   2.9939999999966873        6.6505673417308536E-002
