  -3.0000000000000000      -0.26542460273689922     
  -2.9940000000000033      -0.26895486052640299     
  -2.9880000000000067      -0.27250808097812773     
  -2.9820000000000100      -0.27608386323838441     
  -2.9760000000000133      -0.27968179133013599     
  -2.9700000000000166      -0.28330143400175989     
  -2.9640000000000200      -0.28694234457964080     
  -2.9580000000000233      -0.29060406082475182     
  -2.9520000000000266      -0.29428610479339795     
  -2.9460000000000299      -0.29798798270228155     
  -2.9400000000000333      -0.30170918479805731     
  -2.9340000000000366      -0.30544918523154846     
  -2.9280000000000399      -0.30920744193679389     
  -2.9220000000000432      -0.31298339651508900     
  -2.9160000000000466      -0.31677647412420218     
  -2.9100000000000499      -0.32058608337293409     
  -2.9040000000000532      -0.32441161622119047     
  -2.8980000000000565      -0.32825244788574343     
  -2.8920000000000599      -0.33210793675185868     
  -2.8860000000000632      -0.33597742429095467     
  -2.8800000000000665      -0.33986023498447804     
  -2.8740000000000698      -0.34375567625416331     
  -2.8680000000000732      -0.34766303839884866     
  -2.8620000000000765      -0.35158159453803262     
  -2.8560000000000798      -0.35551060056233824     
  -2.8500000000000831      -0.35944929509105583     
  -2.8440000000000865      -0.36339689943695042     
  -2.8380000000000898      -0.36735261757849424     
  -2.8320000000000931      -0.37131563613970042     
  -2.8260000000000964      -0.37528512437773326     
  -2.8200000000000998      -0.37926023417846411     
  -2.8140000000001031      -0.38324010006013698     
  -2.8080000000001064      -0.38722383918531916     
  -2.8020000000001097      -0.39121055138130201     
  -2.7960000000001131      -0.39519931916911444     
  -2.7900000000001164      -0.39918920780131795     
  -2.7840000000001197      -0.40317926530874026     
  -2.7780000000001230      -0.40716852255630909     
  -2.7720000000001264      -0.41115599330815100     
  -2.7660000000001297      -0.41514067430210183     
  -2.7600000000001330      -0.41912154533378243     
  -2.7540000000001363      -0.42309756935040227     
  -2.7480000000001397      -0.42706769255442767     
  -2.7420000000001430      -0.43103084451726226     
  -2.7360000000001463      -0.43498593830308913     
  -2.7300000000001496      -0.43893187060300565     
  -2.7240000000001530      -0.44286752187959200     
  -2.7180000000001563      -0.44679175652204761     
  -2.7120000000001596      -0.45070342301201793     
  -2.7060000000001629      -0.45460135410024477     
  -2.7000000000001663      -0.45848436699415535     
  -2.6940000000001696      -0.46235126355651662     
  -2.6880000000001729      -0.46620083051525091     
  -2.6820000000001762      -0.47003183968454504     
  -2.6760000000001796      -0.47384304819733053     
  -2.6700000000001829      -0.47763319874926280     
  -2.6640000000001862      -0.48140101985426886     
  -2.6580000000001895      -0.48514522611176469     
  -2.6520000000001929      -0.48886451848562751     
  -2.6460000000001962      -0.49255758459499821     
  -2.6400000000001995      -0.49622309901698713     
  -2.6340000000002028      -0.49985972360134956     
  -2.6280000000002062      -0.50346610779719747     
  -2.6220000000002095      -0.50704088899179922     
  -2.6160000000002128      -0.51058269286151248     
  -2.6100000000002161      -0.51409013373490453     
  -2.6040000000002195      -0.51756181496808107     
  -2.5980000000002228      -0.52099632933226958     
  -2.5920000000002261      -0.52439225941366652     
  -2.5860000000002294      -0.52774817802556806     
  -2.5800000000002328      -0.53106264863279828     
  -2.5740000000002361      -0.53433422578843293     
  -2.5680000000002394      -0.53756145558280199     
  -2.5620000000002427      -0.54074287610478078     
  -2.5560000000002461      -0.54387701791532239     
  -2.5500000000002494      -0.54696240453322142     
  -2.5440000000002527      -0.54999755293306007     
  -2.5380000000002561      -0.55298097405529556     
  -2.5320000000002594      -0.55591117332843731     
  -2.5260000000002627      -0.55878665120324678     
  -2.5200000000002660      -0.56160590369888930     
  -2.5140000000002694      -0.56436742296096498     
  -2.5080000000002727      -0.56706969783132610     
  -2.5020000000002760      -0.56971121442957640     
  -2.4960000000002793      -0.57229045674616752     
  -2.4900000000002827      -0.57480590724694924     
  -2.4840000000002860      -0.57725604748907555     
  -2.4780000000002893      -0.57963935874811301     
  -2.4720000000002926      -0.58195432265622637     
  -2.4660000000002960      -0.58419942185126761     
  -2.4600000000002993      -0.58637314063663026     
  -2.4540000000003026      -0.58847396565167942     
  -2.4480000000003059      -0.59050038655258485     
  -2.4420000000003093      -0.59245089670336282     
  -2.4360000000003126      -0.59432399387693025     
  -2.4300000000003159      -0.59611818096595581     
  -2.4240000000003192      -0.59783196670329097     
  -2.4180000000003226      -0.59946386639175120     
  -2.4120000000003259      -0.60101240264299949     
  -2.4060000000003292      -0.60247610612530034     
  -2.4000000000003325      -0.60385351631985573     
  -2.3940000000003359      -0.60514318228548403     
  -2.3880000000003392      -0.60634366343133983     
  -2.3820000000003425      -0.60745353029738935     
  -2.3760000000003458      -0.60847136534235002     
  -2.3700000000003492      -0.60939576373877313     
  -2.3640000000003525      -0.61022533417495584     
  -2.3580000000003558      -0.61095869966334848     
  -2.3520000000003591      -0.61159449835512647     
  -2.3460000000003625      -0.61213138436056114     
  -2.3400000000003658      -0.61256802857484882     
  -2.3340000000003691      -0.61290311950901255     
  -2.3280000000003724      -0.61313536412550806     
  -2.3220000000003758      -0.61326348867814706     
  -2.3160000000003791      -0.61328623955592632     
  -2.3100000000003824      -0.61320238413037775     
  -2.3040000000003857      -0.61301071160599641     
  -2.2980000000003891      -0.61271003387335043     
  -2.2920000000003924      -0.61229918636441283     
  -2.2860000000003957      -0.61177702890968777     
  -2.2800000000003990      -0.61114244659667294     
  -2.2740000000004024      -0.61039435062920078     
  -2.2680000000004057      -0.60953167918718520     
  -2.2620000000004090      -0.60855339828630228     
  -2.2560000000004123      -0.60745850263711743     
  -2.2500000000004157      -0.60624601650316112     
  -2.2440000000004190      -0.60491499455746600     
  -2.2380000000004223      -0.60346452273703832     
  -2.2320000000004256      -0.60189371909476597     
  -2.2260000000004290      -0.60020173464822946     
  -2.2200000000004323      -0.59838775422489177     
  -2.2140000000004356      -0.59645099730313045     
  -2.2080000000004389      -0.59439071884857042     
  -2.2020000000004423      -0.59220621014516173     
  -2.1960000000004456      -0.58989679962046926     
  -2.1900000000004489      -0.58746185366458670     
  -2.1840000000004522      -0.58490077744213631     
  -2.1780000000004556      -0.58221301569676487     
  -2.1720000000004589      -0.57939805354757767     
  -2.1660000000004622      -0.57645541727692340     
  -2.1600000000004655      -0.57338467510894486     
  -2.1540000000004689      -0.57018543797832788     
  -2.1480000000004722      -0.56685736028862632     
  -2.1420000000004755      -0.56340014065961286     
  -2.1360000000004788      -0.55981352266302375     
  -2.1300000000004822      -0.55609729554612253     
  -2.1240000000004855      -0.55225129494247449     
  -2.1180000000004888      -0.54827540356934090     
  -2.1120000000004922      -0.54416955191107830     
  -2.1060000000004955      -0.53993371888795316     
  -2.1000000000004988      -0.53556793250976542     
  -2.0940000000005021      -0.53107227051367334     
  -2.0880000000005055      -0.52644686098563065     
  -2.0820000000005088      -0.52169188296482139     
  -2.0760000000005121      -0.51680756703050179     
  -2.0700000000005154      -0.51179419587065078     
  -2.0640000000005188      -0.50665210483182999     
  -2.0580000000005221      -0.50138168244966441     
  -2.0520000000005254      -0.49598337095935457     
  -2.0460000000005287      -0.49045766678563008     
  -2.0400000000005321      -0.48480512101156548     
  -2.0340000000005354      -0.47902633982568371     
  -2.0280000000005387      -0.47312198494677038     
  -2.0220000000005420      -0.46709277402583188     
  -2.0160000000005454      -0.46093948102464116     
  -2.0100000000005487      -0.45466293657030726     
  -2.0040000000005520      -0.44826402828533629     
  -1.9980000000005553      -0.44174370109262207     
  -1.9920000000005587      -0.43510295749485406     
  -1.9860000000005620      -0.42834285782780496     
  -1.9800000000005653      -0.42146452048698874     
  -1.9740000000005686      -0.41446912212717874     
  -1.9680000000005720      -0.40735789783429238     
  -1.9620000000005753      -0.40013214126915386     
  -1.9560000000005786      -0.39279320478266266     
  -1.9500000000005819      -0.38534249950189686     
  -1.9440000000005853      -0.37778149538670874     
  -1.9380000000005886      -0.37011172125635544     
  -1.9320000000005919      -0.36233476478576321     
  -1.9260000000005952      -0.35445227247097927     
  -1.9200000000005986      -0.34646594956343618     
  -1.9140000000006019      -0.33837755997262653     
  -1.9080000000006052      -0.33018892613682110     
  -1.9020000000006085      -0.32190192886147556     
  -1.8960000000006119      -0.31351850712497487     
  -1.8900000000006152      -0.30504065785140394     
  -1.8840000000006185      -0.29647043565001735     
  -1.8780000000006218      -0.28780995252113406     
  -1.8720000000006252      -0.27906137752816706     
  -1.8660000000006285      -0.27022693643554063     
  -1.8600000000006318      -0.26130891131224659     
  -1.8540000000006351      -0.25230964010083062     
  -1.8480000000006385      -0.24323151615159599     
  -1.8420000000006418      -0.23407698772185009     
  -1.8360000000006451      -0.22484855744002774     
  -1.8300000000006484      -0.21554878173454770     
  -1.8240000000006518      -0.20618027022729035     
  -1.8180000000006551      -0.19674568509158116     
  -1.8120000000006584      -0.18724774037461372     
  -1.8060000000006617      -0.17768920128424906     
  -1.8000000000006651      -0.16807288344015484     
  -1.7940000000006684      -0.15840165208927662     
  -1.7880000000006717      -0.14867842128564299     
  -1.7820000000006750      -0.13890615303454754     
  -1.7760000000006784      -0.12908785640114970     
  -1.7700000000006817      -0.11922658658358916     
  -1.7640000000006850      -0.10932544395070541     
  -1.7580000000006883       -9.9387573044492666E-002
  -1.7520000000006917       -8.9416161547445500E-002
  -1.7460000000006950       -7.9414439214966853E-002
  -1.7400000000006983       -6.9385676773038252E-002
  -1.7340000000007016       -5.9333184781384905E-002
  -1.7280000000007050       -4.9260312462373008E-002
  -1.7220000000007083       -3.9170446495933237E-002
  -1.7160000000007116       -2.9067009780793959E-002
  -1.7100000000007149       -1.8953460162360099E-002
  -1.7040000000007183       -8.8332891275892354E-003
  -1.6980000000007216        1.2899795327597822E-003
  -1.6920000000007249        1.1412791094100243E-002
  -1.6860000000007282        2.1531561299784906E-002
  -1.6800000000007316        3.1642677794211607E-002
  -1.6740000000007349        4.1742501586786489E-002
  -1.6680000000007382        5.1827368546236208E-002
  -1.6620000000007416        6.1893590924742600E-002
  -1.6560000000007449        7.1937458911331159E-002
  -1.6500000000007482        8.1955242213940765E-002
  -1.6440000000007515        9.1943191669557528E-002
  -1.6380000000007549       0.10189754088178084     
  -1.6320000000007582       0.11181450788516155     
  -1.6260000000007615       0.12169029683562183     
  -1.6200000000007648       0.13152109972625656     
  -1.6140000000007682       0.14130309812776862     
  -1.6080000000007715       0.15103246495278749     
  -1.6020000000007748       0.16070536624328180     
  -1.5960000000007781       0.17031796298025723     
  -1.5900000000007815       0.17986641291491146     
  -1.5840000000007848       0.18934687242038384     
  -1.5780000000007881       0.19875549836322673     
  -1.5720000000007914       0.20808844999369044     
  -1.5660000000007948       0.21734189085390204     
  -1.5600000000007981       0.22651199070298639     
  -1.5540000000008014       0.23559492745816588     
  -1.5480000000008047       0.24458688915084117     
  -1.5420000000008081       0.25348407589665006     
  -1.5360000000008114       0.26228270187846714     
  -1.5300000000008147       0.27097899734129494     
  -1.5240000000008180       0.27956921059797407     
  -1.5180000000008214       0.28804961004462443     
  -1.5120000000008247       0.29641648618470806     
  -1.5060000000008280       0.30466615366058497     
  -1.5000000000008313       0.31279495329142415     
  -1.4940000000008347       0.32079925411630389     
  -1.4880000000008380       0.32867545544132692     
  -1.4820000000008413       0.33641998888956254     
  -1.4760000000008446       0.34402932045260398     
  -1.4700000000008480       0.35149995254252347     
  -1.4640000000008513       0.35882842604299281     
  -1.4580000000008546       0.36601132235832123     
  -1.4520000000008579       0.37304526545915184     
  -1.4460000000008613       0.37992692392355137     
  -1.4400000000008646       0.38665301297220966     
  -1.4340000000008679       0.39322029649646240     
  -1.4280000000008712       0.39962558907783857     
  -1.4220000000008746       0.40586575799782704     
  -1.4160000000008779       0.41193772523655092     
  -1.4100000000008812       0.41783846945902703     
  -1.4040000000008845       0.42356502798769252     
  -1.3980000000008879       0.42911449875986313     
  -1.3920000000008912       0.43448404226879545     
  -1.3860000000008945       0.43967088348701600     
  -1.3800000000008978       0.44467231377058097     
  -1.3740000000009012       0.44948569274292921     
  -1.3680000000009045       0.45410845015698886     
  -1.3620000000009078       0.45853808773420529     
  -1.3560000000009111       0.46277218097914974     
  -1.3500000000009145       0.46680838096838340     
  -1.3440000000009178       0.47064441611224456     
  -1.3380000000009211       0.47427809388823627     
  -1.3320000000009244       0.47770730254470173     
  -1.3260000000009278       0.48093001277347086     
  -1.3200000000009311       0.48394427935018175     
  -1.3140000000009344       0.48674824274097872     
  -1.3080000000009377       0.48934013067430854     
  -1.3020000000009411       0.49171825967653499     
  -1.2960000000009444       0.49388103657011978     
  -1.2900000000009477       0.49582695993311315     
  -1.2840000000009510       0.49755462151872781     
  -1.2780000000009544       0.49906270763376981     
  -1.2720000000009577       0.50035000047473122     
  -1.2660000000009610       0.50141537942034764     
  -1.2600000000009643       0.50225782227946580     
  -1.2540000000009677       0.50287640649305820     
  -1.2480000000009710       0.50327031028926372     
  -1.2420000000009743       0.50343881379034439     
  -1.2360000000009776       0.50338130007046666     
  -1.2300000000009810       0.50309725616325052     
  -1.2240000000009843       0.50258627401804057     
  -1.2180000000009876       0.50184805140388644     
  -1.2120000000009910       0.50088239276024094     
  -1.2060000000009943       0.49968920999341726     
  -1.2000000000009976       0.49826852321786341     
  -1.1940000000010009       0.49662046144135313     
  -1.1880000000010043       0.49474526319321216     
  -1.1820000000010076       0.49264327709473393     
  -1.1760000000010109       0.49031496237096867     
  -1.1700000000010142       0.48776088930310235     
  -1.1640000000010176       0.48498173962067365     
  -1.1580000000010209       0.48197830683291099     
  -1.1520000000010242       0.47875149649850890     
  -1.1460000000010275       0.47530232643319448     
  -1.1400000000010309       0.47163192685447258     
  -1.1340000000010342       0.46774154046297323     
  -1.1280000000010375       0.46363252245986963     
  -1.1220000000010408       0.45930634049985908     
  -1.1160000000010442       0.45476457457925501     
  -1.1100000000010475       0.45000891685876454     
  -1.1040000000010508       0.44504117142056993     
  -1.0980000000010541       0.43986325395938014     
  -1.0920000000010575       0.43447719140714980     
  -1.0860000000010608       0.42888512149120633     
  -1.0800000000010641       0.42308929222557912     
  -1.0740000000010674       0.41709206133535376     
  -1.0680000000010708       0.41089589561392331     
  -1.0620000000010741       0.40450337021305766     
  -1.0560000000010774       0.39791716786574521     
  -1.0500000000010807       0.39114007804181739     
  -1.0440000000010841       0.38417499603640259     
  -1.0380000000010874       0.37702492199130488     
  -1.0320000000010907       0.36969295984945139     
  -1.0260000000010940       0.36218231624258945     
  -1.0200000000010974       0.35449629931247445     
  -1.0140000000011007       0.34663831746581814     
  -1.0080000000011040       0.33861187806332954     
  -1.0020000000011073       0.33042058604321661     
 -0.99600000000111066       0.32206814247957133     
 -0.99000000000111399       0.31355834307609609     
 -0.98400000000111731       0.30489507659569115     
 -0.97800000000112064       0.29608232322645633     
 -0.97200000000112396       0.28712415288471260     
 -0.96600000000112729       0.27802472345569795     
 -0.96000000000113062       0.26878827897263202     
 -0.95400000000113394       0.25941914773489338     
 -0.94800000000113727       0.24992174036610218     
 -0.94200000000114059       0.24030054781294269     
 -0.93600000000114392       0.23056013928560459     
 -0.93000000000114724       0.22070516014077229     
 -0.92400000000115057       0.21074032970813134     
 -0.91800000000115389       0.20067043906141041     
 -0.91200000000115722       0.19050034873501334     
 -0.90600000000116054       0.18023498638734911     
 -0.90000000000116387       0.16987934441200370     
 -0.89400000000116719       0.15943847749794052     
 -0.88800000000117052       0.14891750013996569     
 -0.88200000000117385       0.13832158410072271     
 -0.87600000000117717       0.12765595582553554     
 -0.87000000000118050       0.11692589381144575     
 -0.86400000000118382       0.10613672593184466     
 -0.85800000000118715        9.5293826718122004E-002
 -0.85200000000119047        8.4402614599803916E-002
 -0.84600000000119380        7.3468549104686184E-002
 -0.84000000000119712        6.2497128020498269E-002
 -0.83400000000120045        5.1493884519684827E-002
 -0.82800000000120377        4.0464384248903841E-002
 -0.82200000000120710        2.9414222384894047E-002
 -0.81600000000121042        1.8349020658384507E-002
 -0.81000000000121375        7.2744243477549479E-003
 -0.80400000000121707       -3.8039007558133948E-003
 -0.79800000000122040       -1.4880271409932311E-002
 -0.79200000000122373       -2.5948990007546226E-002
 -0.78600000000122705       -3.7004347686597550E-002
 -0.78000000000123038       -4.8040627460968259E-002
 -0.77400000000123370       -5.9052107370821838E-002
 -0.76800000000123703       -7.0033063650453226E-002
 -0.76200000000124035       -8.0977773911722076E-002
 -0.75600000000124368       -9.1880520341134739E-002
 -0.75000000000124700      -0.10273559290860886     
 -0.74400000000125033      -0.11353729258594868     
 -0.73800000000125365      -0.12427993457302874     
 -0.73200000000125698      -0.13495785152968104     
 -0.72600000000126030      -0.14556539681125422     
 -0.72000000000126363      -0.15609694770581031     
 -0.71400000000126695      -0.16654690867090680     
 -0.70800000000127028      -0.17690971456790158     
 -0.70200000000127361      -0.18717983389171686     
 -0.69600000000127693      -0.19735177199397744     
 -0.69000000000128026      -0.20742007429744957     
 -0.68400000000128358      -0.21737932949968491     
 -0.67800000000128691      -0.22722417276378740     
 -0.67200000000129023      -0.23694928889420519     
 -0.66600000000129356      -0.24654941549546197     
 -0.66000000000129688      -0.25601934611173316     
 -0.65400000000130021      -0.26535393334518581     
 -0.64800000000130353      -0.27454809195099494     
 -0.64200000000130686      -0.28359680190696468     
 -0.63600000000131018      -0.29249511145568652     
 -0.63000000000131351      -0.30123814011717115     
 -0.62400000000131683      -0.30982108166991257     
 -0.61800000000132016      -0.31823920709834458     
 -0.61200000000132349      -0.32648786750466913     
 -0.60600000000132681      -0.33456249698305063     
 -0.60000000000133014      -0.34245861545418649     
 -0.59400000000133346      -0.35017183145828196     
 -0.58800000000133679      -0.35769784490448031     
 -0.58200000000134011      -0.36503244977481636     
 -0.57600000000134344      -0.37217153678078746     
 -0.57000000000134676      -0.37911109597066117     
 -0.56400000000135009      -0.38584721928565874     
 -0.55800000000135341      -0.39237610306319121     
 -0.55200000000135674      -0.39869405048534168     
 -0.54600000000136006      -0.40479747397082810     
 -0.54000000000136339      -0.41068289750870507     
 -0.53400000000136671      -0.41634695893210022     
 -0.52800000000137004      -0.42178641213031348     
 -0.52200000000137337      -0.42699812919764352     
 -0.51600000000137669      -0.43197910251734234     
 -0.51000000000138002      -0.43672644677913885     
 -0.50400000000138334      -0.44123740092880964     
 -0.49800000000138661      -0.44550933004831716     
 -0.49200000000138988      -0.44953972716507823     
 -0.48600000000139315      -0.45332621498896758     
 -0.48000000000139642      -0.45686654757570716     
 -0.47400000000139969      -0.46015861191533636     
 -0.46800000000140296      -0.46320042944450540     
 -0.46200000000140623      -0.46599015748138201     
 -0.45600000000140950      -0.46852609058201161     
 -0.45000000000141277      -0.47080666181701619     
 -0.44400000000141604      -0.47283044396757690     
 -0.43800000000141931      -0.47459615063968635     
 -0.43200000000142258      -0.47610263729571828     
 -0.42600000000142585      -0.47734890220241044     
 -0.42000000000142912      -0.47833408729441407     
 -0.41400000000143239      -0.47905747895261502     
 -0.40800000000143566      -0.47951850869649165     
 -0.40200000000143893      -0.47971675378982809     
 -0.39600000000144220      -0.47965193775916010     
 -0.39000000000144547      -0.47932393082438784     
 -0.38400000000144874      -0.47873275024105039     
 -0.37800000000145201      -0.47787856055381150     
 -0.37200000000145528      -0.47676167376077416     
 -0.36600000000145855      -0.47538254938828717     
 -0.36000000000146182      -0.47374179447598597     
 -0.35400000000146509      -0.47184016347185276     
 -0.34800000000146836      -0.46967855803715458     
 -0.34200000000147163      -0.46725802676117328     
 -0.33600000000147490      -0.46457976478570479     
 -0.33000000000147817      -0.46164511333936642     
 -0.32400000000148144      -0.45845555918181291     
 -0.31800000000148471      -0.45501273395802400     
 -0.31200000000148798      -0.45131841346288765     
 -0.30600000000149125      -0.44737451681636653     
 -0.30000000000149452      -0.44318310554959489     
 -0.29400000000149779      -0.43874638260231746     
 -0.28800000000150106      -0.43406669123214209     
 -0.28200000000150433      -0.42914651383613811     
 -0.27600000000150759      -0.42398847068537759     
 -0.27000000000151086      -0.41859531857307242     
 -0.26400000000151413      -0.41296994937702547     
 -0.25800000000151740      -0.40711538853716961     
 -0.25200000000152067      -0.40103479344903359     
 -0.24600000000152394      -0.39473145177402613     
 -0.24000000000152721      -0.38820877966749556     
 -0.23400000000153048      -0.38147031992557445     
 -0.22800000000153375      -0.37451974005187966     
 -0.22200000000153702      -0.36736083024519378     
 -0.21600000000154029      -0.35999750130930974     
 -0.21000000000154356      -0.35243378248627671     
 -0.20400000000154683      -0.34467381921433854     
 -0.19800000000155010      -0.33672187081191185     
 -0.19200000000155337      -0.32858230808899941     
 -0.18600000000155664      -0.32025961088749300     
 -0.18000000000155991      -0.31175836555186226     
 -0.17400000000156318      -0.30308326233178473     
 -0.16800000000156645      -0.29423909271831361     
 -0.16200000000156972      -0.28523074671523169     
 -0.15600000000157299      -0.27606321004728596     
 -0.15000000000157626      -0.26674156130704119     
 -0.14400000000157953      -0.25727096904213531     
 -0.13800000000158280      -0.24765668878476463     
 -0.13200000000158607      -0.23790406002526529     
 -0.12600000000158934      -0.22801850313169955     
 -0.12000000000159261      -0.21800551621739381     
 -0.11400000000159588      -0.20787067195841424     
 -0.10800000000159915      -0.19761961436299913     
 -0.10200000000160242      -0.18725805549500465     
  -9.6000000001605690E-002 -0.17679177215345351     
  -9.0000000001608960E-002 -0.16622660251030552     
  -8.4000000001612229E-002 -0.15556844270860276     
  -7.8000000001615499E-002 -0.14482324342316780     
  -7.2000000001618769E-002 -0.13399700638606266     
  -6.6000000001622039E-002 -0.12309578087904019     
  -6.0000000001625316E-002 -0.11212566019524474     
  -5.4000000001628592E-002 -0.10109277807244059     
  -4.8000000001631869E-002  -9.0003305100067654E-002
  -4.2000000001635146E-002  -7.8863445102442559E-002
  -3.6000000001638423E-002  -6.7679431500440965E-002
  -3.0000000001641696E-002  -5.6457523654012812E-002
  -2.4000000001644969E-002  -4.5204003187895032E-002
  -1.8000000001648243E-002  -3.3925170302900237E-002
  -1.2000000001651516E-002  -2.2627340075168395E-002
  -6.0000000016547901E-003  -1.1316838745779082E-002
  -1.6580643108499160E-012  -3.1276329905337360E-012
   5.9999999983386615E-003   1.1316838739525565E-002
   1.1999999998335387E-002   2.2627340068920133E-002
   1.7999999998332114E-002   3.3925170296660728E-002
   2.3999999998328841E-002   4.5204003181667771E-002
   2.9999999998325567E-002   5.6457523647801273E-002
   3.5999999998322291E-002   6.7679431494248640E-002
   4.1999999998319014E-002   7.8863445096272897E-002
   4.7999999998315737E-002   9.0003305093924138E-002
   5.3999999998312460E-002  0.10109277806632665     
   5.9999999998309184E-002  0.11212566018916377     
   6.5999999998305914E-002  0.12309578087299562     
   7.1999999998302644E-002  0.13399700638005788     
   7.7999999998299374E-002  0.14482324341720612     
   8.3999999998296104E-002  0.15556844270268749     
   8.9999999998292834E-002  0.16622660250444005     
   9.5999999998289565E-002  0.17679177214764102     
  0.10199999999828629       0.18725805548924848     
  0.10799999999828302       0.19761961435730241     
  0.11399999999827976       0.20787067195278017     
  0.11999999999827649       0.21800551621182557     
  0.12599999999827322       0.22801850312620014     
  0.13199999999826995       0.23790406001983794     
  0.13799999999826668       0.24765668877941222     
  0.14399999999826341       0.25727096903686086     
  0.14999999999826014       0.26674156130184762     
  0.15599999999825687       0.27606321004217615     
  0.16199999999825360       0.28523074671020837     
  0.16799999999825033       0.29423909271337967     
  0.17399999999824706       0.30308326232694299     
  0.17999999999824379       0.31175836554711522     
  0.18599999999824052       0.32025961088284338     
  0.19199999999823725       0.32858230808444977     
  0.19799999999823398       0.33672187080746463     
  0.20399999999823071       0.34467381920999624     
  0.20999999999822744       0.35243378248204166     
  0.21599999999822417       0.35999750130518438     
  0.22199999999822090       0.36736083024118033     
  0.22799999999821763       0.37451974004798022     
  0.23399999999821436       0.38147031992179120     
  0.23999999999821109       0.38820877966383066     
  0.24599999999820782       0.39473145177048141     
  0.25199999999820455       0.40103479344561110     
  0.25799999999820128       0.40711538853387108     
  0.26399999999819801       0.41296994937385273     
  0.26999999999819474       0.41859531857002724     
  0.27599999999819147       0.42398847068246143     
  0.28199999999818820       0.42914651383335284     
  0.28799999999818493       0.43406669122948904     
  0.29399999999818166       0.43874638259979798     
  0.29999999999817839       0.44318310554721030     
  0.30599999999817512       0.44737451681411838     
  0.31199999999817185       0.45131841346077678     
  0.31799999999816858       0.45501273395605157     
  0.32399999999816531       0.45845555917997993     
  0.32999999999816204       0.46164511333767377     
  0.33599999999815877       0.46457976478415358     
  0.34199999999815550       0.46725802675976413     
  0.34799999999815223       0.46967855803588826     
  0.35399999999814896       0.47184016347072977     
  0.35999999999814569       0.47374179447500692     
  0.36599999999814242       0.47538254938745256     
  0.37199999999813915       0.47676167376008433     
  0.37799999999813588       0.47787856055326688     
  0.38399999999813261       0.47873275024065082     
  0.38999999999812934       0.47932393082413394     
  0.39599999999812607       0.47965193775905163     
  0.40199999999812280       0.47971675378986506     
  0.40799999999811953       0.47951850869667390     
  0.41399999999811626       0.47905747895294237     
  0.41999999999811299       0.47833408729488630     
  0.42599999999810972       0.47734890220302711     
  0.43199999999810645       0.47610263729647900     
  0.43799999999810318       0.47459615064059074     
  0.44399999999809991       0.47283044396862428     
  0.44999999999809664       0.47080666181820574     
  0.45599999999809337       0.46852609058334255     
  0.46199999999809011       0.46599015748285388     
  0.46799999999808684       0.46320042944611700     
  0.47399999999808357       0.46015861191708685     
  0.47999999999808030       0.45686654757759554     
  0.48599999999807703       0.45332621499099252     
  0.49199999999807376       0.44953972716723861     
  0.49799999999807049       0.44550933005061166     
  0.50399999999806722       0.44123740093123698     
  0.50999999999806389       0.43672644678169759     
  0.51599999999806057       0.43197910252003097     
  0.52199999999805724       0.42699812920046054     
  0.52799999999805391       0.42178641213325729     
  0.53399999999805059       0.41634695893516888     
  0.53999999999804726       0.41068289751189702     
  0.54599999999804394       0.40479747397414140     
  0.55199999999804061       0.39869405048877454     
  0.55799999999803729       0.39237610306674159     
  0.56399999999803396       0.38584721928932486     
  0.56999999999803064       0.37911109597444065     
  0.57599999999802731       0.37217153678467840     
  0.58199999999802399       0.36503244977881638     
  0.58799999999802066       0.35769784490858725     
  0.59399999999801734       0.35017183146249364     
  0.59999999999801401       0.34245861545850048     
  0.60599999999801069       0.33456249698746460     
  0.61199999999800736       0.32648786750918030     
  0.61799999999800403       0.31823920710295067     
  0.62399999999800071       0.30982108167461114     
  0.62999999999799738       0.30123814012195954     
  0.63599999999799406       0.29249511146056201     
  0.64199999999799073       0.28359680191192477     
  0.64799999999798741       0.27454809195603652     
  0.65399999999798408       0.26535393335030660     
  0.65999999999798076       0.25601934611693034     
  0.66599999999797743       0.24654941550073237     
  0.67199999999797411       0.23694928889954614     
  0.67799999999797078       0.22722417276919582     
  0.68399999999796746       0.21737932950515820     
  0.68999999999796413       0.20742007430298448     
  0.69599999999796081       0.19735177199957130     
  0.70199999999795748       0.18717983389736639     
  0.70799999999795415       0.17690971457360399     
  0.71399999999795083       0.16654690867665867     
  0.71999999999794750       0.15609694771160884     
  0.72599999999794418       0.14556539681709629     
  0.73199999999794085       0.13495785153556356     
  0.73799999999793753       0.12427993457894870     
  0.74399999999793420       0.11353729259190279     
  0.74999999999793088       0.10273559291459423     
  0.75599999999792755        9.1880520347147887E-002
  0.76199999999792423        8.0977773917760135E-002
  0.76799999999792090        7.0033063656512712E-002
  0.77399999999791758        5.9052107376899934E-002
  0.77999999999791425        4.8040627467061489E-002
  0.78599999999791093        3.7004347692702971E-002
  0.79199999999790760        2.5948990013660529E-002
  0.79799999999790427        1.4880271416052459E-002
  0.80399999999790095        3.8039007619363866E-003
  0.80999999999789762       -7.2744243416325840E-003
  0.81599999999789430       -1.8349020652265596E-002
  0.82199999999789097       -2.9414222378782079E-002
  0.82799999999788765       -4.0464384242801757E-002
  0.83399999999788432       -5.1493884513595760E-002
  0.83999999999788100       -6.2497128014425057E-002
  0.84599999999787767       -7.3468549098631861E-002
  0.85199999999787435       -8.4402614593772254E-002
  0.85799999999787102       -9.5293826712115406E-002
  0.86399999999786770      -0.10613672592586634     
  0.86999999999786437      -0.11692589380549850     
  0.87599999999786105      -0.12765595581962227     
  0.88199999999785772      -0.13832158409484685     
  0.88799999999785439      -0.14891750013412972     
  0.89399999999785107      -0.15943847749214746     
  0.89999999999784774      -0.16987934440625596     
  0.90599999999784442      -0.18023498638165025     
  0.91199999999784109      -0.19050034872936578     
  0.91799999999783777      -0.20067043905581694     
  0.92399999999783444      -0.21074032970259457     
  0.92999999999783112      -0.22070516013529445     
  0.93599999999782779      -0.23056013928018912     
  0.94199999999782447      -0.24030054780759194     
  0.94799999999782114      -0.24992174036081852     
  0.95399999999781782      -0.25941914772967911     
  0.95999999999781449      -0.26878827896749014     
  0.96599999999781117      -0.27802472345063073     
  0.97199999999780784      -0.28712415287972221     
  0.97799999999780451      -0.29608232322154471     
  0.98399999999780119      -0.30489507659086151     
  0.98999999999779786      -0.31355834307135011     
  0.99599999999779454      -0.32206814247491128     
   1.0019999999977913      -0.33042058603864449     
   1.0079999999977880      -0.33861187805884746     
   1.0139999999977847      -0.34663831746142848     
   1.0199999999977813      -0.35449629930817877     
   1.0259999999977780      -0.36218231623838965     
   1.0319999999977747      -0.36969295984534950     
   1.0379999999977714      -0.37702492198730292     
   1.0439999999977680      -0.38417499603250199     
   1.0499999999977647      -0.39114007803801959     
   1.0559999999977614      -0.39791716786205195     
   1.0619999999977581      -0.40450337020947097     
   1.0679999999977547      -0.41089589561044448     
   1.0739999999977514      -0.41709206133198384     
   1.0799999999977481      -0.42308929222231995     
   1.0859999999977448      -0.42888512148805913     
   1.0919999999977414      -0.43447719140411600     
   1.0979999999977381      -0.43986325395646109     
   1.1039999999977348      -0.44504117141776595     
   1.1099999999977315      -0.45000891685607741     
   1.1159999999977281      -0.45476457457668584     
   1.1219999999977248      -0.45930634049740854     
   1.1279999999977215      -0.46363252245753839     
   1.1339999999977182      -0.46774154046076244     
   1.1399999999977148      -0.47163192685238303     
   1.1459999999977115      -0.47530232643122705     
   1.1519999999977082      -0.47875149649666388     
   1.1579999999977049      -0.48197830683118909     
   1.1639999999977015      -0.48498173961907559     
   1.1699999999976982      -0.48776088930162859     
   1.1759999999976949      -0.49031496236961947     
   1.1819999999976916      -0.49264327709350947     
   1.1879999999976882      -0.49474526319211309     
   1.1939999999976849      -0.49662046144037947     
   1.1999999999976816      -0.49826852321701559     
   1.2059999999976783      -0.49968920999269495     
   1.2119999999976749      -0.50088239275964441     
   1.2179999999976716      -0.50184805140341537     
   1.2239999999976683      -0.50258627401769573     
   1.2299999999976650      -0.50309725616303103     
   1.2359999999976616      -0.50338130007037230     
   1.2419999999976583      -0.50343881379037503     
   1.2479999999976550      -0.50327031028941926     
   1.2539999999976517      -0.50287640649333820     
   1.2599999999976483      -0.50225782227986959     
   1.2659999999976450      -0.50141537942087500     
   1.2719999999976417      -0.50035000047538136     
   1.2779999999976384      -0.49906270763454252     
   1.2839999999976350      -0.49755462151962204     
   1.2899999999976317      -0.49582695993412845     
   1.2959999999976284      -0.49388103657125532     
   1.3019999999976251      -0.49171825967779015     
   1.3079999999976217      -0.48934013067568205     
   1.3139999999976184      -0.48674824274246986     
   1.3199999999976151      -0.48394427935178952     
   1.3259999999976118      -0.48093001277519465     
   1.3319999999976084      -0.47770730254654004     
   1.3379999999976051      -0.47427809389018827     
   1.3439999999976018      -0.47064441611430868     
   1.3499999999975985      -0.46680838097055910     
   1.3559999999975951      -0.46277218098143524     
   1.3619999999975918      -0.45853808773659954     
   1.3679999999975885      -0.45410845015949075     
   1.3739999999975852      -0.44948569274553696     
   1.3799999999975818      -0.44467231377329342     
   1.3859999999975785      -0.43967088348983152     
   1.3919999999975752      -0.43448404227171272     
   1.3979999999975719      -0.42911449876288071     
   1.4039999999975685      -0.42356502799080864     
   1.4099999999975652      -0.41783846946224024     
   1.4159999999975619      -0.41193772523985966     
   1.4219999999975586      -0.40586575800122965     
   1.4279999999975552      -0.39962558908133322     
   1.4339999999975519      -0.39322029650004747     
   1.4399999999975486      -0.38665301297588334     
   1.4459999999975452      -0.37992692392731192     
   1.4519999999975419      -0.37304526546299760     
   1.4579999999975386      -0.36601132236225004     
   1.4639999999975353      -0.35882842604700321     
   1.4699999999975319      -0.35149995254661331     
   1.4759999999975286      -0.34402932045677126     
   1.4819999999975253      -0.33641998889380575     
   1.4879999999975220      -0.32867545544564364     
   1.4939999999975186      -0.32079925412069249     
   1.4999999999975153      -0.31279495329588275     
   1.5059999999975120      -0.30466615366511118     
   1.5119999999975087      -0.29641648618929994     
   1.5179999999975053      -0.28804961004928026     
   1.5239999999975020      -0.27956921060269152     
   1.5299999999974987      -0.27097899734607200     
   1.5359999999974954      -0.26228270188330205     
   1.5419999999974920      -0.25348407590154015     
   1.5479999999974887      -0.24458688915578480     
   1.5539999999974854      -0.23559492746316085     
   1.5599999999974821      -0.22651199070803066     
   1.5659999999974787      -0.21734189085899322     
   1.5719999999974754      -0.20808844999882670     
   1.5779999999974721      -0.19875549836840606     
   1.5839999999974688      -0.18934687242560375     
   1.5899999999974654      -0.17986641292017008     
   1.5959999999974621      -0.17031796298555238     
   1.6019999999974588      -0.16070536624861129     
   1.6079999999974555      -0.15103246495814943     
   1.6139999999974521      -0.14130309813316055     
   1.6199999999974488      -0.13152109973167647     
   1.6259999999974455      -0.12169029684106783     
   1.6319999999974422      -0.11181450789063130     
   1.6379999999974388      -0.10189754088727247     
   1.6439999999974355       -9.1943191675068578E-002
   1.6499999999974322       -8.1955242219469204E-002
   1.6559999999974289       -7.1937458916875197E-002
   1.6619999999974255       -6.1893590930300321E-002
   1.6679999999974222       -5.1827368551805211E-002
   1.6739999999974189       -4.1742501592364499E-002
   1.6799999999974156       -3.1642677799796959E-002
   1.6859999999974122       -2.1531561305375115E-002
   1.6919999999974089       -1.1412791099694220E-002
   1.6979999999974056       -1.2899795383549230E-003
   1.7039999999974023        8.8332891219949222E-003
   1.7099999999973989        1.8953460156768426E-002
   1.7159999999973956        2.9067009775206914E-002
   1.7219999999973923        3.9170446490352825E-002
   1.7279999999973890        4.9260312456800848E-002
   1.7339999999973856        5.9333184775822875E-002
   1.7399999999973823        6.9385676767489218E-002
   1.7459999999973790        7.9414439209431184E-002
   1.7519999999973757        8.9416161541925901E-002
   1.7579999999973723        9.9387573038990581E-002
   1.7639999999973690       0.10932544394522273     
   1.7699999999973657       0.11922658657812781     
   1.7759999999973624       0.12908785639571088     
   1.7819999999973590       0.13890615302913359     
   1.7879999999973557       0.14867842128025580     
   1.7939999999973524       0.15840165208391743     
   1.7999999999973491       0.16807288343482488     
   1.8059999999973457       0.17768920127894977     
   1.8119999999973424       0.18724774036934741     
   1.8179999999973391       0.19674568508634932     
   1.8239999999973358       0.20618027022209390     
   1.8299999999973324       0.21554878172938854     
   1.8359999999973291       0.22484855743490742     
   1.8419999999973258       0.23407698771677082     
   1.8479999999973225       0.24323151614655805     
   1.8539999999973191       0.25230964009583484     
   1.8599999999973158       0.26130891130729494     
   1.8659999999973125       0.27022693643063478     
   1.8719999999973091       0.27906137752330812     
   1.8779999999973058       0.28780995251632285     
   1.8839999999973025       0.29647043564525538     
   1.8899999999972992       0.30504065784669299     
   1.8959999999972958       0.31351850712031615     
   1.9019999999972925       0.32190192885686936     
   1.9079999999972892       0.33018892613226841     
   1.9139999999972859       0.33837755996812835     
   1.9199999999972825       0.34646594955899396     
   1.9259999999972792       0.35445227246659389     
   1.9319999999972759       0.36233476478143539     
   1.9379999999972726       0.37011172125208658     
   1.9439999999972692       0.37778149538249955     
   1.9499999999972659       0.38534249949774962     
   1.9559999999972626       0.39279320477857538     
   1.9619999999972593       0.40013214126512875     
   1.9679999999972559       0.40735789783033016     
   1.9739999999972526       0.41446912212328052     
   1.9799999999972493       0.42146452048315475     
   1.9859999999972460       0.42834285782403586     
   1.9919999999972426       0.43510295749115058     
   1.9979999999972393       0.44174370108898520     
   2.0039999999972360       0.44826402828176654     
   2.0099999999972327       0.45466293656680412     
   2.0159999999972293       0.46093948102120558     
   2.0219999999972260       0.46709277402246530     
   2.0279999999972227       0.47312198494347235     
   2.0339999999972194       0.47902633982245491     
   2.0399999999972160       0.48480512100840600     
   2.0459999999972127       0.49045766678254082     
   2.0519999999972094       0.49598337095633649     
   2.0579999999972061       0.50138168244671677     
   2.0639999999972027       0.50665210482895262     
   2.0699999999971994       0.51179419586784447     
   2.0759999999971961       0.51680756702776653     
   2.0819999999971928       0.52169188296215763     
   2.0879999999971894       0.52644686098303861     
   2.0939999999971861       0.53107227051115258     
   2.0999999999971828       0.53556793250731638     
   2.1059999999971795       0.53993371888557695     
   2.1119999999971761       0.54416955190877381     
   2.1179999999971728       0.54827540356710791     
   2.1239999999971695       0.55225129494031300     
   2.1299999999971662       0.55609729554403264     
   2.1359999999971628       0.55981352266100570     
   2.1419999999971595       0.56340014065766642     
   2.1479999999971562       0.56685736028675071     
   2.1539999999971529       0.57018543797652377     
   2.1599999999971495       0.57338467510721303     
   2.1659999999971462       0.57645541727526173     
   2.1719999999971429       0.57939805354598650     
   2.1779999999971396       0.58221301569524420     
   2.1839999999971362       0.58490077744068580     
   2.1899999999971329       0.58746185366320613     
   2.1959999999971296       0.58989679961915831     
   2.2019999999971263       0.59220621014391983     
   2.2079999999971229       0.59439071884739714     
   2.2139999999971196       0.59645099730202666     
   2.2199999999971163       0.59838775422385548     
   2.2259999999971130       0.60020173464726012     
   2.2319999999971096       0.60189371909386435     
   2.2379999999971063       0.60346452273620343     
   2.2439999999971030       0.60491499455669728     
   2.2499999999970997       0.60624601650245891     
   2.2559999999970963       0.60745850263647982     
   2.2619999999970930       0.60855339828572963     
   2.2679999999970897       0.60953167918667706     
   2.2739999999970864       0.61039435062875580     
   2.2799999999970830       0.61114244659629058     
   2.2859999999970797       0.61177702890936769     
   2.2919999999970764       0.61229918636415492     
   2.2979999999970731       0.61271003387315348     
   2.3039999999970697       0.61301071160586040     
   2.3099999999970664       0.61320238413030193     
   2.3159999999970631       0.61328623955591066     
   2.3219999999970597       0.61326348867818936     
   2.3279999999970564       0.61313536412560798     
   2.3339999999970531       0.61290311950916943     
   2.3399999999970498       0.61256802857506210     
   2.3459999999970464       0.61213138436083048     
   2.3519999999970431       0.61159449835545043     
   2.3579999999970398       0.61095869966372662     
   2.3639999999970365       0.61022533417538771     
   2.3699999999970331       0.60939576373925852     
   2.3759999999970298       0.60847136534288759     
   2.3819999999970265       0.60745353029797722     
   2.3879999999970232       0.60634366343197810     
   2.3939999999970198       0.60514318228617170     
   2.3999999999970165       0.60385351632059214     
   2.4059999999970132       0.60247610612608549     
   2.4119999999970099       0.60101240264383238     
   2.4179999999970065       0.59946386639263016     
   2.4239999999970032       0.59783196670421634     
   2.4299999999969999       0.59611818096692470     
   2.4359999999969966       0.59432399387794366     
   2.4419999999969932       0.59245089670441964     
   2.4479999999969899       0.59050038655368431     
   2.4539999999969866       0.58847396565281984     
   2.4599999999969833       0.58637314063781176     
   2.4659999999969799       0.58419942185248808     
   2.4719999999969766       0.58195432265748614     
   2.4779999999969733       0.57963935874941208     
   2.4839999999969700       0.57725604749041104     
   2.4899999999969666       0.57480590724832159     
   2.4959999999969633       0.57229045674757562     
   2.5019999999969600       0.56971121443101946     
   2.5079999999969567       0.56706969783280237     
   2.5139999999969533       0.56436742296247500     
   2.5199999999969500       0.56160590370043106     
   2.5259999999969467       0.55878665120482074     
   2.5319999999969434       0.55591117333004236     
   2.5379999999969400       0.55298097405693003     
   2.5439999999969367       0.54999755293472297     
   2.5499999999969334       0.54696240453491296     
   2.5559999999969301       0.54387701791704102     
   2.5619999999969267       0.54074287610652627     
   2.5679999999969234       0.53756145558457280     
   2.5739999999969201       0.53433422579022904     
   2.5799999999969168       0.53106264863461883     
   2.5859999999969134       0.52774817802741125     
   2.5919999999969101       0.52439225941553236     
   2.5979999999969068       0.52099632933415774     
   2.6039999999969035       0.51756181496998965     
   2.6099999999969001       0.51409013373683277     
   2.6159999999968968       0.51058269286346070     
   2.6219999999968935       0.50704088899376598     
   2.6279999999968902       0.50346610779918222     
   2.6339999999968868       0.49985972360335146     
   2.6399999999968835       0.49622309901900563     
   2.6459999999968802       0.49255758459703192     
   2.6519999999968769       0.48886451848767587     
   2.6579999999968735       0.48514522611382732     
   2.6639999999968702       0.48140101985634487     
   2.6699999999968669       0.47763319875135163     
   2.6759999999968636       0.47384304819943107     
   2.6819999999968602       0.47003183968665646     
   2.6879999999968569       0.46620083051737421     
   2.6939999999968536       0.46235126355864875     
   2.6999999999968503       0.45848436699629697     
   2.7059999999968469       0.45460135410239449     
   2.7119999999968436       0.45070342301417610     
   2.7179999999968403       0.44679175652421360     
   2.7239999999968370       0.44286752188176409     
   2.7299999999968336       0.43893187060518346     
   2.7359999999968303       0.43498593830527238     
   2.7419999999968270       0.43103084451945056     
   2.7479999999968237       0.42706769255661964     
   2.7539999999968203       0.42309756935259812     
   2.7599999999968170       0.41912154533598112     
   2.7659999999968137       0.41514067430430279     
   2.7719999999968103       0.41115599331035413     
   2.7779999999968070       0.40716852255851299     
   2.7839999999968037       0.40317926531094500     
   2.7899999999968004       0.39918920780352352     
   2.7959999999967970       0.39519931917131979     
   2.8019999999967937       0.39121055138350586     
   2.8079999999967904       0.38722383918752146     
   2.8139999999967871       0.38324010006233766     
   2.8199999999967837       0.37926023418066246     
   2.8259999999967804       0.37528512437992861     
   2.8319999999967771       0.37131563614189222     
   2.8379999999967738       0.36735261758068266     
   2.8439999999967704       0.36339689943913467     
   2.8499999999967671       0.35944929509323503     
   2.8559999999967638       0.35551060056451184     
   2.8619999999967605       0.35158159454020133     
   2.8679999999967571       0.34766303840101137     
   2.8739999999967538       0.34375567625631931     
   2.8799999999967505       0.33986023498662798     
   2.8859999999967472       0.33597742429309696     
   2.8919999999967438       0.33210793675399319     
   2.8979999999967405       0.32825244788787067     
   2.9039999999967372       0.32441161622330922     
   2.9099999999967339       0.32058608337504391     
   2.9159999999967305       0.31677647412630294     
   2.9219999999967272       0.31298339651718027     
   2.9279999999967239       0.30920744193887589     
   2.9339999999967206       0.30544918523362091     
   2.9399999999967172       0.30170918480011888     
   2.9459999999967139       0.29798798270433280     
   2.9519999999967106       0.29428610479543849     
   2.9579999999967073       0.29060406082678097     
   2.9639999999967039       0.28694234458165890     
   2.9699999999967006       0.28330143400376634     
   2.9759999999966973       0.27968179133213034     
   2.9819999999966940       0.27608386324036677     
   2.9879999999966906       0.27250808098009782     
   2.9939999999966873       0.26895486052836060     
