  -3.0000000000000000      -0.47133179653837692     
  -2.9940000000000033      -0.46548762959101508     
  -2.9880000000000067      -0.45949362360244311     
  -2.9820000000000100      -0.45335052074639093     
  -2.9760000000000133      -0.44705914528977864     
  -2.9700000000000166      -0.44062040437893374     
  -2.9640000000000200      -0.43403528878517211     
  -2.9580000000000233      -0.42730487360846375     
  -2.9520000000000266      -0.42043031893793392     
  -2.9460000000000299      -0.41341287046794711     
  -2.9400000000000333      -0.40625386006852798     
  -2.9340000000000366      -0.39895470630890861     
  -2.9280000000000399      -0.39151691493298302     
  -2.9220000000000432      -0.38394207928546614     
  -2.9160000000000466      -0.37623188068759927     
  -2.9100000000000499      -0.36838808876122447     
  -2.9040000000000532      -0.36041256170009317     
  -2.8980000000000565      -0.35230724648729289     
  -2.8920000000000599      -0.34407417905769205     
  -2.8860000000000632      -0.33571548440432464     
  -2.8800000000000665      -0.32723337662768176     
  -2.8740000000000698      -0.31863015892687169     
  -2.8680000000000732      -0.30990822353165642     
  -2.8620000000000765      -0.30107005157441813     
  -2.8560000000000798      -0.29211821290109546     
  -2.8500000000000831      -0.28305536582020629     
  -2.8440000000000865      -0.27388425678908118     
  -2.8380000000000898      -0.26460772003647665     
  -2.8320000000000931      -0.25522867712076114     
  -2.8260000000000964      -0.24575013642293075     
  -2.8200000000000998      -0.23617519257372044     
  -2.8140000000001031      -0.22650702581412760     
  -2.8080000000001064      -0.21674890128871749     
  -2.8020000000001097      -0.20690416827111222     
  -2.7960000000001131      -0.19697625932110488     
  -2.7900000000001164      -0.18696868937289579     
  -2.7840000000001197      -0.17688505475399244     
  -2.7780000000001230      -0.16672903213435361     
  -2.7720000000001264      -0.15650437740542977     
  -2.7660000000001297      -0.14621492448876861     
  -2.7600000000001330      -0.13586458407393393     
  -2.7540000000001363      -0.12545734228553684     
  -2.7480000000001397      -0.11499725927921092     
  -2.7420000000001430      -0.10448846776644513     
  -2.7360000000001463       -9.3935171468221987E-002
  -2.7300000000001496       -8.3341643497480494E-002
  -2.7240000000001530       -7.2712224670481884E-002
  -2.7180000000001563       -6.2051321747193453E-002
  -2.7120000000001596       -5.1363405600901552E-002
  -2.7060000000001629       -4.0653009317294556E-002
  -2.7000000000001663       -2.9924726223332313E-002
  -2.6940000000001696       -1.9183207846284793E-002
  -2.6880000000001729       -8.4331618033743182E-003
  -2.6820000000001762        2.3206503774675234E-003
  -2.6760000000001796        1.3073415505164346E-002
  -2.6700000000001829        2.3820271040740290E-002
  -2.6640000000001862        3.4556307479546647E-002
  -2.6580000000001895        4.5276570799702452E-002
  -2.6520000000001929        5.5976064975913342E-002
  -2.6460000000001962        6.6649754557764035E-002
  -2.6400000000001995        7.7292567311518290E-002
  -2.6340000000002028        8.7899396924382631E-002
  -2.6280000000002062        9.8465105770128805E-002
  -2.6220000000002095       0.10898452773490487     
  -2.6160000000002128       0.11945247110197793     
  -2.6100000000002161       0.12986372149410774     
  -2.6040000000002195       0.14021304487216435     
  -2.5980000000002228       0.15049519058853764     
  -2.5920000000002261       0.16070489449382219     
  -2.5860000000002294       0.17083688209518974     
  -2.5800000000002328       0.18088587176479093     
  -2.5740000000002361       0.19084657799646848     
  -2.5680000000002394       0.20071371470898555     
  -2.5620000000002427       0.21048199859391309     
  -2.5560000000002461       0.22014615250625527     
  -2.5500000000002494       0.22970090889582073     
  -2.5440000000002527       0.23914101327728507     
  -2.5380000000002561       0.24846122773682655     
  -2.5320000000002594       0.25765633447315472     
  -2.5260000000002627       0.26672113937068193     
  -2.5200000000002660       0.27565047560253725     
  -2.5140000000002694       0.28443920726105681     
  -2.5080000000002727       0.29308223301331737     
  -2.5020000000002760       0.30157448977923590     
  -2.4960000000002793       0.30991095642969912     
  -2.4900000000002827       0.31808665750211146     
  -2.4840000000002860       0.32609666693073180     
  -2.4780000000002893       0.33393611178907834     
  -2.4720000000002926       0.34160017604166487     
  -2.4660000000002960       0.34908410430225545     
  -2.4600000000002993       0.35638320559579051     
  -2.4540000000003026       0.36349285712109675     
  -2.4480000000003059       0.37040850801143221     
  -2.4420000000003093       0.37712568308989336     
  -2.4360000000003126       0.38363998661666210     
  -2.4300000000003159       0.38994710602503790     
  -2.4240000000003192       0.39604281564315985     
  -2.4180000000003226       0.40192298039829377     
  -2.4120000000003259       0.40758355950053221     
  -2.4060000000003292       0.41302061010271868     
  -2.4000000000003325       0.41823029093338360     
  -2.3940000000003359       0.42320886589946827     
  -2.3880000000003392       0.42795270765557358     
  -2.3820000000003425       0.43245830113646000     
  -2.3760000000003458       0.43672224704952189     
  -2.3700000000003492       0.44074126532392227     
  -2.3640000000003525       0.44451219851308743     
  -2.3580000000003558       0.44803201514723828     
  -2.3520000000003591       0.45129781303264160     
  -2.3460000000003625       0.45430682249425364     
  -2.3400000000003658       0.45705640955844268     
  -2.3340000000003691       0.45954407907246503     
  -2.3280000000003724       0.46176747775739768     
  -2.3220000000003758       0.46372439719122649     
  -2.3160000000003791       0.46541277671880388     
  -2.3100000000003824       0.46683070628542500     
  -2.3040000000003857       0.46797642919076010     
  -2.2980000000003891       0.46884834475994741     
  -2.2920000000003924       0.46944501092863400     
  -2.2860000000003957       0.46976514673881614     
  -2.2800000000003990       0.46980763474235138     
  -2.2740000000004024       0.46957152330904967     
  -2.2680000000004057       0.46905602883629899     
  -2.2620000000004090       0.46826053785722116     
  -2.2560000000004123       0.46718460904440329     
  -2.2500000000004157       0.46582797510629376     
  -2.2440000000004190       0.46419054457342690     
  -2.2380000000004223       0.46227240347166432     
  -2.2320000000004256       0.46007381687974092     
  -2.2260000000004290       0.45759523036843658     
  -2.2200000000004323       0.45483727131878143     
  -2.2140000000004356       0.45180075011676751     
  -2.2080000000004389       0.44848666122211278     
  -2.2020000000004423       0.44489618410870091     
  -2.1960000000004456       0.44103068407441903     
  -2.1900000000004489       0.43689171291816198     
  -2.1840000000004522       0.43248100948190532     
  -2.1780000000004556       0.42780050005580100     
  -2.1720000000004589       0.42285229864437351     
  -2.1660000000004622       0.41763870709196937     
  -2.1600000000004655       0.41216221506572515     
  -2.1540000000004689       0.40642549989442578     
  -2.1480000000004722       0.40043142626170736     
  -2.1420000000004755       0.39418304575220997     
  -2.1360000000004788       0.38768359624934817     
  -2.1300000000004822       0.38093650118352024     
  -2.1240000000004855       0.37394536862967415     
  -2.1180000000004888       0.36671399025327694     
  -2.1120000000004922       0.35924634010384637     
  -2.1060000000004955       0.35154657325533950     
  -2.1000000000004988       0.34361902429281482     
  -2.0940000000005021       0.33546820564490437     
  -2.0880000000005055       0.32709880576178724     
  -2.0820000000005088       0.31851568713845596     
  -2.0760000000005121       0.30972388418323199     
  -2.0700000000005154       0.30072860093160625     
  -2.0640000000005188       0.29153520860562293     
  -2.0580000000005221       0.28214924301916633     
  -2.0520000000005254       0.27257640182965265     
  -2.0460000000005287       0.26282254163676472     
  -2.0400000000005321       0.25289367492901837     
  -2.0340000000005354       0.24279596687909752     
  -2.0280000000005387       0.23253573198902400     
  -2.0220000000005420       0.22211943058639383     
  -2.0160000000005454       0.21155366517305224     
  -2.0100000000005487       0.20084517662771653     
  -2.0040000000005520       0.19000084026423120     
  -1.9980000000005553       0.17902766174724988     
  -1.9920000000005587       0.16793277286732586     
  -1.9860000000005620       0.15672342717751736     
  -1.9800000000005653       0.14540699549376557     
  -1.9740000000005686       0.13399096126145946     
  -1.9680000000005720       0.12248291579074108     
  -1.9620000000005753       0.11089055336325651     
  -1.9560000000005786        9.9221666213201345E-002
  -1.9500000000005819        8.7484139385652013E-002
  -1.9440000000005853        7.5685945475329530E-002
  -1.9380000000005886        6.3835139249061174E-002
  -1.9320000000005919        5.1939852155384977E-002
  -1.9260000000005952        4.0008286724834925E-002
  -1.9200000000005986        2.8048710864622829E-002
  -1.9140000000006019        1.6069452051544832E-002
  -1.9080000000006052        4.0788914270841236E-003
  -1.9020000000006085       -7.9145422011889267E-003
  -1.8960000000006119       -1.9902378447692111E-002
  -1.8900000000006152       -3.1876111522020106E-002
  -1.8840000000006185       -4.3827206482775299E-002
  -1.8780000000006218       -5.5747105567425938E-002
  -1.8720000000006252       -6.7627234593485769E-002
  -1.8660000000006285       -7.9459009426172095E-002
  -1.8600000000006318       -9.1233842507601401E-002
  -1.8540000000006351      -0.10294314944246441     
  -1.8480000000006385      -0.11457835563502780     
  -1.8420000000006418      -0.12613090297220048     
  -1.8360000000006451      -0.13759225654731069     
  -1.8300000000006484      -0.14895391141915057     
  -1.8240000000006518      -0.16020739940074166     
  -1.8180000000006551      -0.17134429587221786     
  -1.8120000000006584      -0.18235622661211251     
  -1.8060000000006617      -0.19323487464128641     
  -1.8000000000006651      -0.20397198707364783     
  -1.7940000000006684      -0.21455938196775806     
  -1.7880000000006717      -0.22498895517335557     
  -1.7820000000006750      -0.23525268716677167     
  -1.7760000000006784      -0.24534264986917265     
  -1.7700000000006817      -0.25525101344149881     
  -1.7640000000006850      -0.26497005304995846     
  -1.7580000000006883      -0.27449215559587720     
  -1.7520000000006917      -0.28380982640369368     
  -1.7460000000006950      -0.29291569586085414     
  -1.7400000000006983      -0.30180252600336316     
  -1.7340000000007016      -0.31046321704071361     
  -1.7280000000007050      -0.31889081381393947     
  -1.7220000000007083      -0.32707851218051232     
  -1.7160000000007116      -0.33501966531983446     
  -1.7100000000007149      -0.34270778995307799     
  -1.7040000000007183      -0.35013657247114904     
  -1.6980000000007216      -0.35729987496457705     
  -1.6920000000007249      -0.36419174114917091     
  -1.6860000000007282      -0.37080640218131511     
  -1.6800000000007316      -0.37713828235682473     
  -1.6740000000007349      -0.38318200468734326     
  -1.6680000000007382      -0.38893239634830373     
  -1.6620000000007416      -0.39438449399256331     
  -1.6560000000007449      -0.39953354892387255     
  -1.6500000000007482      -0.40437503212443460     
  -1.6440000000007515      -0.40890463913087993     
  -1.6380000000007549      -0.41311829475308709     
  -1.6320000000007582      -0.41701215763036459     
  -1.6260000000007615      -0.42058262461962292     
  -1.6200000000007648      -0.42382633501026662     
  -1.6140000000007682      -0.42674017456066105     
  -1.6080000000007715      -0.42932127935114184     
  -1.6020000000007748      -0.43156703944867486     
  -1.5960000000007781      -0.43347510237839482     
  -1.5900000000007815      -0.43504337639740442     
  -1.5840000000007848      -0.43627003356635335     
  -1.5780000000007881      -0.43715351261447322     
  -1.5720000000007914      -0.43769252159390104     
  -1.5660000000007948      -0.43788604031928730     
  -1.5600000000007981      -0.43773332258884995     
  -1.5540000000008014      -0.43723389818322095     
  -1.5480000000008047      -0.43638757463859584     
  -1.5420000000008081      -0.43519443879089659     
  -1.5360000000008114      -0.43365485808783477     
  -1.5300000000008147      -0.43176948166596563     
  -1.5240000000008180      -0.42953924119002007     
  -1.5180000000008214      -0.42696535145200021     
  -1.5120000000008247      -0.42404931072774010     
  -1.5060000000008280      -0.42079290088883864     
  -1.5000000000008313      -0.41719818726808910     
  -1.4940000000008347      -0.41326751827675590     
  -1.4880000000008380      -0.40900352477225782     
  -1.4820000000008413      -0.40440911917506078     
  -1.4760000000008446      -0.39948749433379904     
  -1.4700000000008480      -0.39424212213788679     
  -1.4640000000008513      -0.38867675187710937     
  -1.4580000000008546      -0.38279540834792725     
  -1.4520000000008579      -0.37660238970646226     
  -1.4460000000008613      -0.37010226506838190     
  -1.4400000000008646      -0.36329987185613982     
  -1.4340000000008679      -0.35620031289427317     
  -1.4280000000008712      -0.34880895325371025     
  -1.4220000000008746      -0.34113141684628917     
  -1.4160000000008779      -0.33317358277093334     
  -1.4100000000008812      -0.32494158141318313     
  -1.4040000000008845      -0.31644179030003416     
  -1.3980000000008879      -0.30768082971227501     
  -1.3920000000008912      -0.29866555805678441     
  -1.3860000000008945      -0.28940306700147256     
  -1.3800000000008978      -0.27990067637582561     
  -1.3740000000009012      -0.27016592884024082     
  -1.3680000000009045      -0.26020658432759941     
  -1.3620000000009078      -0.25003061426076423     
  -1.3560000000009111      -0.23964619554992744     
  -1.3500000000009145      -0.22906170437398921     
  -1.3440000000009178      -0.21828570975037029     
  -1.3380000000009211      -0.20732696689791377     
  -1.3320000000009244      -0.19619441039775240     
  -1.3260000000009278      -0.18489714715725430     
  -1.3200000000009311      -0.17344444918238947     
  -1.3140000000009344      -0.16184574616407449     
  -1.3080000000009377      -0.15011061788428465     
  -1.3020000000009411      -0.13824878644792246     
  -1.2960000000009444      -0.12627010834665958     
  -1.2900000000009477      -0.11418456636115763     
  -1.2840000000009510      -0.10200226130829593     
  -1.2780000000009544       -8.9733403640204393E-002
  -1.2720000000009577       -7.7388304902112667E-002
  -1.2660000000009610       -6.4977369056200981E-002
  -1.2600000000009643       -5.2511083678817697E-002
  -1.2540000000009677       -4.0000011038602776E-002
  -1.2480000000009710       -2.7454779063220976E-002
  -1.2420000000009743       -1.4886072202571586E-002
  -1.2360000000009776       -2.3046221964890625E-003
  -1.2300000000009810        1.0278801244898583E-002
  -1.2240000000009843        2.2853399839856577E-002
  -1.2180000000009876        3.5408356204340762E-002
  -1.2120000000009910        4.7932843383351680E-002
  -1.2060000000009943        6.0416034435671430E-002
  -1.2000000000009976        7.2847112063209721E-002
  -1.1940000000010009        8.5215278276080053E-002
  -1.1880000000010043        9.7509764084437747E-002
  -1.1820000000010076       0.10971983920803258     
  -1.1760000000010109       0.12183482179434874     
  -1.1700000000010142       0.13384408813614890     
  -1.1640000000010176       0.14573708237917835     
  -1.1580000000010209       0.15750332621073812     
  -1.1520000000010242       0.16913242851979898     
  -1.1460000000010275       0.18061409501930689     
  -1.1400000000010309       0.19193813782130123     
  -1.1340000000010342       0.20309448495546717     
  -1.1280000000010375       0.21407318982173673     
  -1.1220000000010408       0.22486444056757193     
  -1.1160000000010442       0.23545856938057441     
  -1.1100000000010475       0.24584606168710235     
  -1.1040000000010508       0.25601756524761032     
  -1.0980000000010541       0.26596389913947988     
  -1.0920000000010575       0.27567606261816729     
  -1.0860000000010608       0.28514524384756157     
  -1.0800000000010641       0.29436282849053003     
  -1.0740000000010674       0.30332040815070654     
  -1.0680000000010708       0.31200978865669060     
  -1.0620000000010741       0.32042299817992048     
  -1.0560000000010774       0.32855229517760776     
  -1.0500000000010807       0.33639017615224631     
  -1.0440000000010841       0.34392938321934624     
  -1.0380000000010874       0.35116291147518774     
  -1.0320000000010907       0.35808401615654872     
  -1.0260000000010940       0.36468621958452108     
  -1.0200000000010974       0.37096331788470543     
  -1.0140000000011007       0.37690938747626151     
  -1.0080000000011040       0.38251879132247552     
  -1.0020000000011073       0.38778618493571343     
 -0.99600000000111066       0.39270652212983176     
 -0.99000000000111399       0.39727506051334222     
 -0.98400000000111731       0.40148736671684576     
 -0.97800000000112064       0.40533932134848655     
 -0.97200000000112396       0.40882712367142193     
 -0.96600000000112729       0.41194729599754748     
 -0.96000000000113062       0.41469668779197710     
 -0.95400000000113394       0.41707247948303761     
 -0.94800000000113727       0.41907218597281276     
 -0.94200000000114059       0.42069365984354395     
 -0.93600000000114392       0.42193509425547754     
 -0.93000000000114724       0.42279502553204512     
 -0.92400000000115057       0.42327233542854908     
 -0.91800000000115389       0.42336625308083320     
 -0.91200000000115722       0.42307635663072130     
 -0.90600000000116054       0.42240257452531682     
 -0.90000000000116387       0.42134518648757652     
 -0.89400000000116719       0.41990482415588354     
 -0.88800000000117052       0.41808247139067684     
 -0.88200000000117385       0.41587946424651684     
 -0.87600000000117717       0.41329749060829940     
 -0.87000000000118050       0.41033858949066176     
 -0.86400000000118382       0.40700514999996640     
 -0.85800000000118715       0.40329990995858017     
 -0.85200000000119047       0.39922595419151191     
 -0.84600000000119380       0.39478671247581199     
 -0.84000000000119712       0.38998595715348044     
 -0.83400000000120045       0.38482780040897646     
 -0.82800000000120377       0.37931669121276462     
 -0.82200000000120710       0.37345741193267890     
 -0.81600000000121042       0.36725507461523060     
 -0.81000000000121375       0.36071511693933134     
 -0.80400000000121707       0.35384329784524171     
 -0.79800000000122040       0.34664569284190089     
 -0.79200000000122373       0.33912868899613313     
 -0.78600000000122705       0.33129897960755922     
 -0.78000000000123038       0.32316355857338386     
 -0.77400000000123370       0.31472971444755621     
 -0.76800000000123703       0.30600502419913073     
 -0.76200000000124035       0.29699734667498462     
 -0.75600000000124368       0.28771481577236380     
 -0.75000000000124700       0.27816583332705003     
 -0.74400000000125033       0.26835906172325358     
 -0.73800000000125365       0.25830341623164099     
 -0.73200000000125698       0.24800805708220944     
 -0.72600000000126030       0.23748238127901850     
 -0.72000000000126363       0.22673601416407360     
 -0.71400000000126695       0.21577880073794117     
 -0.70800000000127028       0.20462079674495701     
 -0.70200000000127361       0.19327225953114535     
 -0.69600000000127693       0.18174363868324361     
 -0.69000000000128026       0.17004556645746582     
 -0.68400000000128358       0.15818884800689767     
 -0.67800000000128691       0.14618445141663899     
 -0.67200000000129023       0.13404349755605205     
 -0.66600000000129356       0.12177724975767897     
 -0.66000000000129688       0.10939710333261557     
 -0.65400000000130021        9.6914574932316061E-002
 -0.64800000000130353        8.4341291767006110E-002
 -0.64200000000130686        7.1688980691050522E-002
 -0.63600000000131018        5.8969457165801202E-002
 -0.63000000000131351        4.6194614110608018E-002
 -0.62400000000131683        3.3376410652818489E-002
 -0.61800000000132016        2.0526860787741599E-002
 -0.61200000000132349        7.6580219596654462E-003
 -0.60600000000132681       -5.2180164248561926E-003
 -0.60000000000133014       -1.8089144540135764E-002
 -0.59400000000133346       -3.0943243729491622E-002
 -0.58800000000133679       -4.3768198126912357E-002
 -0.58200000000134011       -5.6551906300683089E-002
 -0.57600000000134344       -6.9282292907364429E-002
 -0.57000000000134676       -8.1947320344466348E-002
 -0.56400000000135009       -9.4535000390121693E-002
 -0.55800000000135341      -0.10703340581805708     
 -0.55200000000135674      -0.11943068197613564     
 -0.54600000000136006      -0.13171505831676528     
 -0.54000000000136339      -0.14387485986747128     
 -0.53400000000136671      -0.15589851862997328     
 -0.52800000000137004      -0.16777458489613756     
 -0.52200000000137337      -0.17949173846924060     
 -0.51600000000137669      -0.19103879977903915     
 -0.51000000000138002      -0.20240474087922808     
 -0.50400000000138334      -0.21357869631595464     
 -0.49800000000138661      -0.22454997385616282     
 -0.49200000000138988      -0.23530806506466301     
 -0.48600000000139315      -0.24584265571894323     
 -0.48000000000139642      -0.25614363605088536     
 -0.47400000000139969      -0.26620111080469966     
 -0.46800000000140296      -0.27600540910055504     
 -0.46200000000140623      -0.28554709409356127     
 -0.45600000000140950      -0.29481697241794547     
 -0.45000000000141277      -0.30380610340646130     
 -0.44400000000141604      -0.31250580807528699     
 -0.43800000000141931      -0.32090767786488095     
 -0.43200000000142258      -0.32900358312750061     
 -0.42600000000142585      -0.33678568135233261     
 -0.42000000000142912      -0.34424642511943054     
 -0.41400000000143239      -0.35137856977392468     
 -0.40800000000143566      -0.35817518081223576     
 -0.40200000000143893      -0.36462964097230960     
 -0.39600000000144220      -0.37073565702017824     
 -0.39000000000144547      -0.37648726622545420     
 -0.38400000000144874      -0.38187884251867232     
 -0.37800000000145201      -0.38690510232371078     
 -0.37200000000145528      -0.39156111005884631     
 -0.36600000000145855      -0.39584228330033072     
 -0.36000000000146182      -0.39974439760271685     
 -0.35400000000146509      -0.40326359097050679     
 -0.34800000000146836      -0.40639636797604695     
 -0.34200000000147163      -0.40913960351895534     
 -0.33600000000147490      -0.41149054622273024     
 -0.33000000000147817      -0.41344682146455858     
 -0.32400000000148144      -0.41500643403471849     
 -0.31800000000148471      -0.41616777042234687     
 -0.31200000000148798      -0.41692960072473290     
 -0.30600000000149125      -0.41729108017767635     
 -0.30000000000149452      -0.41725175030484951     
 -0.29400000000149779      -0.41681153968448770     
 -0.28800000000150106      -0.41597076433213404     
 -0.28200000000150433      -0.41473012769855905     
 -0.27600000000150759      -0.41309072028237831     
 -0.27000000000151086      -0.41105401885728721     
 -0.26400000000151413      -0.40862188531423932     
 -0.25800000000151740      -0.40579656511929274     
 -0.25200000000152067      -0.40258068538824937     
 -0.24600000000152394      -0.39897725257961619     
 -0.24000000000152721      -0.39498964980781676     
 -0.23400000000153048      -0.39062163377897557     
 -0.22800000000153375      -0.38587733135200086     
 -0.22200000000153702      -0.38076123572807863     
 -0.21600000000154029      -0.37527820227208802     
 -0.21000000000154356      -0.36943344396983063     
 -0.20400000000154683      -0.36323252652535393     
 -0.19800000000155010      -0.35668136310302911     
 -0.19200000000155337      -0.34978620871941601     
 -0.18600000000155664      -0.34255365429032236     
 -0.18000000000155991      -0.33499062033882704     
 -0.17400000000156318      -0.32710435037039748     
 -0.16800000000156645      -0.31890240392158448     
 -0.16200000000156972      -0.31039264928912186     
 -0.15600000000157299      -0.30158325594660546     
 -0.15000000000157626      -0.29248268665624583     
 -0.14400000000157953      -0.28309968928352652     
 -0.13800000000158280      -0.27344328832290610     
 -0.13200000000158607      -0.26352277614301689     
 -0.12600000000158934      -0.25334770396010714     
 -0.12000000000159261      -0.24292787254876702     
 -0.11400000000159588      -0.23227332269925829     
 -0.10800000000159915      -0.22139432543103593     
 -0.10200000000160242      -0.21030137197231391     
  -9.6000000001605690E-002 -0.19900516351577552     
  -9.0000000001608960E-002 -0.18751660076076762     
  -8.4000000001612229E-002 -0.17584677325254774     
  -7.8000000001615499E-002 -0.16400694852937062     
  -7.2000000001618769E-002 -0.15200856108840402     
  -6.6000000001622039E-002 -0.13986320118166093     
  -6.0000000001625316E-002 -0.12758260345331540     
  -5.4000000001628592E-002 -0.11517863542993954     
  -4.8000000001631869E-002 -0.10266328587535750     
  -4.2000000001635146E-002  -9.0048653021957040E-002
  -3.6000000001638423E-002  -7.7346932690431580E-002
  -3.0000000001641696E-002  -6.4570406310046277E-002
  -2.4000000001644969E-002  -5.1731428851626821E-002
  -1.8000000001648243E-002  -3.8842416685565484E-002
  -1.2000000001651516E-002  -2.5915835377217037E-002
  -6.0000000016547901E-003  -1.2964187432126502E-002
  -1.6580643108499160E-012  -3.5831537312896454E-012
   5.9999999983386615E-003   1.2964187424963658E-002
   1.1999999998335387E-002   2.5915835370064592E-002
   1.7999999998332114E-002   3.8842416678430351E-002
   2.3999999998328841E-002   5.1731428844515905E-002
   2.9999999998325567E-002   6.4570406302966427E-002
   3.5999999998322291E-002   7.7346932683389685E-002
   4.1999999998319014E-002   9.0048653014959873E-002
   4.7999999998315737E-002  0.10266328586841188     
   5.3999999998312460E-002  0.11517863542305212     
   5.9999999998309184E-002  0.12758260344649289     
   6.5999999998305914E-002  0.13986320117490988     
   7.1999999998302644E-002  0.15200856108173097     
   7.7999999998299374E-002  0.16400694852278203     
   8.3999999998296104E-002  0.17584677324604994     
   8.9999999998292834E-002  0.18751660075436688     
   9.5999999998289565E-002  0.19900516350947806     
  0.10199999999828629       0.21030137196612583     
  0.10799999999828302       0.22139432542496312     
  0.11399999999827976       0.23227332269330664     
  0.11999999999827649       0.24292787254294229     
  0.12599999999827322       0.25334770395441480     
  0.13199999999826995       0.26352277613746267     
  0.13799999999826668       0.27344328831749531     
  0.14399999999826341       0.28309968927826423     
  0.14999999999826014       0.29248268665113730     
  0.15599999999825687       0.30158325594165536     
  0.16199999999825360       0.31039264928433513     
  0.16799999999825033       0.31890240391696550     
  0.17399999999824706       0.32710435036595092     
  0.17999999999824379       0.33499062033455701     
  0.18599999999824052       0.34255365428623297     
  0.19199999999823725       0.34978620871551142     
  0.19799999999823398       0.35668136309931270     
  0.20399999999823071       0.36323252652182941     
  0.20999999999822744       0.36943344396650130     
  0.21599999999822417       0.37527820226895714     
  0.22199999999822090       0.38076123572514919     
  0.22799999999821763       0.38587733134927554     
  0.23399999999821436       0.39062163377645714     
  0.23999999999821109       0.39498964980550744     
  0.24599999999820782       0.39897725257751809     
  0.25199999999820455       0.40258068538636460     
  0.25799999999820128       0.40579656511762296     
  0.26399999999819801       0.40862188531278615     
  0.26999999999819474       0.41105401885605197     
  0.27599999999819147       0.41309072028136223     
  0.28199999999818820       0.41473012769776318     
  0.28799999999818493       0.41597076433155877     
  0.29399999999818166       0.41681153968413370     
  0.29999999999817839       0.41725175030471695     
  0.30599999999817512       0.41729108017776545     
  0.31199999999817185       0.41692960072504326     
  0.31799999999816858       0.41616777042287850     
  0.32399999999816531       0.41500643403547050     
  0.32999999999816204       0.41344682146553036     
  0.33599999999815877       0.41149054622392067     
  0.34199999999815550       0.40913960352036327     
  0.34799999999815223       0.40639636797767098     
  0.35399999999814896       0.40326359097234538     
  0.35999999999814569       0.39974439760476799     
  0.36599999999814242       0.39584228330259241     
  0.37199999999813915       0.39156111006131661     
  0.37799999999813588       0.38690510232638692     
  0.38399999999813261       0.38187884252155163     
  0.38999999999812934       0.37648726622853407     
  0.39599999999812607       0.37073565702345562     
  0.40199999999812280       0.36462964097578132     
  0.40799999999811953       0.35817518081589828     
  0.41399999999811626       0.35137856977777437     
  0.41999999999811299       0.34424642512346382     
  0.42599999999810972       0.33678568135654546     
  0.43199999999810645       0.32900358313188915     
  0.43799999999810318       0.32090767786944069     
  0.44399999999809991       0.31250580808001371     
  0.44999999999809664       0.30380610341135017     
  0.45599999999809337       0.29481697242299187     
  0.46199999999809011       0.28554709409876056     
  0.46799999999808684       0.27600540910590193     
  0.47399999999808357       0.26620111081018927     
  0.47999999999808030       0.25614363605651236     
  0.48599999999807703       0.24584265572470201     
  0.49199999999807376       0.23530806507054797     
  0.49799999999807049       0.22454997386216852     
  0.50399999999806722       0.21357869632207516     
  0.50999999999806389       0.20240474088545796     
  0.51599999999806057       0.19103879978537192     
  0.52199999999805724       0.17949173847567043     
  0.52799999999805391       0.16777458490265856     
  0.53399999999805059       0.15589851863657883     
  0.53999999999804726       0.14387485987415541     
  0.54599999999804394       0.13171505832352126     
  0.55199999999804061       0.11943068198295735     
  0.55799999999803729       0.10703340582493787     
  0.56399999999803396        9.4535000397055285E-002
  0.56999999999803064        8.1947320351445821E-002
  0.57599999999802731        6.9282292914383606E-002
  0.58199999999802399        5.6551906307734767E-002
  0.58799999999802066        4.3768198133990174E-002
  0.59399999999801734        3.0943243736589087E-002
  0.59999999999801401        1.8089144547245868E-002
  0.60599999999801069        5.2180164319725660E-003
  0.61199999999800736       -7.6580219525500381E-003
  0.61799999999800403       -2.0526860780633472E-002
  0.62399999999800071       -3.3376410645724261E-002
  0.62999999999799738       -4.6194614103534266E-002
  0.63599999999799406       -5.8969457158754984E-002
  0.64199999999799073       -7.1688980684037923E-002
  0.64799999999798741       -8.4341291760034159E-002
  0.65399999999798408       -9.6914574925391156E-002
  0.65999999999798076      -0.10939710332574364     
  0.66599999999797743      -0.12177724975086704     
  0.67199999999797411      -0.13404349754930608     
  0.67799999999797078      -0.14618445140996561     
  0.68399999999796746      -0.15818884800030264     
  0.68999999999796413      -0.17004556645095567     
  0.69599999999796081      -0.18174363867682386     
  0.70199999999795748      -0.19327225952482249     
  0.70799999999795415      -0.20462079673873648     
  0.71399999999795083      -0.21577880073182895     
  0.71999999999794750      -0.22673601415807509     
  0.72599999999794418      -0.23748238127313945     
  0.73199999999794085      -0.24800805707645501     
  0.73799999999793753      -0.25830341622601632     
  0.74399999999793420      -0.26835906171776402     
  0.74999999999793088      -0.27816583332170031     
  0.75599999999792755      -0.28771481576715896     
  0.76199999999792423      -0.29699734666992950     
  0.76799999999792090      -0.30600502419422987     
  0.77399999999791758      -0.31472971444281367     
  0.77999999999791425      -0.32316355856880447     
  0.78599999999791093      -0.33129897960314664     
  0.79199999999790760      -0.33912868899189158     
  0.79799999999790427      -0.34664569283783409     
  0.80399999999790095      -0.35384329784135299     
  0.80999999999789762      -0.36071511693562447     
  0.81599999999789430      -0.36725507461170870     
  0.82199999999789097      -0.37345741192934534     
  0.82799999999788765      -0.37931669120962208     
  0.83399999999788432      -0.38482780040602776     
  0.83999999999788100      -0.38998595715072781     
  0.84599999999787767      -0.39478671247325803     
  0.85199999999787435      -0.39922595418915902     
  0.85799999999787102      -0.40329990995643017     
  0.86399999999786770      -0.40700514999802112     
  0.86999999999786437      -0.41033858948892271     
  0.87599999999786105      -0.41329749060676796     
  0.88199999999785772      -0.41587946424519429     
  0.88799999999785439      -0.41808247138956428     
  0.89399999999785107      -0.41990482415498187     
  0.89999999999784774      -0.42134518648688618     
  0.90599999999784442      -0.42240257452483848     
  0.91199999999784109      -0.42307635663045484     
  0.91799999999783777      -0.42336625308077924     
  0.92399999999783444      -0.42327233542870701     
  0.92999999999783112      -0.42279502553241471     
  0.93599999999782779      -0.42193509425605835     
  0.94199999999782447      -0.42069365984433527     
  0.94799999999782114      -0.41907218597381374     
  0.95399999999781782      -0.41707247948424692     
  0.95999999999781449      -0.41469668779339369     
  0.96599999999781117      -0.41194729599916990     
  0.97199999999780784      -0.40882712367324819     
  0.97799999999780451      -0.40533932135051504     
  0.98399999999780119      -0.40148736671907470     
  0.98999999999779786      -0.39727506051576911     
  0.99599999999779454      -0.39270652213245433     
   1.0019999999977913      -0.38778618493852907     
   1.0079999999977880      -0.38251879132548178     
   1.0139999999977847      -0.37690938747945518     
   1.0199999999977813      -0.37096331788808362     
   1.0259999999977780      -0.36468621958808056     
   1.0319999999977747      -0.35808401616028629     
   1.0379999999977714      -0.35116291147909967     
   1.0439999999977680      -0.34392938322342903     
   1.0499999999977647      -0.33639017615649625     
   1.0559999999977614      -0.32855229518202073     
   1.0619999999977581      -0.32042299818449255     
   1.0679999999977547      -0.31200978866141732     
   1.0739999999977514      -0.30332040815558381     
   1.0799999999977481      -0.29436282849555340     
   1.0859999999977448      -0.28514524385272622     
   1.0919999999977414      -0.27567606262346839     
   1.0979999999977381      -0.26596389914491286     
   1.1039999999977348      -0.25601756525317054     
   1.1099999999977315      -0.24584606169278447     
   1.1159999999977281      -0.23545856938637316     
   1.1219999999977248      -0.22486444057348223     
   1.1279999999977215      -0.21407318982775350     
   1.1339999999977182      -0.20309448496158494     
   1.1399999999977148      -0.19193813782751440     
   1.1459999999977115      -0.18061409502560966     
   1.1519999999977082      -0.16913242852618637     
   1.1579999999977049      -0.15750332621720409     
   1.1639999999977015      -0.14573708238571728     
   1.1699999999976982      -0.13384408814275472     
   1.1759999999976949      -0.12183482180101585     
   1.1819999999976916      -0.10971983921475575     
   1.1879999999976882       -9.7509764091210496E-002
   1.1939999999976849       -8.5215278282895879E-002
   1.1999999999976816       -7.2847112070063336E-002
   1.2059999999976783       -6.0416034442557297E-002
   1.2119999999976749       -4.7932843390263394E-002
   1.2179999999976716       -3.5408356211272245E-002
   1.2239999999976683       -2.2853399846801459E-002
   1.2299999999976650       -1.0278801251851231E-002
   1.2359999999976616        2.3046221895341051E-003
   1.2419999999976583        1.4886072195620837E-002
   1.2479999999976550        2.7454779056280361E-002
   1.2539999999976517        4.0000011031678058E-002
   1.2599999999976483        5.2511083671914441E-002
   1.2659999999976450        6.4977369049325273E-002
   1.2719999999976417        7.7388304895270779E-002
   1.2779999999976384        8.9733403633401876E-002
   1.2839999999976350       0.10200226130153836     
   1.2899999999976317       0.11418456635445055     
   1.2959999999976284       0.12627010834000871     
   1.3019999999976251       0.13824878644133401     
   1.3079999999976217       0.15011061787776331     
   1.3139999999976184       0.16184574615762548     
   1.3199999999976151       0.17344444917601862     
   1.3259999999976118       0.18489714715096714     
   1.3319999999976084       0.19619441039155350     
   1.3379999999976051       0.20732696689180830     
   1.3439999999976018       0.21828570974436312     
   1.3499999999975985       0.22906170436808559     
   1.3559999999975951       0.23964619554413238     
   1.3619999999975918       0.25003061425508211     
   1.3679999999975885       0.26020658432203458     
   1.3739999999975852       0.27016592883479773     
   1.3799999999975818       0.27990067637050914     
   1.3859999999975785       0.28940306699628682     
   1.3919999999975752       0.29866555805173278     
   1.3979999999975719       0.30768082970736210     
   1.4039999999975685       0.31644179029526365     
   1.4099999999975652       0.32494158140855928     
   1.4159999999975619       0.33317358276645881     
   1.4219999999975586       0.34113141684196796     
   1.4279999999975552       0.34880895324954553     
   1.4339999999975519       0.35620031289026832     
   1.4399999999975486       0.36329987185229795     
   1.4459999999975452       0.37010226506470545     
   1.4519999999975419       0.37660238970295412     
   1.4579999999975386       0.38279540834459042     
   1.4639999999975353       0.38867675187394601     
   1.4699999999975319       0.39424212213489890     
   1.4759999999975286       0.39948749433098896     
   1.4819999999975253       0.40440911917243066     
   1.4879999999975220       0.40900352476980967     
   1.4939999999975186       0.41326751827449099     
   1.4999999999975153       0.41719818726600921     
   1.5059999999975120       0.42079290088694510     
   1.5119999999975087       0.42404931072603447     
   1.5179999999975053       0.42696535145048320     
   1.5239999999975020       0.42953924118869197     
   1.5299999999974987       0.43176948166482798     
   1.5359999999974954       0.43365485808688831     
   1.5419999999974920       0.43519443879014186     
   1.5479999999974887       0.43638757463803246     
   1.5539999999974854       0.43723389818284902     
   1.5599999999974821       0.43773332258866982     
   1.5659999999974787       0.43788604031929862     
   1.5719999999974754       0.43769252159410382     
   1.5779999999974721       0.43715351261486618     
   1.5839999999974688       0.43627003356693639     
   1.5899999999974654       0.43504337639817703     
   1.5959999999974621       0.43347510237935588     
   1.6019999999974588       0.43156703944982311     
   1.6079999999974555       0.42932127935247588     
   1.6139999999974521       0.42674017456217994     
   1.6199999999974488       0.42382633501196870     
   1.6259999999974455       0.42058262462150620     
   1.6319999999974422       0.41701215763242744     
   1.6379999999974388       0.41311829475532769     
   1.6439999999974355       0.40890463913329655     
   1.6499999999974322       0.40437503212702458     
   1.6559999999974289       0.39953354892663379     
   1.6619999999974255       0.39438449399549336     
   1.6679999999974222       0.38893239635139992     
   1.6739999999974189       0.38318200469060282     
   1.6799999999974156       0.37713828236024499     
   1.6859999999974122       0.37080640218489302     
   1.6919999999974089       0.36419174115290398     
   1.6979999999974056       0.35729987496846155     
   1.7039999999974023       0.35013657247518171     
   1.7099999999973989       0.34270778995725604     
   1.7159999999973956       0.33501966532415384     
   1.7219999999973923       0.32707851218496986     
   1.7279999999973890       0.31889081381853135     
   1.7339999999973856       0.31046321704543645     
   1.7399999999973823       0.30180252600821256     
   1.7459999999973790       0.29291569586582689     
   1.7519999999973757       0.28380982640878538     
   1.7579999999973723       0.27449215560108414     
   1.7639999999973690       0.26497005305527610     
   1.7699999999973657       0.25525101344692341     
   1.7759999999973624       0.24534264987469970     
   1.7819999999973590       0.23525268717239675     
   1.7879999999973557       0.22498895517907416     
   1.7939999999973524       0.21455938197356614     
   1.7999999999973491       0.20397198707954123     
   1.8059999999973457       0.19323487464726052     
   1.8119999999973424       0.18235622661816242     
   1.8179999999973391       0.17134429587833905     
   1.8239999999973358       0.16020739940692993     
   1.8299999999973324       0.14895391142540079     
   1.8359999999973291       0.13759225655361845     
   1.8419999999973258       0.12613090297856044     
   1.8479999999973225       0.11457835564143577     
   1.8539999999973191       0.10294314944891621     
   1.8599999999973158        9.1233842514091876E-002
   1.8659999999973125        7.9459009432696320E-002
   1.8719999999973091        6.7627234600038985E-002
   1.8779999999973058        5.5747105574003551E-002
   1.8839999999973025        4.3827206489372723E-002
   1.8899999999972992        3.1876111528632074E-002
   1.8959999999972958        1.9902378454313602E-002
   1.9019999999972925        7.9145422078159521E-003
   1.9079999999972892       -4.0788914204557131E-003
   1.9139999999972859       -1.6069452044920149E-002
   1.9199999999972825       -2.8048710858006882E-002
   1.9259999999972792       -4.0008286718232089E-002
   1.9319999999972759       -5.1939852148799821E-002
   1.9379999999972726       -6.3835139242498326E-002
   1.9439999999972692       -7.5685945468793606E-002
   1.9499999999972659       -8.7484139379148465E-002
   1.9559999999972626       -9.9221666206732326E-002
   1.9619999999972593      -0.11089055335682763     
   1.9679999999972559      -0.12248291578435658     
   1.9739999999972526      -0.13399096125512405     
   1.9799999999972493      -0.14540699548748295     
   1.9859999999972460      -0.15672342717129187     
   1.9919999999972426      -0.16793277286116154     
   1.9979999999972393      -0.17902766174115092     
   2.0039999999972360      -0.19000084025820205     
   2.0099999999972327      -0.20084517662175985     
   2.0159999999972293      -0.21155366516717228     
   2.0219999999972260      -0.22211943058059519     
   2.0279999999972227      -0.23253573198330946     
   2.0339999999972194      -0.24279596687347119     
   2.0399999999972160      -0.25289367492348341     
   2.0459999999972127      -0.26282254163132485     
   2.0519999999972094      -0.27257640182431209     
   2.0579999999972061      -0.28214924301392735     
   2.0639999999972027      -0.29153520860048820     
   2.0699999999971994      -0.30072860092657955     
   2.0759999999971961      -0.30972388417831626     
   2.0819999999971928      -0.31851568713365425     
   2.0879999999971894      -0.32709880575710221     
   2.0939999999971861      -0.33546820564033863     
   2.0999999999971828      -0.34361902428837116     
   2.1059999999971795      -0.35154657325102157     
   2.1119999999971761      -0.35924634009965539     
   2.1179999999971728      -0.36671399024921497     
   2.1239999999971695      -0.37394536862574351     
   2.1299999999971662      -0.38093650117972350     
   2.1359999999971628      -0.38768359624568721     
   2.1419999999971595      -0.39418304574868684     
   2.1479999999971562      -0.40043142625832367     
   2.1539999999971529      -0.40642549989118359     
   2.1599999999971495      -0.41216221506262696     
   2.1659999999971462      -0.41763870708901535     
   2.1719999999971429      -0.42285229864156515     
   2.1779999999971396      -0.42780050005314008     
   2.1839999999971362      -0.43248100947939278     
   2.1899999999971329      -0.43689171291579915     
   2.1959999999971296      -0.44103068407220697     
   2.2019999999971263      -0.44489618410664028     
   2.2079999999971229      -0.44848666122020431     
   2.2139999999971196      -0.45180075011501314     
   2.2199999999971163      -0.45483727131718016     
   2.2259999999971130      -0.45759523036698907     
   2.2319999999971096      -0.46007381687844828     
   2.2379999999971063      -0.46227240347052662     
   2.2439999999971030      -0.46419054457244419     
   2.2499999999970997      -0.46582797510546681     
   2.2559999999970963      -0.46718460904373099     
   2.2619999999970930      -0.46826053785670435     
   2.2679999999970897      -0.46905602883593711     
   2.2739999999970864      -0.46957152330884205     
   2.2799999999970830      -0.46980763474229764     
   2.2859999999970797      -0.46976514673891617     
   2.2919999999970764      -0.46944501092888719     
   2.2979999999970731      -0.46884834476035309     
   2.3039999999970697      -0.46797642919131766     
   2.3099999999970664      -0.46683070628613366     
   2.3159999999970631      -0.46541277671966336     
   2.3219999999970597      -0.46372439719223424     
   2.3279999999970564      -0.46176747775855326     
   2.3339999999970531      -0.45954407907376699     
   2.3399999999970498      -0.45705640955988996     
   2.3459999999970464      -0.45430682249584547     
   2.3519999999970431      -0.45129781303437555     
   2.3579999999970398      -0.44803201514911356     
   2.3639999999970365      -0.44451219851510232     
   2.3699999999970331      -0.44074126532607538     
   2.3759999999970298      -0.43672224705181140     
   2.3819999999970265      -0.43245830113888367     
   2.3879999999970232      -0.42795270765812959     
   2.3939999999970198      -0.42320886590215501     
   2.3999999999970165      -0.41823029093619901     
   2.4059999999970132      -0.41302061010566116     
   2.4119999999970099      -0.40758355950359954     
   2.4179999999970065      -0.40192298040148322     
   2.4239999999970032      -0.39604281564646943     
   2.4299999999969999      -0.38994710602846538     
   2.4359999999969966      -0.38363998662020554     
   2.4419999999969932      -0.37712568309355005     
   2.4479999999969899      -0.37040850801520026     
   2.4539999999969866      -0.36349285712497276     
   2.4599999999969833      -0.35638320559977266     
   2.4659999999969799      -0.34908410430634040     
   2.4719999999969766      -0.34160017604585102     
   2.4779999999969733      -0.33393611179336297     
   2.4839999999969700      -0.32609666693511191     
   2.4899999999969666      -0.31808665750658488     
   2.4959999999969633      -0.30991095643426247     
   2.5019999999969600      -0.30157448978388685     
   2.5079999999969567      -0.29308223301805275     
   2.5139999999969533      -0.28443920726587441     
   2.5199999999969500      -0.27565047560743394     
   2.5259999999969467      -0.26672113937565428     
   2.5319999999969434      -0.25765633447820091     
   2.5379999999969400      -0.24846122774194362     
   2.5439999999969367      -0.23914101328246962     
   2.5499999999969334      -0.22970090890107017     
   2.5559999999969301      -0.22014615251156655     
   2.5619999999969267      -0.21048199859928371     
   2.5679999999969234      -0.20071371471441216     
   2.5739999999969201      -0.19084657800194832     
   2.5799999999969168      -0.18088587177032045     
   2.5859999999969134      -0.17083688210076645     
   2.5919999999969101      -0.16070489449944392     
   2.5979999999969068      -0.15049519059420086     
   2.6039999999969035      -0.14021304487786584     
   2.6099999999969001      -0.12986372149984510     
   2.6159999999968968      -0.11945247110774809     
   2.6219999999968935      -0.10898452774070494     
   2.6279999999968902       -9.8465105775956074E-002
   2.6339999999968868       -8.7899396930233381E-002
   2.6399999999968835       -7.7292567317390384E-002
   2.6459999999968802       -6.6649754563655114E-002
   2.6519999999968769       -5.5976064981819867E-002
   2.6579999999968735       -4.5276570805621925E-002
   2.6639999999968702       -3.4556307485476348E-002
   2.6699999999968669       -2.3820271046677496E-002
   2.6759999999968636       -1.3073415511106374E-002
   2.6819999999968602       -2.3206503834107390E-003
   2.6879999999968569        8.4331617974317628E-003
   2.6939999999968536        1.9183207840344989E-002
   2.6999999999968503        2.9924726217398730E-002
   2.7059999999968469        4.0653009311369892E-002
   2.7119999999968436        5.1363405594987963E-002
   2.7179999999968403        6.2051321741293491E-002
   2.7239999999968370        7.2712224664598035E-002
   2.7299999999968336        8.3341643491615505E-002
   2.7359999999968303        9.3935171462377551E-002
   2.7419999999968270       0.10448846776062502     
   2.7479999999968237       0.11499725927341584     
   2.7539999999968203       0.12545734227976971     
   2.7599999999968170       0.13586458406819726     
   2.7659999999968137       0.14621492448306428     
   2.7719999999968103       0.15650437739976075     
   2.7779999999968070       0.16672903212872101     
   2.7839999999968037       0.17688505474839852     
   2.7899999999968004       0.18696868936734398     
   2.7959999999967970       0.19697625931559645     
   2.8019999999967937       0.20690416826564786     
   2.8079999999967904       0.21674890128329974     
   2.8139999999967871       0.22650702580875892     
   2.8199999999967837       0.23617519256840283     
   2.8259999999967804       0.24575013641766488     
   2.8319999999967771       0.25522867711554909     
   2.8379999999967738       0.26460772003132121     
   2.8439999999967704       0.27388425678398409     
   2.8499999999967671       0.28305536581516810     
   2.8559999999967638       0.29211821289611656     
   2.8619999999967605       0.30107005156950178     
   2.8679999999967571       0.30990822352680392     
   2.8739999999967538       0.31863015892208341     
   2.8799999999967505       0.32723337662296076     
   2.8859999999967472       0.33571548439967064     
   2.8919999999967438       0.34407417905310667     
   2.8979999999967405       0.35230724648277850     
   2.9039999999967372       0.36041256169564995     
   2.9099999999967339       0.36838808875685231     
   2.9159999999967305       0.37623188068330082     
   2.9219999999967272       0.38394207928124185     
   2.9279999999967239       0.39151691492883389     
   2.9339999999967206       0.39895470630483659     
   2.9399999999967172       0.40625386006453212     
   2.9459999999967139       0.41341287046402941     
   2.9519999999967106       0.42043031893409549     
   2.9579999999967073       0.42730487360470371     
   2.9639999999967039       0.43403528878149256     
   2.9699999999967006       0.44062040437533456     
   2.9759999999966973       0.44705914528626017     
   2.9819999999966940       0.45335052074295462     
   2.9879999999966906       0.45949362359908896     
   2.9939999999966873       0.46548762958774387     
