  -3.0000000000000000      -0.54701761736712273     
  -2.9940000000000033      -0.54981194067273331     
  -2.9880000000000067      -0.55254124030425855     
  -2.9820000000000100      -0.55520376565502838     
  -2.9760000000000133      -0.55779776313383289     
  -2.9700000000000166      -0.56032147694391177     
  -2.9640000000000200      -0.56277314987817229     
  -2.9580000000000233      -0.56515102413045548     
  -2.9520000000000266      -0.56745334212268250     
  -2.9460000000000299      -0.56967834734768075     
  -2.9400000000000333      -0.57182428522747064     
  -2.9340000000000366      -0.57388940398679966     
  -2.9280000000000399      -0.57587195554167858     
  -2.9220000000000432      -0.57777019640265126     
  -2.9160000000000466      -0.57958238859254585     
  -2.9100000000000499      -0.58130680057840745     
  -2.9040000000000532      -0.58294170821731084     
  -2.8980000000000565      -0.58448539571573244     
  -2.8920000000000599      -0.58593615660215614     
  -2.8860000000000632      -0.58729229471254440     
  -2.8800000000000665      -0.58855212518833111     
  -2.8740000000000698      -0.58971397548653448     
  -2.8680000000000732      -0.59077618640158991     
  -2.8620000000000765      -0.59173711309850840     
  -2.8560000000000798      -0.59259512615690757     
  -2.8500000000000831      -0.59334861262547012     
  -2.8440000000000865      -0.59399597708638396     
  -2.8380000000000898      -0.59453564272926263     
  -2.8320000000000931      -0.59496605243405598     
  -2.8260000000000964      -0.59528566986244713     
  -2.8200000000000998      -0.59549298055720301     
  -2.8140000000001031      -0.59558649304892386     
  -2.8080000000001064      -0.59556473996964676     
  -2.8020000000001097      -0.59542627917272140     
  -2.7960000000001131      -0.59516969485836391     
  -2.7900000000001164      -0.59479359870428428     
  -2.7840000000001197      -0.59429663100076635     
  -2.7780000000001230      -0.59367746178955338     
  -2.7720000000001264      -0.59293479200590993     
  -2.7660000000001297      -0.59206735462316396     
  -2.7600000000001330      -0.59107391579905688     
  -2.7540000000001363      -0.58995327602322445     
  -2.7480000000001397      -0.58870427126506697     
  -2.7420000000001430      -0.58732577412130482     
  -2.7360000000001463      -0.58581669496247546     
  -2.7300000000001496      -0.58417598307761998     
  -2.7240000000001530      -0.58240262781639618     
  -2.7180000000001563      -0.58049565972784090     
  -2.7120000000001596      -0.57845415169499059     
  -2.7060000000001629      -0.57627722006456183     
  -2.7000000000001663      -0.57396402577087435     
  -2.6940000000001696      -0.57151377545320492     
  -2.6880000000001729      -0.56892572256571372     
  -2.6820000000001762      -0.56619916847912888     
  -2.6760000000001796      -0.56333346357330183     
  -2.6700000000001829      -0.56032800831980101     
  -2.6640000000001862      -0.55718225435364721     
  -2.6580000000001895      -0.55389570553331546     
  -2.6520000000001929      -0.55046791898811986     
  -2.6460000000001962      -0.54689850615208058     
  -2.6400000000001995      -0.54318713378336536     
  -2.6340000000002028      -0.53933352496840115     
  -2.6280000000002062      -0.53533746010974093     
  -2.6220000000002095      -0.53119877789675862     
  -2.6160000000002128      -0.52691737625825186     
  -2.6100000000002161      -0.52249321329602771     
  -2.6040000000002195      -0.51792630819852559     
  -2.5980000000002228      -0.51321674213356017     
  -2.5920000000002261      -0.50836465911923623     
  -2.5860000000002294      -0.50337026687209629     
  -2.5800000000002328      -0.49823383763157630     
  -2.5740000000002361      -0.49295570895981916     
  -2.5680000000002394      -0.48753628451590664     
  -2.5620000000002427      -0.48197603480359591     
  -2.5560000000002461      -0.47627549789159962     
  -2.5500000000002494      -0.47043528010550179     
  -2.5440000000002527      -0.46445605669037526     
  -2.5380000000002561      -0.45833857244317944     
  -2.5320000000002594      -0.45208364231403042     
  -2.5260000000002627      -0.44569215197542905     
  -2.5200000000002660      -0.43916505835854563     
  -2.5140000000002694      -0.43250339015567169     
  -2.5080000000002727      -0.42570824828796106     
  -2.5020000000002760      -0.41878080633756476     
  -2.4960000000002793      -0.41172231094332506     
  -2.4900000000002827      -0.40453408215915176     
  -2.4840000000002860      -0.39721751377425574     
  -2.4780000000002893      -0.38977407359440841     
  -2.4720000000002926      -0.38220530368341976     
  -2.4660000000002960      -0.37451282056402102     
  -2.4600000000002993      -0.36669831537740027     
  -2.4540000000003026      -0.35876355400059728     
  -2.4480000000003059      -0.35071037712102587     
  -2.4420000000003093      -0.34254070026739319     
  -2.4360000000003126      -0.33425651379630644     
  -2.4300000000003159      -0.32585988283387601     
  -2.4240000000003192      -0.31735294717165147     
  -2.4180000000003226      -0.30873792111624726     
  -2.4120000000003259      -0.30001709329202003     
  -2.4060000000003292      -0.29119282639622956     
  -2.4000000000003325      -0.28226755690607369     
  -2.3940000000003359      -0.27324379473707994     
  -2.3880000000003392      -0.26412412285231146     
  -2.3820000000003425      -0.25491119682190577     
  -2.3760000000003458      -0.24560774433247312     
  -2.3700000000003492      -0.23621656464592039     
  -2.3640000000003525      -0.22674052800729466     
  -2.3580000000003558      -0.21718257500126240     
  -2.3520000000003591      -0.20754571585689688     
  -2.3460000000003625      -0.19783302970043476     
  -2.3400000000003658      -0.18804766375574844     
  -2.3340000000003691      -0.17819283249227047     
  -2.3280000000003724      -0.16827181672016581     
  -2.3220000000003758      -0.15828796263257744     
  -2.3160000000003791      -0.14824468079479897     
  -2.3100000000003824      -0.13814544508027951     
  -2.3040000000003857      -0.12799379155338225     
  -2.2980000000003891      -0.11779331729888826     
  -2.2920000000003924      -0.10754767919823385     
  -2.2860000000003957       -9.7260592652548009E-002
  -2.2800000000003990       -8.6935830252574647E-002
  -2.2740000000004024       -7.6577220395606632E-002
  -2.2680000000004057       -6.6188645849608180E-002
  -2.2620000000004090       -5.5774042264735195E-002
  -2.2560000000004123       -4.5337396632513183E-002
  -2.2500000000004157       -3.4882745692957844E-002
  -2.2440000000004190       -2.4414174289999164E-002
  -2.2380000000004223       -1.3935813675569460E-002
  -2.2320000000004256       -3.4518397627995205E-003
  -2.2260000000004290        7.0335286712126547E-003
  -2.2200000000004323        1.7516031832547557E-002
  -2.2140000000004356        2.7991370806957076E-002
  -2.2080000000004389        3.8455209505106683E-002
  -2.2020000000004423        4.8903176655914281E-002
  -2.1960000000004456        5.9330867847287382E-002
  -2.1900000000004489        6.9733847613525538E-002
  -2.1840000000004522        8.0107651568595048E-002
  -2.1780000000004556        9.0447788584447408E-002
  -2.1720000000004589       0.10074974301350623     
  -2.1660000000004622       0.11100897695439689     
  -2.1600000000004655       0.12122093255995259     
  -2.1540000000004689       0.13138103438648185     
  -2.1480000000004722       0.14148469178324463     
  -2.1420000000004755       0.15152730132102182     
  -2.1360000000004788       0.16150424925864246     
  -2.1300000000004822       0.17141091404626732     
  -2.1240000000004855       0.18124266886419166     
  -2.1180000000004888       0.19099488419589150     
  -2.1120000000004922       0.20066293043397887     
  -2.1060000000004955       0.21024218051770743     
  -2.1000000000004988       0.21972801260061003     
  -2.0940000000005021       0.22911581274681977     
  -2.0880000000005055       0.23840097765457499     
  -2.0820000000005088       0.24757891740537732     
  -2.0760000000005121       0.25664505823722344     
  -2.0700000000005154       0.26559484534029404     
  -2.0640000000005188       0.27442374567344641     
  -2.0580000000005221       0.28312725079981693     
  -2.0520000000005254       0.29170087973980430     
  -2.0460000000005287       0.30014018183966090     
  -2.0400000000005321       0.30844073965389784     
  -2.0340000000005354       0.31659817183965894     
  -2.0280000000005387       0.32460813606119659     
  -2.0220000000005420       0.33246633190254515     
  -2.0160000000005454       0.34016850378645525     
  -2.0100000000005487       0.34771044389762579     
  -2.0040000000005520       0.35508799510823563     
  -1.9980000000005553       0.36229705390375561     
  -1.9920000000005587       0.36933357330699007     
  -1.9860000000005620       0.37619356579826968     
  -1.9800000000005653       0.38287310622970105     
  -1.9740000000005686       0.38936833473134957     
  -1.9680000000005720       0.39567545960721112     
  -1.9620000000005753       0.40179076021881027     
  -1.9560000000005786       0.40771058985424080     
  -1.9500000000005819       0.41343137858045836     
  -1.9440000000005853       0.41894963607659924     
  -1.9380000000005886       0.42426195444610759     
  -1.9320000000005919       0.42936501100542818     
  -1.9260000000005952       0.43425557104701168     
  -1.9200000000005986       0.43893049057438083     
  -1.9140000000006019       0.44338671900698462     
  -1.9080000000006052       0.44762130185257248     
  -1.9020000000006085       0.45163138334481689     
  -1.8960000000006119       0.45541420904390101     
  -1.8900000000006152       0.45896712839780529     
  -1.8840000000006185       0.46228759726201002     
  -1.8780000000006218       0.46537318037535014     
  -1.8720000000006252       0.46822155378975627     
  -1.8660000000006285       0.47083050725162595     
  -1.8600000000006318       0.47319794653257574     
  -1.8540000000006351       0.47532189570734773     
  -1.8480000000006385       0.47720049937663911     
  -1.8420000000006418       0.47883202483265730     
  -1.8360000000006451       0.48021486416520881     
  -1.8300000000006484       0.48134753630615490     
  -1.8240000000006518       0.48222868901008942     
  -1.8180000000006551       0.48285710076911437     
  -1.8120000000006584       0.48323168265961558     
  -1.8060000000006617       0.48335148011897511     
  -1.8000000000006651       0.48321567465017412     
  -1.7940000000006684       0.48282358545228482     
  -1.7880000000006717       0.48217467097487521     
  -1.7820000000006750       0.48126853039439449     
  -1.7760000000006784       0.48010490501063197     
  -1.7700000000006817       0.47868367956140057     
  -1.7640000000006850       0.47700488345362135     
  -1.7580000000006883       0.47506869190903578     
  -1.7520000000006917       0.47287542702283053     
  -1.7460000000006950       0.47042555873347769     
  -1.7400000000006983       0.46771970570218113     
  -1.7340000000007016       0.46475863610034052     
  -1.7280000000007050       0.46154326830351339     
  -1.7220000000007083       0.45807467149041337     
  -1.7160000000007116       0.45435406614552998     
  -1.7100000000007149       0.45038282446402050     
  -1.7040000000007183       0.44616247065759290     
  -1.6980000000007216       0.44169468116014488     
  -1.6920000000007249       0.43698128473200731     
  -1.6860000000007282       0.43202426246169440     
  -1.6800000000007316       0.42682574766413345     
  -1.6740000000007349       0.42138802567442563     
  -1.6680000000007382       0.41571353353624568     
  -1.6620000000007416       0.40980485958407259     
  -1.6560000000007449       0.40366474291851800     
  -1.6500000000007482       0.39729607277408618     
  -1.6440000000007515       0.39070188777878401     
  -1.6380000000007549       0.38388537510507820     
  -1.6320000000007582       0.37684986951177007     
  -1.6260000000007615       0.36959885227645506     
  -1.6200000000007648       0.36213595001828819     
  -1.6140000000007682       0.35446493341089619     
  -1.6080000000007715       0.34658971578532843     
  -1.6020000000007748       0.33851435162304944     
  -1.5960000000007781       0.33024303493904650     
  -1.5900000000007815       0.32178009755521814     
  -1.5840000000007848       0.31313000726430035     
  -1.5780000000007881       0.30429736588467149     
  -1.5720000000007914       0.29528690720647316     
  -1.5660000000007948       0.28610349482956188     
  -1.5600000000007981       0.27675211989391130     
  -1.5540000000008014       0.26723789870316733     
  -1.5480000000008047       0.25756607024215383     
  -1.5420000000008081       0.24774199358921395     
  -1.5360000000008114       0.23777114522436640     
  -1.5300000000008147       0.22765911623435037     
  -1.5240000000008180       0.21741160941572521     
  -1.5180000000008214       0.20703443627727175     
  -1.5120000000008247       0.19653351394305293     
  -1.5060000000008280       0.18591486195756723     
  -1.5000000000008313       0.17518459899452543     
  -1.4940000000008347       0.16434893947087886     
  -1.4880000000008380       0.15341419006780402     
  -1.4820000000008413       0.14238674616044958     
  -1.4760000000008446       0.13127308815833894     
  -1.4700000000008480       0.12007977775840857     
  -1.4640000000008513       0.10881345411274974     
  -1.4580000000008546        9.7480829913210165E-002
  -1.4520000000008579        8.6088687395099089E-002
  -1.4460000000008613        7.4643874262319276E-002
  -1.4400000000008646        6.3153299536342994E-002
  -1.4340000000008679        5.1623929331518409E-002
  -1.4280000000008712        4.0062782559286171E-002
  -1.4220000000008746        2.8476926563960728E-002
  -1.4160000000008779        1.6873472692807451E-002
  -1.4100000000008812        5.2595718032294068E-003
  -1.4040000000008845       -6.3575902900546832E-003
  -1.3980000000008879       -1.7970797424880579E-002
  -1.3920000000008912       -2.9572807755521666E-002
  -1.3860000000008945       -4.1156358467493465E-002
  -1.3800000000008978       -5.2714170540103661E-002
  -1.3740000000009012       -6.4238953553517220E-002
  -1.3680000000009045       -7.5723410537038516E-002
  -1.3620000000009078       -8.7160242855249620E-002
  -1.3560000000009111       -9.8542155128590700E-002
  -1.3500000000009145      -0.10986186018490475     
  -1.3440000000009178      -0.12111208403841929     
  -1.3380000000009211      -0.13228557089258250     
  -1.3320000000009244      -0.14337508816312799     
  -1.3260000000009278      -0.15437343151768801     
  -1.3200000000009311      -0.16527342992823882     
  -1.3140000000009344      -0.17606795073261444     
  -1.3080000000009377      -0.18674990470129169     
  -1.3020000000009411      -0.19731225110561210     
  -1.2960000000009444      -0.20774800278357450     
  -1.2900000000009477      -0.21805023119930389     
  -1.2840000000009510      -0.22821207149227132     
  -1.2780000000009544      -0.23822672751232496     
  -1.2720000000009577      -0.24808747683656698     
  -1.2660000000009610      -0.25778767576409090     
  -1.2600000000009643      -0.26732076428459289     
  -1.2540000000009677      -0.27668027101684517     
  -1.2480000000009710      -0.28585981811302597     
  -1.2420000000009743      -0.29485312612489040     
  -1.2360000000009776      -0.30365401882776710     
  -1.2300000000009810      -0.31225642799837128     
  -1.2240000000009843      -0.32065439814243107     
  -1.2180000000009876      -0.32884209116813434     
  -1.2120000000009910      -0.33681379100141629     
  -1.2060000000009943      -0.34456390813912829     
  -1.2000000000009976      -0.35208698413614631     
  -1.1940000000010009      -0.35937769602250513     
  -1.1880000000010043      -0.36643086064667035     
  -1.1820000000010076      -0.37324143894109441     
  -1.1760000000010109      -0.37980454010623332     
  -1.1700000000010142      -0.38611542570924728     
  -1.1640000000010176      -0.39216951369364655     
  -1.1580000000010209      -0.39796238229618580     
  -1.1520000000010242      -0.40348977386736889     
  -1.1460000000010275      -0.40874759859197357     
  -1.1400000000010309      -0.41373193810606151     
  -1.1340000000010342      -0.41843904900700118     
  -1.1280000000010375      -0.42286536625309629     
  -1.1220000000010408      -0.42700750644947355     
  -1.1160000000010442      -0.43086227101696167     
  -1.1100000000010475      -0.43442664924075985     
  -1.1040000000010508      -0.43769782119577666     
  -1.0980000000010541      -0.44067316054559580     
  -1.0920000000010575      -0.44335023721211375     
  -1.0860000000010608      -0.44572681991297458     
  -1.0800000000010641      -0.44780087856402445     
  -1.0740000000010674      -0.44957058654409349     
  -1.0680000000010708      -0.45103432281951306     
  -1.0620000000010741      -0.45219067392587725     
  -1.0560000000010774      -0.45303843580464948     
  -1.0500000000010807      -0.45357661549233202     
  -1.0440000000010841      -0.45380443266001325     
  -1.0380000000010874      -0.45372132100122076     
  -1.0320000000010907      -0.45332692946612341     
  -1.0260000000010940      -0.45262112334023324     
  -1.0200000000010974      -0.45160398516588340     
  -1.0140000000011007      -0.45027581550486917     
  -1.0080000000011040      -0.44863713354076828     
  -1.0020000000011073      -0.44668867751957486     
 -0.99600000000111066      -0.44443140502740991     
 -0.99000000000111399      -0.44186649310419590     
 -0.98400000000111731      -0.43899533819231856     
 -0.97800000000112064      -0.43581955591941901     
 -0.97200000000112396      -0.43234098071460397     
 -0.96600000000112729      -0.42856166525748962     
 -0.96000000000113062      -0.42448387975962704     
 -0.95400000000113394      -0.42011011107800139     
 -0.94800000000113727      -0.41544306166042877     
 -0.94200000000114059      -0.41048564832281931     
 -0.93600000000114392      -0.40524100085840342     
 -0.93000000000114724      -0.39971246047917530     
 -0.92400000000115057      -0.39390357808993143     
 -0.91800000000115389      -0.38781811239543917     
 -0.91200000000115722      -0.38146002784139860     
 -0.90600000000116054      -0.37483349239001301     
 -0.90000000000116387      -0.36794287513112239     
 -0.89400000000116719      -0.36079274372999343     
 -0.88800000000117052      -0.35338786171300901     
 -0.88200000000117385      -0.34573318559263555     
 -0.87600000000117717      -0.33783386183319097     
 -0.87000000000118050      -0.32969522365907566     
 -0.86400000000118382      -0.32132278770727513     
 -0.85800000000118715      -0.31272225052607239     
 -0.85200000000119047      -0.30389948492205515     
 -0.84600000000119380      -0.29486053615763913     
 -0.84000000000119712      -0.28561161800146012     
 -0.83400000000120045      -0.27615910863413301     
 -0.82800000000120377      -0.26650954641199665     
 -0.82200000000120710      -0.25666962549160671     
 -0.81600000000121042      -0.24664619131786214     
 -0.81000000000121375      -0.23644623597878542     
 -0.80400000000121707      -0.22607689343009607     
 -0.79800000000122040      -0.21554543459284814     
 -0.79200000000122373      -0.20485926232752172     
 -0.78600000000122705      -0.19402590628807795     
 -0.78000000000123038      -0.18305301765960574     
 -0.77400000000123370      -0.17194836378330514     
 -0.76800000000123703      -0.16071982267265789     
 -0.76200000000124035      -0.14937537742475507     
 -0.75600000000124368      -0.13792311053084827     
 -0.75000000000124700      -0.12637119809030167     
 -0.74400000000125033      -0.11472790393221731     
 -0.73800000000125365      -0.10300157364910809     
 -0.73200000000125698       -9.1200628547078638E-002
 -0.72600000000126030       -7.9333559517075741E-002
 -0.72000000000126363       -6.7408920831844368E-002
 -0.71400000000126695       -5.5435323873315637E-002
 -0.70800000000127028       -4.3421430795233203E-002
 -0.70200000000127361       -3.1375948125890389E-002
 -0.69600000000127693       -1.9307620315935869E-002
 -0.69000000000128026       -7.2252232362565163E-003
 -0.68400000000128358        4.8624423689744055E-003
 -0.67800000000128691        1.6946557468951764E-002
 -0.67200000000129023        2.9018291367396382E-002
 -0.66600000000129356        4.1068808352978346E-002
 -0.66000000000129688        5.3089274373709833E-002
 -0.65400000000130021        6.5070863729983747E-002
 -0.64800000000130353        7.7004765780883305E-002
 -0.64200000000130686        8.8882191658369525E-002
 -0.63600000000131018       0.10069438098391541     
 -0.63000000000131351       0.11243260858213587     
 -0.62400000000131683       0.12408819118594944     
 -0.61800000000132016       0.13565249412778507     
 -0.61200000000132349       0.14711693801134773     
 -0.60600000000132681       0.15847300535844616     
 -0.60000000000133014       0.16971224722539202     
 -0.59400000000133346       0.18082628978348000     
 -0.58800000000133679       0.19180684085807886     
 -0.58200000000134011       0.20264569642086619     
 -0.57600000000134344       0.21333474702977126     
 -0.57000000000134676       0.22386598421121320     
 -0.56400000000135009       0.23423150677924487     
 -0.55800000000135341       0.24442352708626136     
 -0.55200000000135674       0.25443437719995882     
 -0.54600000000136006       0.26425651500128544     
 -0.54000000000136339       0.27388253019816661     
 -0.53400000000136671       0.28330515024985103     
 -0.52800000000137004       0.29251724619677355     
 -0.52200000000137337       0.30151183839090351     
 -0.51600000000137669       0.31028210212161111     
 -0.51000000000138002       0.31882137313215925     
 -0.50400000000138334       0.32712315302200839     
 -0.49800000000138661       0.33518111453019855     
 -0.49200000000138988       0.34298910669516997     
 -0.48600000000139315       0.35054115988646306     
 -0.48000000000139642       0.35783149070384618     
 -0.47400000000139969       0.36485450673951053     
 -0.46800000000140296       0.37160481119908034     
 -0.46200000000140623       0.37807720737729539     
 -0.45600000000140950       0.38426670298433413     
 -0.45000000000141277       0.39016851431885929     
 -0.44400000000141604       0.39577807028399414     
 -0.43800000000141931       0.40109101624255766     
 -0.43200000000142258       0.40610321770801222     
 -0.42600000000142585       0.41081076386771509     
 -0.42000000000142912       0.41520997093519335     
 -0.41400000000143239       0.41929738532830196     
 -0.40800000000143566       0.42306978667026701     
 -0.40200000000143893       0.42652419061075769     
 -0.39600000000144220       0.42965785146427876     
 -0.39000000000144547       0.43246826466332539     
 -0.38400000000144874       0.43495316902389358     
 -0.37800000000145201       0.43711054882109479     
 -0.37200000000145528       0.43893863567278268     
 -0.36600000000145855       0.44043591022925321     
 -0.36000000000146182       0.44160110366725069     
 -0.35400000000146509       0.44243319898666694     
 -0.34800000000146836       0.44293143210849123     
 -0.34200000000147163       0.44309529277273574     
 -0.33600000000147490       0.44292452523522585     
 -0.33000000000147817       0.44241912876232131     
 -0.32400000000148144       0.44157935792279940     
 -0.31800000000148471       0.44040572267630551     
 -0.31200000000148798       0.43889898825795320     
 -0.30600000000149125       0.43706017485882304     
 -0.30000000000149452       0.43489055710229080     
 -0.29400000000149779       0.43239166331628587     
 -0.28800000000150106       0.42956527460175781     
 -0.28200000000150433       0.42641342369780427     
 -0.27600000000150759       0.42293839364408881     
 -0.27000000000151086       0.41914271624135035     
 -0.26400000000151413       0.41502917031098380     
 -0.25800000000151740       0.41060077975484210     
 -0.25200000000152067       0.40586081141658675     
 -0.24600000000152394       0.40081277274607985     
 -0.24000000000152721       0.39546040926849341     
 -0.23400000000153048       0.38980770185996760     
 -0.22800000000153375       0.38385886383183077     
 -0.22200000000153702       0.37761833782555404     
 -0.21600000000154029       0.37109079252078125     
 -0.21000000000154356       0.36428111915893874     
 -0.20400000000154683       0.35719442788508993     
 -0.19800000000155010       0.34983604391086343     
 -0.19200000000155337       0.34221150350143137     
 -0.18600000000155664       0.33432654978968235     
 -0.18000000000155991       0.32618712842087316     
 -0.17400000000156318       0.31779938303120264     
 -0.16800000000156645       0.30916965056388945     
 -0.16200000000156972       0.30030445642648601     
 -0.15600000000157299       0.29121050949329702     
 -0.15000000000157626       0.28189469695690839     
 -0.14400000000157953       0.27236407903296789     
 -0.13800000000158280       0.26262588352248689     
 -0.13200000000158607       0.25268750023606007     
 -0.12600000000158934       0.24255647528452234     
 -0.12000000000159261       0.23224050524067932     
 -0.11400000000159588       0.22174743117686607     
 -0.10800000000159915       0.21108523258319362     
 -0.10200000000160242       0.20026202117145403     
  -9.6000000001605690E-002  0.18928603456975451     
  -9.0000000001608960E-002  0.17816562991304682     
  -8.4000000001612229E-002  0.16690927733481400     
  -7.8000000001615499E-002  0.15552555336526311     
  -7.2000000001618769E-002  0.14402313424145419     
  -6.6000000001622039E-002  0.13241078913487875     
  -6.0000000001625316E-002  0.12069737330206964     
  -5.4000000001628592E-002  0.10889182116389683     
  -4.8000000001631869E-002   9.7003139319265325E-002
  -4.2000000001635146E-002   8.5040399498990296E-002
  -3.6000000001638423E-002   7.3012731465678229E-002
  -3.0000000001641696E-002   6.0929315865491662E-002
  -2.4000000001644969E-002   4.8799377037716675E-002
  -1.8000000001648243E-002   3.6632175788091741E-002
  -1.2000000001651516E-002   2.4437002131887282E-002
  -6.0000000016547901E-003   1.2223168012754001E-002
  -1.6580643108499160E-012   3.3782297352390130E-012
   5.9999999983386615E-003  -1.2223168006000118E-002
   1.1999999998335387E-002  -2.4437002125141140E-002
   1.7999999998332114E-002  -3.6632175781358488E-002
   2.3999999998328841E-002  -4.8799377031001442E-002
   2.9999999998325567E-002  -6.0929315858799578E-002
   3.5999999998322291E-002  -7.3012731459014407E-002
   4.1999999998319014E-002  -8.5040399492359836E-002
   4.7999999998315737E-002  -9.7003139312673306E-002
   5.3999999998312460E-002 -0.10889182115734823     
   5.9999999998309184E-002 -0.12069737329556948     
   6.5999999998305914E-002 -0.13241078912843202     
   7.1999999998302644E-002 -0.14402313423506580     
   7.7999999998299374E-002 -0.15552555335893783     
   8.3999999998296104E-002 -0.16690927732855676     
   8.9999999998292834E-002 -0.17816562990686233     
   9.5999999998289565E-002 -0.18928603456364751     
  0.10199999999828629      -0.20026202116542924     
  0.10799999999828302      -0.21108523257725548     
  0.11399999999827976      -0.22174743117101919     
  0.11999999999827649      -0.23224050523492815     
  0.12599999999827322      -0.24255647527887117     
  0.13199999999826995      -0.25268750023051340     
  0.13799999999826668      -0.26262588351704869     
  0.14399999999826341      -0.27236407902764237     
  0.14999999999826014      -0.28189469695169966     
  0.15599999999825687      -0.29121050948820898     
  0.16199999999825360      -0.30030445642152254     
  0.16799999999825033      -0.30916965055905415     
  0.17399999999824706      -0.31779938302649929     
  0.17999999999824379      -0.32618712841630543     
  0.18599999999824052      -0.33432654978525356     
  0.19199999999823725      -0.34221150349714502     
  0.19799999999823398      -0.34983604390672240     
  0.20399999999823071      -0.35719442788109768     
  0.20999999999822744      -0.36428111915509798     
  0.21599999999822417      -0.37109079251709520     
  0.22199999999822090      -0.37761833782202525     
  0.22799999999821763      -0.38385886382846185     
  0.23399999999821436      -0.38980770185676122     
  0.23999999999821109      -0.39546040926545195     
  0.24599999999820782      -0.40081277274320537     
  0.25199999999820455      -0.40586081141388153     
  0.25799999999820128      -0.41060077975230819     
  0.26399999999819801      -0.41502917030862285     
  0.26999999999819474      -0.41914271623916438     
  0.27599999999819147      -0.42293839364207930     
  0.28199999999818820      -0.42641342369597290     
  0.28799999999818493      -0.42956527460010563     
  0.29399999999818166      -0.43239166331481410     
  0.29999999999817839      -0.43489055710100050     
  0.30599999999817512      -0.43706017485771526     
  0.31199999999817185      -0.43889898825702850     
  0.31799999999816858      -0.44040572267556477     
  0.32399999999816531      -0.44157935792224295     
  0.32999999999816204      -0.44241912876194955     
  0.33599999999815877      -0.44292452523503895     
  0.34199999999815550      -0.44309529277273380     
  0.34799999999815223      -0.44293143210867425     
  0.35399999999814896      -0.44243319898703459     
  0.35999999999814569      -0.44160110366780264     
  0.36599999999814242      -0.44043591022998901     
  0.37199999999813915      -0.43893863567370178     
  0.37799999999813588      -0.43711054882219630     
  0.38399999999813261      -0.43495316902517650     
  0.38999999999812934      -0.43246826466478899     
  0.39599999999812607      -0.42965785146592173     
  0.40199999999812280      -0.42652419061257857     
  0.40799999999811953      -0.42306978667226441     
  0.41399999999811626      -0.41929738533047423     
  0.41999999999811299      -0.41520997093753892     
  0.42599999999810972      -0.41081076387023197     
  0.43199999999810645      -0.40610321771069857     
  0.43799999999810318      -0.40109101624541132     
  0.44399999999809991      -0.39577807028701301     
  0.44999999999809664      -0.39016851432204069     
  0.45599999999809337      -0.38426670298767579     
  0.46199999999809011      -0.37807720738079481     
  0.46799999999808684      -0.37160481120273470     
  0.47399999999808357      -0.36485450674331721     
  0.47999999999808030      -0.35783149070780224     
  0.48599999999807703      -0.35054115989056522     
  0.49199999999807376      -0.34298910669941507     
  0.49799999999807049      -0.33518111453458355     
  0.50399999999806722      -0.32712315302652978     
  0.50999999999806389      -0.31882137313681386     
  0.51599999999806057      -0.31028210212639501     
  0.52199999999805724      -0.30151183839581336     
  0.52799999999805391      -0.29251724620180558     
  0.53399999999805059      -0.28330515025500119     
  0.53999999999804726      -0.27388253020343134     
  0.54599999999804394      -0.26425651500666036     
  0.55199999999804061      -0.25443437720544027     
  0.55799999999803729      -0.24442352709184492     
  0.56399999999803396      -0.23423150678492663     
  0.56999999999803064      -0.22386598421698861     
  0.57599999999802731      -0.21333474703563621     
  0.58199999999802399      -0.20264569642681596     
  0.58799999999802066      -0.19180684086410921     
  0.59399999999801734      -0.18082628978958654     
  0.59999999999801401      -0.16971224723156994     
  0.60599999999801069      -0.15847300536469119     
  0.61199999999800736      -0.14711693801765469     
  0.61799999999800403      -0.13565249413414959     
  0.62399999999800071      -0.12408819119236690     
  0.62999999999799738      -0.11243260858860156     
  0.63599999999799406      -0.10069438099042415     
  0.64199999999799073       -8.8882191664916926E-002
  0.64799999999798741       -7.7004765787464124E-002
  0.65399999999798408       -6.5070863736593307E-002
  0.65999999999798076       -5.3089274380343700E-002
  0.66599999999797743       -4.1068808359631018E-002
  0.67199999999797411       -2.9018291374063372E-002
  0.67799999999797078       -1.6946557475627774E-002
  0.68399999999796746       -4.8624423756550546E-003
  0.68999999999796413        7.2252232295764995E-003
  0.69599999999796081        1.9307620309261000E-002
  0.70199999999795748        3.1375948119225908E-002
  0.70799999999795415        4.3421430788583619E-002
  0.71399999999795083        5.5435323866686141E-002
  0.71999999999794750        6.7408920825239527E-002
  0.72599999999794418        7.9333559510500432E-002
  0.73199999999794085        9.1200628540537509E-002
  0.73799999999793753       0.10300157364260569     
  0.74399999999793420       0.11472790392575864     
  0.74999999999793088       0.12637119808389094     
  0.75599999999792755       0.13792311052449047     
  0.76199999999792423       0.14937537741845452     
  0.76799999999792090       0.16071982266641935     
  0.77399999999791758       0.17194836377713263     
  0.77999999999791425       0.18305301765350412     
  0.78599999999791093       0.19402590628205121     
  0.79199999999790760       0.20485926232157428     
  0.79799999999790427       0.21554543458698419     
  0.80399999999790095       0.22607689342431950     
  0.80999999999789762       0.23644623597310049     
  0.81599999999789430       0.24664619131227272     
  0.82199999999789097       0.25666962548611699     
  0.82799999999788765       0.26650954640661029     
  0.83399999999788432       0.27615910862885373     
  0.83999999999788100       0.28561161799629131     
  0.84599999999787767       0.29486053615258456     
  0.85199999999787435       0.30389948491711871     
  0.85799999999787102       0.31272225052125707     
  0.86399999999786770       0.32132278770258427     
  0.86999999999786437       0.32969522365451231     
  0.87599999999786105       0.33783386182875830     
  0.88199999999785772       0.34573318558833682     
  0.88799999999785439       0.35338786170884695     
  0.89399999999785107       0.36079274372597087     
  0.89999999999784774       0.36794287512724172     
  0.90599999999784442       0.37483349238627739     
  0.91199999999784109       0.38146002783780997     
  0.91799999999783777       0.38781811239200026     
  0.92399999999783444       0.39390357808664417     
  0.92999999999783112       0.39971246047604175     
  0.93599999999782779       0.40524100085542608     
  0.94199999999782447       0.41048564831999979     
  0.94799999999782114       0.41544306165776890     
  0.95399999999781782       0.42011011107550250     
  0.95999999999781449       0.42448387975729129     
  0.96599999999781117       0.42856166525531836     
  0.97199999999780784       0.43234098071259808     
  0.97799999999780451       0.43581955591757959     
  0.98399999999780119       0.43899533819064751     
  0.98999999999779786       0.44186649310269366     
  0.99599999999779454       0.44443140502607725     
   1.0019999999977913       0.44668867751841257     
   1.0079999999977880       0.44863713353977697     
   1.0139999999977847       0.45027581550404933     
   1.0199999999977813       0.45160398516523526     
   1.0259999999977780       0.45262112333975701     
   1.0319999999977747       0.45332692946581926     
   1.0379999999977714       0.45372132100108886     
   1.0439999999977680       0.45380443266005344     
   1.0499999999977647       0.45357661549254374     
   1.0559999999977614       0.45303843580503239     
   1.0619999999977581       0.45219067392643120     
   1.0679999999977547       0.45103432282023725     
   1.0739999999977514       0.44957058654498705     
   1.0799999999977481       0.44780087856508682     
   1.0859999999977448       0.44572681991420465     
   1.0919999999977414       0.44335023721351047     
   1.0979999999977381       0.44067316054715799     
   1.1039999999977348       0.43769782119750306     
   1.1099999999977315       0.43442664924264912     
   1.1159999999977281       0.43086227101901214     
   1.1219999999977248       0.42700750645168378     
   1.1279999999977215       0.42286536625546434     
   1.1339999999977182       0.41843904900952533     
   1.1399999999977148       0.41373193810873982     
   1.1459999999977115       0.40874759859480408     
   1.1519999999977082       0.40348977387034962     
   1.1579999999977049       0.39796238229931424     
   1.1639999999977015       0.39216951369692066     
   1.1699999999976982       0.38611542571266455     
   1.1759999999976949       0.37980454010979114     
   1.1819999999976916       0.37324143894479067     
   1.1879999999976882       0.36643086065050212     
   1.1939999999976849       0.35937769602646907     
   1.1999999999976816       0.35208698414024031     
   1.2059999999976783       0.34456390814334947     
   1.2119999999976749       0.33681379100576148     
   1.2179999999976716       0.32884209117260021     
   1.2239999999976683       0.32065439814701474     
   1.2299999999976650       0.31225642800306946     
   1.2359999999976616       0.30365401883257676     
   1.2419999999976583       0.29485312612980802     
   1.2479999999976550       0.28585981811804817     
   1.2539999999976517       0.27668027102196863     
   1.2599999999976483       0.26732076428981427     
   1.2659999999976450       0.25778767576940653     
   1.2719999999976417       0.24808747684197285     
   1.2779999999976384       0.23822672751781787     
   1.2839999999976350       0.22821207149784739     
   1.2899999999976317       0.21805023120495950     
   1.2959999999976284       0.20774800278930580     
   1.3019999999976251       0.19731225111141495     
   1.3079999999976217       0.18674990470716260     
   1.3139999999976184       0.17606795073854992     
   1.3199999999976151       0.16527342993423438     
   1.3259999999976118       0.15437343152373986     
   1.3319999999976084       0.14337508816923217     
   1.3379999999976051       0.13228557089873541     
   1.3439999999976018       0.12111208404461653     
   1.3499999999975985       0.10986186019114250     
   1.3559999999975951        9.8542155134864473E-002
   1.3619999999975918        8.7160242861555631E-002
   1.3679999999975885        7.5723410543373240E-002
   1.3739999999975852        6.4238953559876369E-002
   1.3799999999975818        5.2714170546482711E-002
   1.3859999999975785        4.1156358473888661E-002
   1.3919999999975752        2.9572807761929443E-002
   1.3979999999975719        1.7970797431296547E-002
   1.4039999999975685        6.3575902964748566E-003
   1.4099999999975652       -5.2595717968094936E-003
   1.4159999999975619       -1.6873472686390910E-002
   1.4219999999975586       -2.8476926557551938E-002
   1.4279999999975552       -4.0062782552889108E-002
   1.4339999999975519       -5.1623929325137104E-002
   1.4399999999975486       -6.3153299529981374E-002
   1.4459999999975452       -7.4643874255980888E-002
   1.4519999999975419       -8.6088687388787596E-002
   1.4579999999975386       -9.7480829906930105E-002
   1.4639999999975353      -0.10881345410650431     
   1.4699999999975319      -0.12007977775220138     
   1.4759999999975286      -0.13127308815217392     
   1.4819999999975253      -0.14238674615433033     
   1.4879999999975220      -0.15341419006173473     
   1.4939999999975186      -0.16434893946486234     
   1.4999999999975153      -0.17518459898856520     
   1.5059999999975120      -0.18591486195166712     
   1.5119999999975087      -0.19653351393721669     
   1.5179999999975053      -0.20703443627150217     
   1.5239999999975020      -0.21741160941002510     
   1.5299999999974987      -0.22765911622872387     
   1.5359999999974954      -0.23777114521881609     
   1.5419999999974920      -0.24774199358374402     
   1.5479999999974887      -0.25756607023676620     
   1.5539999999974854      -0.26723789869786491     
   1.5599999999974821      -0.27675211988869752     
   1.5659999999974787      -0.28610349482443986     
   1.5719999999974754      -0.29528690720144557     
   1.5779999999974721      -0.30429736587974016     
   1.5839999999974688      -0.31313000725946866     
   1.5899999999974654      -0.32178009755048897     
   1.5959999999974621      -0.33024303493442231     
   1.6019999999974588      -0.33851435161853205     
   1.6079999999974555      -0.34658971578092024     
   1.6139999999974521      -0.35446493340660024     
   1.6199999999974488      -0.36213595001410626     
   1.6259999999974455      -0.36959885227238853     
   1.6319999999974422      -0.37684986950782184     
   1.6379999999974388      -0.38388537510124981     
   1.6439999999974355      -0.39070188777507819     
   1.6499999999974322      -0.39729607277050422     
   1.6559999999974289      -0.40366474291506110     
   1.6619999999974255      -0.40980485958074270     
   1.6679999999974222      -0.41571353353304441     
   1.6739999999974189      -0.42138802567135486     
   1.6799999999974156      -0.42682574766119391     
   1.6859999999974122      -0.43202426245888820     
   1.6919999999974089      -0.43698128472933484     
   1.6979999999974056      -0.44169468115760763     
   1.7039999999974023      -0.44616247065519171     
   1.7099999999973989      -0.45038282446175676     
   1.7159999999973956      -0.45435406614340407     
   1.7219999999973923      -0.45807467148842657     
   1.7279999999973890      -0.46154326830166592     
   1.7339999999973856      -0.46475863609863355     
   1.7399999999973823      -0.46771970570061544     
   1.7459999999973790      -0.47042555873205266     
   1.7519999999973757      -0.47287542702154717     
   1.7579999999973723      -0.47506869190789480     
   1.7639999999973690      -0.47700488345262210     
   1.7699999999973657      -0.47868367956054397     
   1.7759999999973624      -0.48010490500991732     
   1.7819999999973590      -0.48126853039382222     
   1.7879999999973557      -0.48217467097444566     
   1.7939999999973524      -0.48282358545199727     
   1.7999999999973491      -0.48321567465002829     
   1.8059999999973457      -0.48335148011897056     
   1.8119999999973424      -0.48323168265975203     
   1.8179999999973391      -0.48285710076939159     
   1.8239999999973358      -0.48222868901050653     
   1.8299999999973324      -0.48134753630671145     
   1.8359999999973291      -0.48021486416590420     
   1.8419999999973258      -0.47883202483349108     
   1.8479999999973225      -0.47720049937760967     
   1.8539999999973191      -0.47532189570845373     
   1.8599999999973158      -0.47319794653381697     
   1.8659999999973125      -0.47083050725300135     
   1.8719999999973091      -0.46822155379126468     
   1.8779999999973058      -0.46537318037698999     
   1.8839999999973025      -0.46228759726378038     
   1.8899999999972992      -0.45896712839970477     
   1.8959999999972958      -0.45541420904592866     
   1.9019999999972925      -0.45163138334697067     
   1.9079999999972892      -0.44762130185485149     
   1.9139999999972859      -0.44338671900938653     
   1.9199999999972825      -0.43893049057690425     
   1.9259999999972792      -0.43425557104965501     
   1.9319999999972759      -0.42936501100818980     
   1.9379999999972726      -0.42426195444898596     
   1.9439999999972692      -0.41894963607959235     
   1.9499999999972659      -0.41343137858356466     
   1.9559999999972626      -0.40771058985745778     
   1.9619999999972593      -0.40179076022213606     
   1.9679999999972559      -0.39567545961064449     
   1.9739999999972526      -0.38936833473488758     
   1.9799999999972493      -0.38287310623334186     
   1.9859999999972460      -0.37619356580201146     
   1.9919999999972426      -0.36933357331083061     
   1.9979999999972393      -0.36229705390769268     
   2.0039999999972360      -0.35508799511226663     
   2.0099999999972327      -0.34771044390174871     
   2.0159999999972293      -0.34016850379066815     
   2.0219999999972260      -0.33246633190684555     
   2.0279999999972227      -0.32460813606558164     
   2.0339999999972194      -0.31659817184412686     
   2.0399999999972160      -0.30844073965844621     
   2.0459999999972127      -0.30014018184428715     
   2.0519999999972094      -0.29170087974450581     
   2.0579999999972061      -0.28312725080459161     
   2.0639999999972027      -0.27442374567829164     
   2.0699999999971994      -0.26559484534520744     
   2.0759999999971961      -0.25664505824220252     
   2.0819999999971928      -0.24757891741041932     
   2.0879999999971894      -0.23840097765967741     
   2.0939999999971861      -0.22911581275198026     
   2.0999999999971828      -0.21972801260582586     
   2.1059999999971795      -0.21024218052297589     
   2.1119999999971761      -0.20066293043929759     
   2.1179999999971728      -0.19099488420125846     
   2.1239999999971695      -0.18124266886960408     
   2.1299999999971662      -0.17141091405172190     
   2.1359999999971628      -0.16150424926413762     
   2.1419999999971595      -0.15152730132655445     
   2.1479999999971562      -0.14148469178881223     
   2.1539999999971529      -0.13138103439208207     
   2.1599999999971495      -0.12122093256558208     
   2.1659999999971462      -0.11100897696005388     
   2.1719999999971429      -0.10074974301918831     
   2.1779999999971396       -9.0447788590151859E-002
   2.1839999999971362       -8.0107651574319469E-002
   2.1899999999971329       -6.9733847619267569E-002
   2.1959999999971296       -5.9330867853044200E-002
   2.2019999999971263       -4.8903176661683492E-002
   2.2079999999971229       -3.8455209510885886E-002
   2.2139999999971196       -2.7991370812743360E-002
   2.2199999999971163       -1.7516031838339486E-002
   2.2259999999971130       -7.0335286770075731E-003
   2.2319999999971096        3.4518397570045003E-003
   2.2379999999971063        1.3935813669775959E-002
   2.2439999999971030        2.4414174284210263E-002
   2.2499999999970997        3.4882745687175691E-002
   2.2559999999970963        4.5337396626739634E-002
   2.2619999999970930        5.5774042258973207E-002
   2.2679999999970897        6.6188645843859542E-002
   2.2739999999970864        7.6577220389873149E-002
   2.2799999999970830        8.6935830246858831E-002
   2.2859999999970797        9.7260592646851704E-002
   2.2919999999970764       0.10754767919255923     
   2.2979999999970731       0.11779331729323771     
   2.3039999999970697       0.12799379154775797     
   2.3099999999970664       0.13814544507468299     
   2.3159999999970631       0.14824468078923350     
   2.3219999999970597       0.15828796262704359     
   2.3279999999970564       0.16827181671466504     
   2.3339999999970531       0.17819283248680529     
   2.3399999999970498       0.18804766375032067     
   2.3459999999970464       0.19783302969504646     
   2.3519999999970431       0.20754571585154954     
   2.3579999999970398       0.21718257499595786     
   2.3639999999970365       0.22674052800203431     
   2.3699999999970331       0.23621656464070698     
   2.3759999999970298       0.24560774432730750     
   2.3819999999970265       0.25491119681678842     
   2.3879999999970232       0.26412412284724485     
   2.3939999999970198       0.27324379473206539     
   2.3999999999970165       0.28226755690111333     
   2.4059999999970132       0.29119282639132432     
   2.4119999999970099       0.30001709328717174     
   2.4179999999970065       0.30873792111145643     
   2.4239999999970032       0.31735294716692108     
   2.4299999999969999       0.32585988282920408     
   2.4359999999969966       0.33425651379169669     
   2.4419999999969932       0.34254070026284633     
   2.4479999999969899       0.35071037711654290     
   2.4539999999969866       0.35876355399617893     
   2.4599999999969833       0.36669831537304826     
   2.4659999999969799       0.37451282055973550     
   2.4719999999969766       0.38220530367920202     
   2.4779999999969733       0.38977407359026084     
   2.4839999999969700       0.39721751377017667     
   2.4899999999969666       0.40453408215514308     
   2.4959999999969633       0.41172231093938816     
   2.5019999999969600       0.41878080633370007     
   2.5079999999969567       0.42570824828416820     
   2.5139999999969533       0.43250339015195288     
   2.5199999999969500       0.43916505835490011     
   2.5259999999969467       0.44569215197185985     
   2.5319999999969434       0.45208364231053683     
   2.5379999999969400       0.45833857243976056     
   2.5439999999969367       0.46445605668703172     
   2.5499999999969334       0.47043528010223568     
   2.5559999999969301       0.47627549788841000     
   2.5619999999969267       0.48197603480048418     
   2.5679999999969234       0.48753628451287179     
   2.5739999999969201       0.49295570895686308     
   2.5799999999969168       0.49823383762869922     
   2.5859999999969134       0.50337026686929698     
   2.5919999999969101       0.50836465911651496     
   2.5979999999969068       0.51321674213091828     
   2.6039999999969035       0.51792630819596208     
   2.6099999999969001       0.52249321329354281     
   2.6159999999968968       0.52691737625584634     
   2.6219999999968935       0.53119877789443215     
   2.6279999999968902       0.53533746010749328     
   2.6339999999968868       0.53933352496623288     
   2.6399999999968835       0.54318713378127592     
   2.6459999999968802       0.54689850615006874     
   2.6519999999968769       0.55046791898618641     
   2.6579999999968735       0.55389570553146028     
   2.6639999999968702       0.55718225435186997     
   2.6699999999968669       0.56032800831810126     
   2.6759999999968636       0.56333346357167913     
   2.6819999999968602       0.56619916847758356     
   2.6879999999968569       0.56892572256424612     
   2.6939999999968536       0.57151377545181214     
   2.6999999999968503       0.57396402576955785     
   2.7059999999968469       0.57627722006332038     
   2.7119999999968436       0.57845415169382486     
   2.7179999999968403       0.58049565972675066     
   2.7239999999968370       0.58240262781537899     
   2.7299999999968336       0.58417598307667629     
   2.7359999999968303       0.58581669496160460     
   2.7419999999968270       0.58732577412050724     
   2.7479999999968237       0.58870427126434033     
   2.7539999999968203       0.58995327602256953     
   2.7599999999968170       0.59107391579847246     
   2.7659999999968137       0.59206735462264881     
   2.7719999999968103       0.59293479200546528     
   2.7779999999968070       0.59367746178917669     
   2.7839999999968037       0.59429663100045726     
   2.7899999999968004       0.59479359870404369     
   2.7959999999967970       0.59516969485819016     
   2.8019999999967937       0.59542627917261215     
   2.8079999999967904       0.59556473996960169     
   2.8139999999967871       0.59558649304894373     
   2.8199999999967837       0.59549298055728628     
   2.8259999999967804       0.59528566986259268     
   2.8319999999967771       0.59496605243426259     
   2.8379999999967738       0.59453564272953097     
   2.8439999999967704       0.59399597708671292     
   2.8499999999967671       0.59334861262585759     
   2.8559999999967638       0.59259512615735199     
   2.8619999999967605       0.59173711309901156     
   2.8679999999967571       0.59077618640214935     
   2.8739999999967538       0.58971397548714855     
   2.8799999999967505       0.58855212518900124     
   2.8859999999967472       0.58729229471326727     
   2.8919999999967438       0.58593615660293141     
   2.8979999999967405       0.58448539571656100     
   2.9039999999967372       0.58294170821818980     
   2.9099999999967339       0.58130680057933559     
   2.9159999999967305       0.57958238859352307     
   2.9219999999967272       0.57777019640367622     
   2.9279999999967239       0.57587195554275106     
   2.9339999999967206       0.57388940398791910     
   2.9399999999967172       0.57182428522863393     
   2.9459999999967139       0.56967834734888856     
   2.9519999999967106       0.56745334212393406     
   2.9579999999967073       0.56515102413174834     
   2.9639999999967039       0.56277314987950733     
   2.9699999999967006       0.56032147694528667     
   2.9759999999966973       0.55779776313524687     
   2.9819999999966940       0.55520376565648111     
   2.9879999999966906       0.55254124030574880     
   2.9939999999966873       0.54981194067426020     
