  7    7    7    7             -55.7701518924
  8    7    7    7            -155.1468828253
  7    8    7    7            -155.1468828251
  8    8    7    7            -302.2914099609
  9    9    7    7            -364.2337483422
  7    7    8    8            -302.3125365589
  8    7    8    8              64.4217872095
  7    8    8    8              64.4217872092
  8    8    8    8             744.9441563843
  9    9    8    8             750.2814599975
  7    7    9    9            -364.3020893376
  8    7    9    9             120.7963191628
  7    8    9    9             120.7963191629
  8    8    9    9             750.2374915941
  9    9    9    9             756.7698714459
