  0.10000000149011612      -0.14231769373243305     
  0.10390000148862277      -0.14605707950423097     
  0.10780000148712943      -0.14961240243830934     
  0.11170000148563608      -0.15297171703604348     
  0.11560000148414273      -0.15612509511673997     
  0.11950000148264939      -0.15906470983815879     
  0.12340000148115604      -0.16178487840491079     
  0.12730000147966269      -0.16428206149722160     
  0.13120000147816935      -0.16655481821919299     
  0.13510000147667600      -0.16860371617004025     
  0.13900000147518266      -0.17043119707221305     
  0.14290000147368931      -0.17204139923541248     
  0.14680000147219596      -0.17343993898469243     
  0.15070000147070262      -0.17463365402385572     
  0.15460000146920927      -0.17563031253278399     
  0.15850000146771592      -0.17643829259987004     
  0.16240000146622258      -0.17706623735947702     
  0.16630000146472923      -0.17752269193009948     
  0.17020000146323588      -0.17781572892202369     
  0.17410000146174254      -0.17795256989341487     
  0.17800000146024919      -0.17793921066915735     
  0.18190000145875584      -0.17778005888460388     
  0.18580000145726250      -0.17747759246199482     
  0.18970000145576915      -0.17703204795475416     
  0.19360000145427581      -0.17644114778651546     
  0.19750000145278246      -0.17569987534922515     
  0.20140000145128911      -0.17480030668893662     
  0.20530000144979577      -0.17373150708032783     
  0.20920000144830242      -0.17247950015403685     
  0.21310000144680907      -0.17102731637968954     
  0.21700000144531573      -0.16935512661059482     
  0.22090000144382238      -0.16744046505722560     
  0.22480000144232903      -0.16525854447593374     
  0.22870000144083569      -0.16278266454465631     
  0.23260000143934234      -0.15998471236546774     
  0.23650000143784899      -0.15683575181116971     
  0.24040000143635565      -0.15330669605686950     
  0.24430000143486230      -0.14936905515511012     
  0.24820000143336896      -0.14499574798287881     
  0.25210000143187561      -0.14016196537829720     
  0.25600000143038226      -0.13484606887012723     
  0.25990000142888892      -0.12903050716681469     
  0.26380000142739557      -0.12270273060018967     
  0.26770000142590222      -0.11585608209971174     
  0.27160000142440888      -0.10849064209168362     
  0.27550000142291553      -0.10061400405368728     
  0.27940000142142218       -9.2241957377492842E-002
  0.28330000141992884       -8.3399054760386601E-002
  0.28720000141843549       -7.4119042594613369E-002
  0.29110000141694214       -6.4445134776611596E-002
  0.29500000141544880       -5.4430113007955014E-002
  0.29890000141395545       -4.4136239979512867E-002
  0.30280000141246211       -3.3634975764136293E-002
  0.30670000141096876       -2.3006492209852458E-002
  0.31060000140947541       -1.2338985018416985E-002
  0.31450000140798207       -1.7277883834605481E-003
  0.31840000140648872        8.7256976012120898E-003
  0.32230000140499537        1.8915251234149943E-002
  0.32620000140350203        2.8731224544911428E-002
  0.33010000140200868        3.8062064269686349E-002
  0.33400000140051533        4.6795928846962050E-002
  0.33790000139902199        5.4822368320289028E-002
  0.34180000139752864        6.2034031398537158E-002
  0.34570000139603529        6.8328362269825360E-002
  0.34960000139454195        7.3609249185946440E-002
  0.35350000139304860        7.7788587385867108E-002
  0.35740000139155526        8.0787720625808884E-002
  0.36130000139006191        8.2538728402759554E-002
  0.36520000138856856        8.2985529827605903E-002
  0.36910000138707522        8.2084779910279515E-002
  0.37300000138558187        7.9806539609518903E-002
  0.37690000138408852        7.6134707186147094E-002
  0.38080000138259518        7.1067204964937639E-002
  0.38470000138110183        6.4615922319554694E-002
  0.38860000137960848        5.6806422300345168E-002
  0.39250000137811514        4.7677425577715433E-002
  0.39640000137662179        3.7280091036498084E-002
  0.40030000137512844        2.5677117211750901E-002
  0.40420000137363510        1.2941692617391439E-002
  0.40810000137214175       -8.4367426047988743E-004
  0.41200000137064841       -1.5588413052798985E-002
  0.41590000136915506       -3.1195205230790512E-002
  0.41980000136766171       -4.7561322093476785E-002
  0.42370000136616837       -6.4579957934540286E-002
  0.42760000136467502       -8.2141532670925749E-002
  0.43150000136318167      -0.10013494249029638     
  0.43540000136168833      -0.11844874203769108     
  0.43930000136019498      -0.13697224705976588     
  0.44320000135870163      -0.15559655198081207     
  0.44710000135720829      -0.17421546231048382     
  0.45100000135571494      -0.19272634679407230     
  0.45490000135422159      -0.21103091854413844     
  0.45880000135272825      -0.22903595779955935     
  0.46270000135123490      -0.24665399124927451     
  0.46660000134974156      -0.26380394389119016     
  0.47050000134824821      -0.28041177909117482     
  0.47440000134675486      -0.29641114084935494     
  0.47830000134526152      -0.31174400932688173     
  0.48220000134376817      -0.32636137656050185     
  0.48610000134227482      -0.34022394418345286     
  0.49000000134078148      -0.35330283912507354     
  0.49390000133928813      -0.36558033697022946     
  0.49780000133779478      -0.37705057624872707     
  0.50170000133630155      -0.38772024073874395     
  0.50560000133480820      -0.39760918125372674     
  0.50950000133331486      -0.40675094367231851     
  0.51340000133182162      -0.41519316646852478     
  0.51730000133032839      -0.42299780896230965     
  0.52120000132883504      -0.43024117113860222     
  0.52510000132734169      -0.43701366730578983     
  0.52900000132584846      -0.44341931913721611     
  0.53290000132435522      -0.44957493873463961     
  0.53680000132286187      -0.45560897916368409     
  0.54070000132136853      -0.46166003825355706     
  0.54460000131987529      -0.46787501107174950     
  0.54850000131838206      -0.47440689706414169     
  0.55240000131688871      -0.48141227903015149     
  0.55630000131539536      -0.48904850248769838     
  0.56020000131390213      -0.49747059516515052     
  0.56410000131240889      -0.50682797693043302     
  0.56800000131091555      -0.51726102004348107     
  0.57190000130942220      -0.52889752784403810     
  0.57580000130792897      -0.54184920655834556     
  0.57970000130643573      -0.55620820958116990     
  0.58360000130494238      -0.57204383618860000     
  0.58750000130344904      -0.58939946706034019     
  0.59140000130195580      -0.60828981721196440     
  0.59530000130046257      -0.62869858300546322     
  0.59920000129896922      -0.65057655393725899     
  0.60310000129747587      -0.67384025207454623     
  0.60700000129598264      -0.69837115255208815     
  0.61090000129448940      -0.72401552772097244     
  0.61480000129299606      -0.75058494565267930     
  0.61870000129150271      -0.77785744105487609     
  0.62260000129000947      -0.80557936355909487     
  0.62650000128851624      -0.83346789509442820     
  0.63040000128702289      -0.86121421494565442     
  0.63430000128552955      -0.88848727836164809     
  0.63820000128403631      -0.91493816245160076     
  0.64210000128254308      -0.94020492176895443     
  0.64600000128104973      -0.96391788558830960     
  0.64990000127955638      -0.98570531954885898     
  0.65380000127806315       -1.0051993661611589     
  0.65770000127656991       -1.0220421717218564     
  0.66160000127507657       -1.0358921015065177     
  0.66550000127358322       -1.0464299407575921     
  0.66940000127208998       -1.0533649759926955     
  0.67330000127059675       -1.0564408495688600     
  0.67720000126910340       -1.0554410802974750     
  0.68110000126761006       -1.0501941442650695     
  0.68500000126611682       -1.0405780129354496     
  0.68890000126462358       -1.0265240501518560     
  0.69280000126313024       -1.0080201758847775     
  0.69670000126163689      -0.98511321253563811     
  0.70060000126014366      -0.95791033934693159     
  0.70450000125865042      -0.92657959199913498     
  0.70840000125715707      -0.89134935777408586     
  0.71230000125566373      -0.85250683167088503     
  0.71620000125417049      -0.81039541546162042     
  0.72010000125267726      -0.76541105970087275     
  0.72400000125118391      -0.71799756792603908     
  0.72790000124969056      -0.66864090241391116     
  0.73180000124819733      -0.61786255154139536     
  0.73570000124670409      -0.56621203962844924     
  0.73960000124521075      -0.51425868066503266     
  0.74350000124371740      -0.46258269705002447     
  0.74740000124222417      -0.41176584288382045     
  0.75130000124073082      -0.36238168793416276     
  0.75520000123923747      -0.31498573262107799     
  0.75910000123774424      -0.27010553575161711     
  0.76300000123625089      -0.22823104483078285     
  0.76690000123475754      -0.18980532319381846     
  0.77080000123326431      -0.15521586863355355     
  0.77470000123177096      -0.12478671440966672     
  0.77860000123027762       -9.8771495398231143E-002
  0.78250000122878427       -7.7347649650176986E-002
  0.78640000122729092       -6.0611908868253961E-002
  0.79030000122579769       -4.8577210488334570E-002
  0.79420000122430434       -4.1171139478011480E-002
  0.79810000122281100       -3.8235980064556606E-002
  0.80200000122131776       -3.9530426894061742E-002
  0.80590000121982441       -4.4732972209246713E-002
  0.80980000121833107       -5.3446951193693283E-002
  0.81370000121683772       -6.5207192402112202E-002
  0.81760000121534437       -7.9488184958312183E-002
  0.82150000121385114       -9.5713639757315672E-002
  0.82540000121235779      -0.11326728906343886     
  0.82930000121086445      -0.13150473844657332     
  0.83320000120937121      -0.14976615770649446     
  0.83710000120787786      -0.16738957401115290     
  0.84100000120638452      -0.18372451156212288     
  0.84490000120489117      -0.19814570825568190     
  0.84880000120339782      -0.21006663148686192     
  0.85270000120190459      -0.21895251278625860     
  0.85660000120041124      -0.22433262459762363     
  0.86050000119891790      -0.22581153227288794     
  0.86440000119742466      -0.22307907020993073     
  0.86830000119593131      -0.21591881276787961     
  0.87220000119443797      -0.20421483779618108     
  0.87610000119294462      -0.18795661279203482     
  0.88000000119145128      -0.16724187020217715     
  0.88390000118995804      -0.14227737842856231     
  0.88780000118846469      -0.11337755779165876     
  0.89170000118697135       -8.0960935068055892E-002
  0.89560000118547811       -4.5544475203579203E-002
  0.89950000118398477       -7.7358733243554972E-003
  0.90340000118249142        3.1776066865101947E-002
  0.90730000118099807        7.2232801860754689E-002
  0.91120000117950473       0.11281896115693914     
  0.91510000117801149       0.15267656872129448     
  0.91900000117651814       0.19092031094732714     
  0.92290000117502480       0.22665356799209727     
  0.92680000117353156       0.25898491094065812     
  0.93070000117203822       0.28704475947177199     
  0.93460000117054487       0.31000189370091130     
  0.93850000116905152       0.32707951951259290     
  0.94240000116755829       0.33757059863266670     
  0.94630000116606494       0.34085217241667765     
  0.95020000116457159       0.33639843116556595     
  0.95410000116307836       0.32379230791548280     
  0.95800000116158501       0.30273540617788175     
  0.96190000116009167       0.27305610406548259     
  0.96580000115859832       0.23471571164983804     
  0.96970000115710508       0.18781259330444708     
  0.97360000115561174       0.13258420130838627     
  0.97750000115411839        6.9407000337532720E-002
  0.98140000115262516       -1.2057059941508028E-003
  0.98530000115113181       -7.8608006153592147E-002
  0.98920000114963846      -0.16202760228107776     
  0.99310000114814523      -0.25057393155185520     
  0.99700000114665188      -0.34324807544859814     
   1.0009000011451585      -0.43895432663272166     
   1.0048000011436653      -0.53651326696466262     
   1.0087000011421718      -0.63467619603063619     
   1.0126000011406786      -0.73214073686948966     
   1.0165000011391854      -0.82756743403923316     
   1.0204000011376919      -0.91959714834172679     
   1.0243000011361987       -1.0068690421425872     
   1.0282000011347054       -1.0880389391091694     
   1.0321000011332120       -1.1617978323193274     
   1.0360000011317188       -1.2268903052130069     
   1.0399000011302255       -1.2821326210886448     
   1.0438000011287321       -1.3264302292774832     
   1.0477000011272388       -1.3587944304034727     
   1.0516000011257456       -1.3783579400150396     
   1.0555000011242521       -1.3843890901956426     
   1.0594000011227589       -1.3763044133836615     
   1.0633000011212657       -1.3536793623852126     
   1.0672000011197722       -1.3162569361749379     
   1.0711000011182790       -1.2639540031189744     
   1.0750000011167855       -1.1968651420736616     
   1.0789000011152923       -1.1152638574979872     
   1.0828000011137990       -1.0196010670467757     
   1.0867000011123056      -0.91050080853439586     
   1.0906000011108123      -0.78875316678740071     
   1.0945000011093191      -0.65530447852389850     
   1.0984000011078257      -0.51124493349523314     
   1.1023000011063324      -0.35779375093867721     
   1.1062000011048390      -0.19628216996902062     
   1.1101000011033457       -2.8134548823389852E-002
   1.1140000011018525       0.14515208121194062     
   1.1179000011003590       0.32202961782825118     
   1.1218000010988658       0.50092122199061206     
   1.1257000010973726       0.68024393729285604     
   1.1296000010958791       0.85843113565799711     
   1.1335000010943859        1.0339543320079967     
   1.1374000010928924        1.2053439250495575     
   1.1413000010913992        1.3712084488738705     
   1.1452000010899059        1.5302519599771565     
   1.1491000010884125        1.6812892354047866     
   1.1530000010869192        1.8232585183716183     
   1.1569000010854260        1.9552316158793306     
   1.1608000010839326        2.0764212261808903     
   1.1647000010824393        2.1861854498508002     
   1.1686000010809461        2.2840295140100122     
   1.1725000010794526        2.3696048122299764     
   1.1764000010779594        2.4427054302227829     
   1.1803000010764659        2.5032623872671511     
   1.1842000010749727        2.5513358734103879     
   1.1881000010734795        2.5871058012345949     
   1.1920000010719860        2.6108610172807958     
   1.1959000010704928        2.6229875315232740     
   1.1998000010689993        2.6239561235683859     
   1.2037000010675061        2.6143096720565056     
   1.2076000010660128        2.5946505301278249     
   1.2115000010645194        2.5656282362861407     
   1.2154000010630261        2.5279278084549888     
   1.2193000010615329        2.4822588216476960     
   1.2232000010600395        2.4293454188252257     
   1.2271000010585462        2.3699173526133630     
   1.2310000010570530        2.3047021049605982     
   1.2349000010555595        2.2344180847415811     
   1.2388000010540663        2.1597688616836463     
   1.2427000010525728        2.0814383603984563     
   1.2466000010510796        2.0000869119012421     
   1.2505000010495864        1.9163480424968802     
   1.2544000010480931        1.8308258715220873     
   1.2583000010465997        1.7440929898948261     
   1.2622000010451064        1.6566887000246382     
   1.2661000010436132        1.5691175132716564     
   1.2700000010421197        1.4818478223710172     
   1.2739000010406265        1.3953106913843374     
   1.2778000010391333        1.3098987329769485     
   1.2817000010376400        1.2259650702798073     
   1.2856000010361468        1.1438224064674287     
   1.2895000010346533        1.0637422478090057     
   1.2934000010331601       0.98595434390936265     
   1.2973000010316669       0.91064642103891991     
   1.3012000010301734       0.83796429010937024     
   1.3051000010286802       0.76801240963117356     
   1.3090000010271869       0.70085497594295010     
   1.3129000010256937       0.63651759857921175     
   1.3168000010242005       0.57498959865248311     
   1.3207000010227070       0.51622694369266764     
   1.3246000010212138       0.46015580488154151     
   1.3285000010197205       0.40667669358360226     
   1.3324000010182271       0.35566910513046995     
   1.3363000010167339       0.30699657058481472     
   1.3402000010152406       0.26051199322115015     
   1.3441000010137474       0.21606312707448697     
   1.3480000010122541       0.17349804124330367     
   1.3519000010107607       0.13267040651456424     
   1.3558000010092675        9.3444440794134206E-002
   1.3597000010077742        5.5699356907700455E-002
   1.3636000010062808        1.9333170357512721E-002
   1.3675000010047875       -1.5734254992503686E-002
   1.3714000010032943       -4.9559019458754246E-002
   1.3753000010018011       -8.2171924250711043E-002
   1.3792000010003078      -0.11357816509328071     
   1.3831000009988144      -0.14375798078014526     
   1.3870000009973211      -0.17266821998714413     
   1.3909000009958279      -0.20024475652849533     
   1.3948000009943344      -0.22640565306839960     
   1.3987000009928412      -0.25105494737857331     
   1.4026000009913480      -0.27408691461551388     
   1.4065000009898547      -0.29539064457624792     
   1.4104000009883615      -0.31485476498180986     
   1.4143000009868680      -0.33237214072920923     
   1.4182000009853748      -0.34784438463091405     
   1.4221000009838816      -0.36118602701609132     
   1.4260000009823881      -0.37232820902275721     
   1.4299000009808949      -0.38122178655956312     
   1.4338000009794016      -0.38783975767717049     
   1.4377000009779084      -0.39217895425701477     
   1.4416000009764152      -0.39426096823333168     
   1.4455000009749217      -0.39413231174508673     
   1.4494000009734285      -0.39186383845816258     
   1.4533000009719352      -0.38754947870609074     
   1.4572000009704418      -0.38130436312789384     
   1.4611000009689485      -0.37326242738565862     
   1.4650000009674553      -0.36357360379275278     
   1.4689000009659621      -0.35240071397935618     
   1.4728000009644688      -0.33991618000366314     
   1.4767000009629754      -0.32629866974918892     
   1.4806000009614821      -0.31172978640198967     
   1.4845000009599889      -0.29639090182549210     
   1.4884000009584955      -0.28046022043675811     
   1.4923000009570022      -0.26411014453045389     
   1.4962000009555090      -0.24750499474867702     
   1.5001000009540157      -0.23079912142456646     
   1.5040000009525223      -0.21413542467730595     
   1.5079000009510288      -0.19764428418290025     
   1.5118000009495356      -0.18144288416848539     
   1.5157000009480424      -0.16563490593376529     
   1.5196000009465489      -0.15031054950487457     
   1.5235000009450554      -0.13554683813449464     
   1.5274000009435622      -0.12140815438342466     
   1.5313000009420690      -0.10794695440996965     
   1.5352000009405755       -9.5204607674930330E-002
   1.5391000009390821       -8.3212312244428113E-002
   1.5430000009375888       -7.1992040848856687E-002
   1.5469000009360956       -6.1557479374828881E-002
   1.5508000009346021       -5.1914927029920219E-002
   1.5547000009331087       -4.3064135518327169E-002
   1.5586000009316154       -3.4999072706814113E-002
   1.5625000009301222       -2.7708603993001037E-002
   1.5664000009286287       -2.1177091522356976E-002
   1.5703000009271353       -1.5384917224253718E-002
   1.5742000009256421       -1.0308940128053227E-002
   1.5781000009241488       -5.9229014487620279E-003
   1.5820000009226554       -2.1977924642911221E-003
   1.5859000009211619        8.9779970144205669E-004
   1.5898000009196687        3.3973544873034927E-003
   1.5937000009181754        5.3360769059961196E-003
   1.5976000009166820        6.7505447262556223E-003
   1.6015000009151885        7.6783391109258954E-003
   1.6054000009136953        8.1576579653020731E-003
   1.6093000009122020        8.2269151730794531E-003
   1.6132000009107086        7.9243324932543793E-003
   1.6171000009092151        7.2875339152575075E-003
   1.6210000009077219        6.3531545237953766E-003
   1.6249000009062287        5.1564772680883228E-003
   1.6288000009047352        3.7311113830589783E-003
   1.6327000009032417        2.1087255568906253E-003
   1.6366000009017485        3.1884732649727402E-004
   1.6405000009002553       -1.6112622870406103E-003
   1.6444000008987618       -3.6566530650561312E-003
   1.6483000008972684       -5.7946466496749428E-003
   1.6522000008957751       -8.0047162077656209E-003
   1.6561000008942819       -1.0268290582877626E-002
   1.6600000008927884       -1.2568492698498617E-002
   1.6639000008912950       -1.4889825468589047E-002
   1.6678000008898017       -1.7217821378504646E-002
   1.6717000008883085       -1.9538674057256948E-002
   1.6756000008868150       -2.1838871447927302E-002
   1.6795000008853216       -2.4104850520996222E-002
   1.6834000008838284       -2.6322692838978045E-002
   1.6873000008823351       -2.8477878693605754E-002
   1.6912000008808417       -3.0555115070064635E-002
   1.6951000008793482       -3.2538249460772842E-002
   1.6990000008778550       -3.4410277704904617E-002
   1.7029000008763617       -3.6153449748667084E-002
   1.7068000008748683       -3.7749472703986986E-002
   1.7107000008733748       -3.9179806037686248E-002
   1.7146000008718816       -4.0426039356758953E-002
   1.7185000008703883       -4.1470339264820230E-002
   1.7224000008688949       -4.2295948327722835E-002
   1.7263000008674014       -4.2887716453178980E-002
   1.7302000008659082       -4.3232643077125599E-002
   1.7341000008644150       -4.3320407537881522E-002
   1.7380000008629215       -4.3143864946736173E-002
   1.7419000008614280       -4.2699485728176785E-002
   1.7458000008599348       -4.1987718762159155E-002
   1.7497000008584416       -4.1013260635128571E-002
   1.7536000008569481       -3.9785216783602279E-002
   1.7575000008554547       -3.8317144154733293E-002
   1.7614000008539614       -3.6626969252595620E-002
   1.7653000008524682       -3.4736779914184938E-002
   1.7692000008509747       -3.2672493686939003E-002
   1.7731000008494813       -3.0463410083679081E-002
   1.7770000008479880       -2.8141658104127224E-002
   1.7809000008464948       -2.5741554083177211E-002
   1.7848000008450013       -2.3298888024727963E-002
   1.7887000008435079       -2.0850159001753025E-002
   1.7926000008420147       -1.8431781872978274E-002
   1.7965000008405214       -1.6079288439569864E-002
   1.8004000008390280       -1.3826546228597641E-002
   1.8043000008375345       -1.1705017361508566E-002
   1.8082000008360413       -9.7430784920771920E-003
   1.8121000008345480       -7.9654206518799554E-003
   1.8160000008330546       -6.3925451169125052E-003
   1.8199000008315611       -5.0403682187525724E-003
   1.8238000008300679       -3.9199444924331956E-003
   1.8277000008285746       -3.0373138130590392E-003
   1.8316000008270812       -2.3934743583861329E-003
   1.8355000008255877       -1.9844794763737672E-003
   1.8394000008240945       -1.8016529587508365E-003
   1.8433000008226013       -1.8319139358210564E-003
   1.8472000008211078       -2.0581997107367287E-003
   1.8511000008196143       -2.4599724220559617E-003
   1.8550000008181211       -3.0137935205158269E-003
   1.8589000008166279       -3.6939487077068608E-003
   1.8628000008151344       -4.4731052277749471E-003
   1.8667000008136410       -5.3229832249659529E-003
   1.8706000008121477       -6.2150232571360937E-003
   1.8745000008106545       -7.1210329483447190E-003
   1.8784000008091610       -8.0137971175084956E-003
   1.8823000008076676       -8.8676374679157142E-003
   1.8862000008061743       -9.6589099882024264E-003
   1.8901000008046811       -1.0366430517325508E-002
   1.8940000008031876       -1.0971821379538255E-002
   1.8979000008016942       -1.1459774516119813E-002
   1.9018000008002010       -1.1818229047497370E-002
   1.9057000007987077       -1.2038463616957977E-002
   1.9096000007972143       -1.2115106127695573E-002
   1.9135000007957208       -1.2046065530322905E-002
   1.9174000007942276       -1.1832392100791103E-002
   1.9213000007927343       -1.1478074133091886E-002
   1.9252000007912409       -1.0989780133239046E-002
   1.9291000007897474       -1.0376556428749871E-002
   1.9330000007882542       -9.6494906003762437E-003
   1.9369000007867609       -8.8213513098966880E-003
   1.9408000007852675       -7.9062149584343596E-003
   1.9447000007837740       -6.9190891910999048E-003
   1.9486000007822808       -5.8755425993662859E-003
   1.9525000007807876       -4.7913491009414369E-003
   1.9564000007792941       -3.6821544397750263E-003
   1.9603000007778006       -2.5631710896240945E-003
   1.9642000007763074       -1.4489066068645263E-003
   1.9681000007748142       -3.5292920425738822E-004
   1.9720000007733207        7.1232695303140997E-004
   1.9759000007718273        1.7357154584346324E-003
   1.9798000007703340        2.7074902701209017E-003
   1.9837000007688408        3.6193781605377644E-003
   1.9876000007673473        4.4646128975680708E-003
   1.9915000007658539        5.2379338492177067E-003
   1.9954000007643606        5.9355523607803554E-003
   1.9993000007628674        6.5550897586681995E-003
   2.0032000007613737        7.0954911884508927E-003
   2.0071000007598805        7.5569197005400440E-003
   2.0110000007583873        7.9406350637654562E-003
   2.0149000007568940        8.2488617265135990E-003
   2.0188000007554008        8.4846501714379730E-003
   2.0227000007539075        8.6517356392406836E-003
   2.0266000007524143        8.7543978471237068E-003
   2.0305000007509211        8.7973249162345887E-003
   2.0344000007494278        8.7854842677728001E-003
   2.0383000007479346        8.7240027667569043E-003
   2.0422000007464414        8.6180579021237786E-003
   2.0461000007449481        8.4727813067082564E-003
   2.0500000007434549        8.2931754538822511E-003
   2.0539000007419617        8.0840439303929441E-003
   2.0578000007404684        7.8499352863225652E-003
   2.0617000007389752        7.5951001100646384E-003
   2.0656000007374820        7.3234606736180801E-003
   2.0695000007359887        7.0385922441767610E-003
   2.0734000007344955        6.7437149628876607E-003
   2.0773000007330022        6.4416950500170355E-003
   2.0812000007315090        6.1350540053785518E-003
   2.0851000007300158        5.8259844302653973E-003
   2.0890000007285225        5.5163710978321477E-003
   2.0929000007270293        5.2078159376781515E-003
   2.0968000007255361        4.9016656715881509E-003
   2.1007000007240428        4.5990409350105425E-003
   2.1046000007225496        4.3008658368677592E-003
   2.1085000007210564        4.0078970427929348E-003
   2.1124000007195631        3.7207516082685783E-003
   2.1163000007180699        3.4399329332210123E-003
   2.1202000007165767        3.1658543537492357E-003
   2.1241000007150834        2.8988600257914901E-003
   2.1280000007135902        2.6392428862582347E-003
   2.1319000007120970        2.3872595967664532E-003
   2.1358000007106037        2.1431424815390398E-003
   2.1397000007091105        1.9071085628797155E-003
   2.1436000007076172        1.6793658740985975E-003
   2.1475000007061240        1.4601172906015449E-003
   2.1514000007046308        1.2495621653135570E-003
   2.1553000007031375        1.0478960853522626E-003
   2.1592000007016443        8.5530908391415205E-004
   2.1631000007001511        6.7198264597242378E-004
   2.1670000006986578        4.9808584009456477E-004
   2.1709000006971646        3.3377089308462470E-004
   2.1748000006956714        1.7916850091569521E-004
   2.1787000006941781        3.4383140225595410E-005
   2.1826000006926849       -1.0051138885994811E-004
   2.1865000006911917       -2.2547599408731677E-004
   2.1904000006896984       -3.4050973974272412E-004
   2.1943000006882052       -4.4565259342533540E-004
   2.1982000006867120       -5.4098738834229641E-004
   2.2021000006852187       -6.2664095317067881E-004
   2.2060000006837255       -7.0278439341284475E-004
   2.2099000006822322       -7.6963253673024501E-004
   2.2138000006807390       -8.2744257956983609E-004
   2.2177000006792458       -8.7651199325348322E-004
   2.2216000006777525       -9.1717576448424305E-004
   2.2255000006762593       -9.4980305796603371E-004
   2.2294000006747661       -9.7479339767584218E-004
   2.2333000006732728       -9.9257246850499147E-004
   2.2372000006717796       -1.0035876418033410E-003
   2.2411000006702864       -1.0083033271808715E-003
   2.2450000006687931       -1.0071962491397890E-003
   2.2489000006672999       -1.0007507411472221E-003
   2.2528000006658067       -9.8945414203684525E-004
   2.2567000006643134       -9.7379237056393361E-004
   2.2606000006628202       -9.5424574393259711E-004
   2.2645000006613270       -9.3128509553891121E-004
   2.2684000006598337       -9.0536823636918771E-004
   2.2723000006583405       -8.7693679376125023E-004
   2.2762000006568472       -8.4641345083844857E-004
   2.2801000006553540       -8.1419960008099611E-004
   2.2840000006538608       -7.8067341538118264E-004
   2.2879000006523675       -7.4618833867369527E-004
   2.2918000006508743       -7.1107196993383049E-004
   2.2957000006493811       -6.7562534305304323E-004
   2.2996000006478878       -6.4012256485822087E-004
   2.3035000006463946       -6.0481079033472454E-004
   2.3074000006449014       -5.6991050391359713E-004
   2.3113000006434081       -5.3561607444171195E-004
   2.3152000006419149       -5.0209655010267581E-004
   2.3191000006404217       -4.6949665901688383E-004
   2.3230000006389284       -4.3793798143400709E-004
   2.3269000006374352       -4.0752026024580188E-004
   2.3308000006359419       -3.7832281789662976E-004
   2.3347000006344487       -3.5040604955776262E-004
   2.3386000006329555       -3.2381296456655720E-004
   2.3425000006314622       -2.9857075052531102E-004
   2.3464000006299690       -2.7469233702445798E-004
   2.3503000006284758       -2.5217793862637440E-004
   2.3542000006269825       -2.3101655945234034E-004
   2.3581000006254893       -2.1118744439755529E-004
   2.3620000006239961       -1.9266146460797365E-004
   2.3659000006225028       -1.7540242734634707E-004
   2.3698000006210096       -1.5936830272040976E-004
   2.3737000006195164       -1.4451236191801459E-004
   2.3776000006180231       -1.3078422357434748E-004
   2.3815000006165299       -1.1813080667343105E-004
   2.3854000006150367       -1.0649718995451882E-004
   2.3893000006135434       -9.5827379153007794E-005
   2.3932000006120502       -8.6064984559214235E-005
   2.3971000006105569       -7.7153812334182937E-005
   2.4010000006090637       -6.9038373790101883E-005
   2.4049000006075705       -6.1664317436563659E-005
   2.4088000006060772       -5.4978789027184356E-005
   2.4127000006045840       -4.8930725129300004E-005
   2.4166000006030908       -4.3471085898633005E-005
   2.4205000006015975       -3.8553032786976647E-005
   2.4244000006001043       -3.4132056860026640E-005
   2.4283000005986111       -3.0166063269783054E-005
   2.4322000005971178       -2.6615417226058900E-005
   2.4361000005956246       -2.3442956558172607E-005
   2.4400000005941314       -2.0613975663398526E-005
   2.4439000005926381       -1.8096185314573112E-005
   2.4478000005911449       -1.5859652455526576E-005
   2.4517000005896517       -1.3876723758640297E-005
   2.4556000005881584       -1.2121936361514904E-005
   2.4595000005866652       -1.0571918845971026E-005
   2.4634000005851719       -9.2052851778010133E-006
   2.4673000005836787       -8.0025239942172085E-006
   2.4712000005821855       -6.9458853111753202E-006
   2.4751000005806922       -6.0192664272699058E-006
   2.4790000005791990       -5.2080985264347872E-006
   2.4829000005777058       -4.4992352293557664E-006
   2.4868000005762125       -3.8808441138161167E-006
   2.4907000005747193       -3.3423020171625636E-006
   2.4946000005732261       -2.8740947493116900E-006
   2.4985000005717328       -2.4677216814900406E-006
   2.5024000005702396       -2.1156055332227698E-006
   2.5063000005687464       -1.8110075567828463E-006
   2.5102000005672531       -1.5479482130582667E-006
   2.5141000005657599       -1.3211333441802325E-006
   2.5180000005642666       -1.1258857748248692E-006
   2.5219000005627734       -9.5808221438470929E-007
   2.5258000005612802       -8.1409528475804897E-007
   2.5297000005597869       -6.9074046191796680E-007
   2.5336000005582937       -5.8522769235458959E-007
   2.5375000005568005       -4.9511742666844519E-007
   2.5414000005553072       -4.1828080084683977E-007
   2.5453000005538140       -3.5286368999097136E-007
   2.5492000005523208       -2.9725435848586474E-007
   2.5531000005508275       -2.5005443392095736E-007
   2.5570000005493343       -2.1005293867561515E-007
   2.5609000005478411       -1.7620312227114702E-007
   2.5648000005463478       -1.4760184873844023E-007
   2.5687000005448546       -1.2347130581976063E-007
   2.5726000005433614       -1.0314281635338815E-007
   2.5765000005418681       -8.6042546290695930E-008
   2.5804000005403749       -7.1678918140959223E-008
   2.5843000005388816       -5.9631552962032867E-008
   2.5882000005373884       -4.9541578099078224E-008
   2.5921000005358952       -4.1103151548152428E-008
   2.5960000005344019       -3.4056066956241201E-008
   2.5999000005329087       -2.8179315767806880E-008
   2.6038000005314155       -2.3285494823390956E-008
   2.6077000005299222       -1.9215958765974437E-008
   2.6116000005284290       -1.5836626894292437E-008
   2.6155000005269358       -1.3034363614408556E-008
   2.6194000005254425       -1.0713860390635072E-008
   2.6233000005239493       -8.7949551040288784E-009
   2.6272000005224561       -7.2103320191104154E-009
   2.6311000005209628       -5.9035521711409959E-009
   2.6350000005194696       -4.8273699554205572E-009
   2.6389000005179764       -3.9422970675339040E-009
   2.6428000005164831       -3.2153797515785340E-009
   2.6467000005149899       -2.6191596048395680E-009
   2.6506000005134966       -2.1307920043959877E-009
   2.6545000005120034       -1.7312996049099808E-009
   2.6584000005105102       -1.4049413469615922E-009
   2.6623000005090169       -1.1386800494086139E-009
   2.6662000005075237       -9.2173397285170608E-010
   2.6701000005060305       -7.4519976752071397E-010
   2.6740000005045372       -6.0173598850597549E-010
   2.6779000005030440       -4.8529790254824715E-010
   2.6818000005015508       -3.9091564949070437E-010
   2.6857000005000575       -3.1450898157297915E-010
   2.6896000004985643       -2.5273280637289224E-010
   2.6935000004970711       -2.0284862362244009E-010
   2.6974000004955778       -1.6261768960757585E-010
   2.7013000004940846       -1.3021238082619812E-010
   2.7052000004925914       -1.0414277474501870E-010
   2.7091000004910981       -8.3195932018496028E-011
   2.7130000004896049       -6.6385762145847903E-011
   2.7169000004881116       -5.2911692687361248E-011
   2.7208000004866184       -4.2124649119693973E-011
   2.7247000004851252       -3.3499095418499644E-011
   2.7286000004836319       -2.6610090821842751E-011
   2.7325000004821387       -2.1114491427486288E-011
   2.7364000004806455       -1.6735571056427235E-011
   2.7403000004791522       -1.3250458272702234E-011
   2.7442000004776590       -1.0479889115875450E-011
   2.7481000004761658       -8.2798610109532833E-012
   2.7520000004746725       -6.5348450695968039E-012
   2.7559000004731793       -5.1522738078400748E-012
   2.7598000004716861       -4.0580710729748330E-012
   2.7637000004701928       -3.1930323066889967E-012
   2.7676000004686996       -2.5098975398508706E-012
   2.7715000004672063       -1.9709878736497067E-012
   2.7754000004657131       -1.5462996295651819E-012
   2.7793000004642199       -1.2119696705536382E-012
   2.7832000004627266       -9.4904130062519477E-013
   2.7871000004612334       -7.4247322090482590E-013
   2.7910000004597402       -5.8034474404934330E-013
   2.7949000004582469       -4.5321925225363150E-013
   2.7988000004567537       -3.5363506618660083E-013
   2.8027000004552605       -2.7569875531678529E-013
   2.8066000004537672       -2.1476069866051573E-013
   2.8105000004522740       -1.6715659335595731E-013
   2.8144000004507808       -1.3000176742143064E-013
   2.8183000004492875       -1.0102771537486626E-013
   2.8222000004477943       -7.8452350509580229E-014
   2.8261000004463011       -6.0877145575193592E-014
   2.8300000004448078       -4.7205688336587695E-014
   2.8339000004433146       -3.6579270583876787E-014
   2.8378000004418213       -2.8326008232450961E-014
   2.8417000004403281       -2.1920696688991822E-014
   2.8456000004388349       -1.6953172693601596E-014
   2.8495000004373416       -1.3103408262203387E-014
   2.8534000004358484       -1.0121925991389434E-014
   2.8573000004343552       -7.8144155699940067E-015
   2.8612000004328619       -6.0296632187551259E-015
   2.8651000004313687       -4.6500905544918415E-015
   2.8690000004298755       -3.5843464143836675E-015
   2.8729000004283822       -2.7615120274486004E-015
   2.8768000004268890       -2.1265726577460202E-015
   2.8807000004253958       -1.6368823465227613E-015
   2.8846000004239025       -1.2594065622927689E-015
   2.8885000004224093       -9.6857356325235797E-016
   2.8924000004209161       -7.4460159215382005E-016
   2.8963000004194228       -5.7219766131679013E-016
   2.9002000004179296       -4.3954624071289325E-016
   2.9041000004164363       -3.3752390555174371E-016
   2.9080000004149431       -2.5908994162712812E-016
   2.9119000004134499       -1.9881384875365363E-016
   2.9158000004119566       -1.5250926067535748E-016
   2.9197000004104634       -1.1695051716794617E-016
   2.9236000004089702       -8.9653378618928772E-017
   2.9275000004074769       -6.8705479353560017E-017
   2.9314000004059837       -5.2635321141669043E-017
   2.9353000004044905       -4.0311107794088892E-017
   2.9392000004029972       -3.0862669012166555E-017
   2.9431000004015040       -2.3621237257012964E-017
   2.9470000004000108       -1.8073019958423994E-017
   2.9509000003985175       -1.3823425027362462E-017
   2.9548000003970243       -1.0569508408486656E-017
   2.9587000003955310       -8.0787636921468541E-018
   2.9626000003940378       -6.1728010449179629E-018
   2.9665000003925446       -4.7147935708408855E-018
   2.9704000003910513       -3.5998252386455879E-018
   2.9743000003895581       -2.7474724882775013E-018
   2.9782000003880649       -2.0961046199144462E-018
   2.9821000003865716       -1.5985062175507086E-018
   2.9860000003850784       -1.2185160459789670E-018
   2.9899000003835852       -9.2844719676742889E-019
   2.9938000003820919       -7.0710748326014151E-019
   2.9977000003805987       -5.3828086599342372E-019
   3.0016000003791055       -4.0956286784640318E-019
   3.0055000003776122       -3.1146770867947314E-019
   3.0094000003761190       -2.3674394915062569E-019
   3.0133000003746258       -1.7985009335799762E-019
   3.0172000003731325       -1.3655287137562800E-019
   3.0211000003716393       -1.0361958576101910E-019
   3.0250000003701460       -7.8582562114626955E-020
   3.0289000003686528       -5.9558856122172092E-020
   3.0328000003671596       -4.5112295042613095E-020
   3.0367000003656663       -3.4147944985309010E-020
   3.0406000003641731       -2.5831407880328905E-020
   3.0445000003626799       -1.9527126320679748E-020
   3.0484000003611866       -1.4751235402849009E-020
   3.0523000003596934       -1.1135544348948798E-020
   3.0562000003582002       -8.4000308444504289E-021
   3.0601000003567069       -6.3318443419798218E-021
   3.0640000003552137       -4.7692845796515795E-021
   3.0679000003537205       -3.5895816473902706E-021
   3.0718000003522272       -2.6995797442221152E-021
   3.0757000003507340       -2.0286379753568359E-021
   3.0796000003492408       -1.5232232307048614E-021
   3.0835000003477475       -1.1427939403861618E-021
   3.0874000003462543       -8.5666819290891085E-022
   3.0913000003447610       -6.4164213217974310E-022
   3.0952000003432678       -4.8017993574483954E-022
   3.0991000003417746       -3.5903901541803092E-022
   3.1030000003402813       -2.6822643497785405E-022
   3.1069000003387881       -2.0020725363493921E-022
   3.1108000003372949       -1.4930437492491316E-022
   3.1147000003358016       -1.1124388402215086E-022
   3.1186000003343084       -8.2810845041315046E-023
   3.1225000003328152       -6.1588909382728450E-023
   3.1264000003313219       -4.5763472950750700E-023
   3.1303000003298287       -3.3972985516945327E-023
   3.1342000003283355       -2.5196719998139079E-023
   3.1381000003268422       -1.8670128398175769E-023
   3.1420000003253490       -1.3821055034179023E-023
   3.1459000003238557       -1.0221707113809328E-023
   3.1498000003223625       -7.5525203988607522E-024
   3.1537000003208693       -5.5749971589426388E-024
   3.1576000003193760       -4.1113062471502731E-024
   3.1615000003178828       -3.0289753077303384E-024
   3.1654000003163896       -2.2294142870100309E-024
   3.1693000003148963       -1.6393191082548731E-024
   3.1732000003134031       -1.2042385907789606E-024
   3.1771000003119099       -8.8376469510840476E-025
   3.1810000003104166       -6.4793982895131902E-025
   3.1849000003089234       -4.7457578582110430E-025
   3.1888000003074302       -3.4725490231273004E-025
   3.1927000003059369       -2.5384127242401888E-025
   3.1966000003044437       -1.8537294079813203E-025
   3.2005000003029505       -1.3523838888106989E-025
   3.2044000003014572       -9.8564959711523866E-026
   3.2083000002999640       -7.1765127255019890E-026
   3.2122000002984707       -5.2200207071847825E-026
   3.2161000002969775       -3.7931360332081156E-026
   3.2200000002954843       -2.7535417547409198E-026
   3.2239000002939910       -1.9968785814429331E-026
   3.2278000002924978       -1.4466988512294477E-026
   3.2317000002910046       -1.0470583704532630E-026
   3.2356000002895113       -7.5705907392863232E-027
   3.2395000002880181       -5.4683292015145953E-027
   3.2434000002865249       -3.9458945113583023E-027
   3.2473000002850316       -2.8444754902165016E-027
   3.2512000002835384       -2.0484474901413604E-027
   3.2551000002820452       -1.4737147629347923E-027
   3.2590000002805519       -1.0591758469682710E-027
   3.2629000002790587       -7.6048184224085321E-028
   3.2668000002775655       -5.4547633518801194E-028
   3.2707000002760722       -3.9086738261434598E-028
   3.2746000002745790       -2.7980121233683206E-028
   3.2785000002730857       -2.0009517449950640E-028
   3.2824000002715925       -1.4295216635741953E-028
   3.2863000002700993       -1.0202632213606764E-028
   3.2902000002686060       -7.2744701739692588E-029
   3.2941000002671128       -5.1815351671624466E-029
   3.2980000002656196       -3.6870904920419672E-029
   3.3019000002641263       -2.6210646973608647E-029
   3.3058000002626331       -1.8614039546132977E-029
   3.3097000002611399       -1.3206046831584765E-029
   3.3136000002596466       -9.3599756547158660E-030
   3.3175000002581534       -6.6274533308356458E-030
   3.3214000002566602       -4.6880162557529941E-030
   3.3253000002551669       -3.3128549427343192E-030
   3.3292000002536737       -2.3387673926657827E-030
   3.3331000002521805       -1.6494659918173307E-030
   3.3370000002506872       -1.1621758903602285E-030
   3.3409000002491940       -8.1803702291638576E-031
   3.3448000002477007       -5.7523739090937709E-031
   3.3487000002462075       -4.0410549940053387E-031
   3.3526000002447143       -2.8360662904930299E-031
   3.3565000002432210       -1.9884396917232089E-031
   3.3604000002417278       -1.3927827092008940E-031
   3.3643000002402346       -9.7460734294073420E-032
   3.3682000002387413       -6.8132109712899989E-032
   3.3721000002372481       -4.7582835566408719E-032
   3.3760000002357549       -3.3199046155176177E-032
   3.3799000002342616       -2.3140790022056276E-032
   3.3838000002327684       -1.6114191870331579E-032
   3.3877000002312752       -1.1210297525683072E-032
   3.3916000002297819       -7.7912025516043225E-033
   3.3955000002282887       -5.4096739052776703E-033
   3.3994000002267954       -3.7524715024397104E-033
   3.4033000002253022       -2.6004226038261089E-033
   3.4072000002238090       -1.8003260468475105E-033
   3.4111000002223157       -1.2452013672816883E-033
   3.4150000002208225       -8.6041840766962602E-034
   3.4189000002193293       -5.9396651906049558E-034
   3.4228000002178360       -4.0963484514632501E-034
   3.4267000002163428       -2.8223765852485301E-034
   3.4306000002148496       -1.9427488233634664E-034
   3.4345000002133563       -1.3359876950711833E-034
   3.4384000002118631       -9.1785241142377638E-035
   3.4423000002103699       -6.2998226044330790E-035
   3.4462000002088766       -4.3198566793370581E-035
   3.4501000002073834       -2.9593503562019895E-035
   3.4540000002058902       -2.0253959287061309E-035
   3.4579000002043969       -1.3848746222040407E-035
   3.4618000002029037       -9.4601588234710609E-036
   3.4657000002014104       -6.4561604289250956E-036
   3.4696000001999172       -4.4018838712875555E-036
   3.4735000001984240       -2.9984146678602334E-036
   3.4774000001969307       -2.0404883207374342E-036
   3.4813000001954375       -1.3872869429869632E-036
   3.4852000001939443       -9.4229894844507690E-037
   3.4891000001924510       -6.3944293048303664E-037
   3.4930000001909578       -4.3351686896416765E-037
   3.4969000001894646       -2.9363092158858823E-037
   3.5008000001879713       -1.9869621604175958E-037
   3.5047000001864781       -1.3432902709509612E-037
   3.5086000001849849       -9.0728357087012770E-038
   3.5125000001834916       -6.1222289428221588E-038
   3.5164000001819984       -4.1273363472187534E-038
   3.5203000001805052       -2.7798692284715748E-038
   3.5242000001790119       -1.8705680284597975E-038
   3.5281000001775187       -1.2575281364037982E-038
   3.5320000001760254       -8.4461229733042592E-039
   3.5359000001745322       -5.6675191404897624E-039
   3.5398000001730390       -3.7994865676732553E-039
   3.5437000001715457       -2.5447994862978599E-039
   3.5476000001700525       -1.7028616761741702E-039
   3.5515000001685593       -1.1384205615661999E-039
   3.5554000001670660       -7.6036838727247437E-040
   3.5593000001655728       -5.0739214331402038E-040
   3.5632000001640796       -3.3826899052429116E-040
   3.5671000001625863       -2.2530965202002864E-040
   3.5710000001610931       -1.4993290651960689E-040
   3.5749000001595999       -9.9681385978949895E-041
   3.5788000001581066       -6.6211207444705017E-041
   3.5827000001566134       -4.3938949048958965E-041
   3.5866000001551201       -2.9131907441402085E-041
   3.5905000001536269       -1.9296993745938836E-041
   3.5944000001521337       -1.2770627733374802E-041
   3.5983000001506404       -8.4437829763497678E-042
   3.6022000001491472       -5.5778197812634599E-042
   3.6061000001476540       -3.6812461685066133E-042
   3.6100000001461607       -2.4273286016303677E-042
   3.6139000001446675       -1.5990644926212043E-042
   3.6178000001431743       -1.0524644594734510E-042
   3.6217000001416810       -6.9207523327763164E-043
   3.6256000001401878       -4.5467799863820907E-043
   3.6295000001386946       -2.9844182425947308E-043
   3.6334000001372013       -1.9571355027231641E-043
   3.6373000001357081       -1.2822948941346458E-043
   3.6412000001342149       -8.3938476524829065E-044
   3.6451000001327216       -5.4896005509938540E-044
   3.6490000001312284       -3.5869658015737495E-044
   3.6529000001297351       -2.3416441248894891E-044
   3.6568000001282419       -1.5272918987009425E-044
   3.6607000001267487       -9.9524735266082979E-045
   3.6646000001252554       -6.4795995931625866E-045
   3.6685000001237622       -4.2147691095369099E-045
   3.6724000001222690       -2.7391020334417555E-045
   3.6763000001207757       -1.7784913417506596E-045
   3.6802000001192825       -1.1537314747686231E-045
   3.6841000001177893       -7.4776904308932326E-046
   3.6880000001162960       -4.8421728829248102E-046
   3.6919000001148028       -3.1327337021865717E-046
   3.6958000001133096       -2.0249642196197144E-046
   3.6997000001118163       -1.3077424468054141E-046
   3.7036000001103231       -8.4379778708455678E-047
   3.7075000001088299       -5.4395896644483041E-047
   3.7114000001073366       -3.5035296112071675E-047
   3.7153000001058434       -2.2545383955611411E-047
   3.7192000001043501       -1.4495124982367551E-047
   3.7231000001028569       -9.3110588079473010E-048
   3.7270000001013637       -5.9757062601299664E-048
   3.7309000000998704       -3.8317111852223252E-048
   3.7348000000983772       -2.4547650492043998E-048
   3.7387000000968840       -1.5712345406993093E-048
   3.7426000000953907       -1.0048154571213222E-048
   3.7465000000938975       -6.4201633564073038E-049
   3.7504000000924043       -4.0984591270866890E-049
   3.7543000000909110       -2.6140276154635076E-049
   3.7582000000894178       -1.6657700141667713E-049
   3.7621000000879246       -1.0605605902737529E-049
   3.7660000000864313       -6.7463951450037645E-050
   3.7699000000849381       -4.2876978744193256E-050
   3.7738000000834448       -2.7226571286552717E-050
   3.7777000000819516       -1.7273421412326914E-050
   3.7816000000804584       -1.0949156998102277E-050
   3.7855000000789651       -6.9342605443402473E-051
   3.7894000000774719       -4.3877011804257043E-051
   3.7933000000759787       -2.7739051032681699E-051
   3.7972000000744854       -1.7521209360441311E-051
   3.8011000000729922       -1.1057443588072053E-051
   3.8050000000714990       -6.9721032355570855E-052
   3.8089000000700057       -4.3922955623815925E-052
   3.8128000000685125       -2.7646376665101114E-052
   3.8167000000670193       -1.7386174952162514E-052
   3.8206000000655260       -1.0924190706288562E-052
   3.8245000000640328       -6.8579473100730344E-053
   3.8284000000625396       -4.3014897974813629E-053
   3.8323000000610463       -2.6956516518067433E-053
   3.8362000000595531       -1.6878311432603379E-053
   3.8401000000580598       -1.0558806009913751E-053
   3.8440000000565666       -6.5996582337109642E-054
   3.8479000000550734       -4.1214414217069863E-054
   3.8518000000535801       -2.5715684947636378E-054
   3.8557000000520869       -1.6031293589548607E-054
   3.8596000000505937       -9.9852920302317772E-055
   3.8635000000491004       -6.2140526665325488E-055
   3.8674000000476072       -3.8637700071142173E-055
   3.8713000000461140       -2.4003247492855600E-055
   3.8752000000446207       -1.4898802307289786E-055
   3.8791000000431275       -9.2396505878940798E-056
   3.8830000000416343       -5.7250962278161463E-056
   3.8869000000401410       -3.5443230609840129E-056
   3.8908000000386478       -2.1923368837735023E-056
   3.8947000000371546       -1.3548929174105239E-056
   3.8986000000356613       -8.3661675314360939E-057
   3.9025000000341681       -5.1614562777214425E-057
   3.9064000000326748       -3.1815757471856802E-057
   3.9103000000311816       -1.9594618252883095E-057
   3.9142000000296884       -1.2057466830114604E-057
   3.9181000000281951       -7.4131071527492708E-058
   3.9220000000267019       -4.5537545085553858E-058
   3.9259000000252087       -2.7948872089004738E-058
   3.9298000000237154       -1.7138961075742010E-058
   3.9337000000222222       -1.0500994504792051E-058
   3.9376000000207290       -6.4283912149979827E-059
   3.9415000000192357       -3.9318803260937031E-059
   3.9454000000177425       -2.4028386049754293E-059
   3.9493000000162493       -1.4671530532842161E-059
   3.9532000000147560       -8.9506164017877264E-060
   3.9571000000132628       -5.4557864188415308E-060
   3.9610000000117696       -3.3226825996052431E-060
   3.9649000000102763       -2.0218439033663364E-060
   3.9688000000087831       -1.2292319613019348E-060
   3.9727000000072898       -7.4670267205548720E-061
   3.9766000000057966       -4.5319946826769807E-061
   3.9805000000043034       -2.7482680263297847E-061
   3.9844000000028101       -1.6651638268930926E-061
   3.9883000000013169       -1.0080526604944113E-061
   3.9921999999998237       -6.0973064232487492E-062
   3.9960999999983304       -3.6848647273524534E-062
