  -3.0000000000000000       -1.8447635251322945E-016
  -2.9940000000000033       -1.8942226539085003E-016
  -2.9880000000000067       -1.9448979272387953E-016
  -2.9820000000000100       -1.9968160365423007E-016
  -2.9760000000000133       -2.0500041695338965E-016
  -2.9700000000000166       -2.1044900170577820E-016
  -2.9640000000000200       -2.1603017799515345E-016
  -2.9580000000000233       -2.2174681759388341E-016
  -2.9520000000000266       -2.2760184465490378E-016
  -2.9460000000000299       -2.3359823640616513E-016
  -2.9400000000000333       -2.3973902384736861E-016
  -2.9340000000000366       -2.4602729244878490E-016
  -2.9280000000000399       -2.5246618285194402E-016
  -2.9220000000000432       -2.5905889157197152E-016
  -2.9160000000000466       -2.6580867170134516E-016
  -2.9100000000000499       -2.7271883361483680E-016
  -2.9040000000000532       -2.7979274567539900E-016
  -2.8980000000000565       -2.8703383494073707E-016
  -2.8920000000000599       -2.9444558787032265E-016
  -2.8860000000000632       -3.0203155103256885E-016
  -2.8800000000000665       -3.0979533181190954E-016
  -2.8740000000000698       -3.1774059911548222E-016
  -2.8680000000000732       -3.2587108407914670E-016
  -2.8620000000000765       -3.3419058077252676E-016
  -2.8560000000000798       -3.4270294690277460E-016
  -2.8500000000000831       -3.5141210451674912E-016
  -2.8440000000000865       -3.6032204070127978E-016
  -2.8380000000000898       -3.6943680828119325E-016
  -2.8320000000000931       -3.7876052651475737E-016
  -2.8260000000000964       -3.8829738178619842E-016
  -2.8200000000000998       -3.9805162829494379E-016
  -2.8140000000001031       -4.0802758874121282E-016
  -2.8080000000001064       -4.1822965500759324E-016
  -2.8020000000001097       -4.2866228883622213E-016
  -2.7960000000001131       -4.3933002250117267E-016
  -2.7900000000001164       -4.5023745947565871E-016
  -2.7840000000001197       -4.6138927509364245E-016
  -2.7780000000001230       -4.7279021720543352E-016
  -2.7720000000001264       -4.8444510682684439E-016
  -2.7660000000001297       -4.9635883878148537E-016
  -2.7600000000001330       -5.0853638233573178E-016
  -2.7540000000001363       -5.2098278182593722E-016
  -2.7480000000001397       -5.3370315727740327E-016
  -2.7420000000001430       -5.4670270501466048E-016
  -2.7360000000001463       -5.5998669826256547E-016
  -2.7300000000001496       -5.7356048773772166E-016
  -2.7240000000001530       -5.8742950222974370E-016
  -2.7180000000001563       -6.0159924917183794E-016
  -2.7120000000001596       -6.1607531520019456E-016
  -2.7060000000001629       -6.3086336670165851E-016
  -2.7000000000001663       -6.4596915034915267E-016
  -2.6940000000001696       -6.6139849362429495E-016
  -2.6880000000001729       -6.7715730532667927E-016
  -2.6820000000001762       -6.9325157606922334E-016
  -2.6760000000001796       -7.0968737875905689E-016
  -2.6700000000001829       -7.2647086906331937E-016
  -2.6640000000001862       -7.4360828585932490E-016
  -2.6580000000001895       -7.6110595166846142E-016
  -2.6520000000001929       -7.7897027307323629E-016
  -2.6460000000001962       -7.9720774111684580E-016
  -2.6400000000001995       -8.1582493168463989E-016
  -2.6340000000002028       -8.3482850586685911E-016
  -2.6280000000002062       -8.5422521030199257E-016
  -2.6220000000002095       -8.7402187750010867E-016
  -2.6160000000002128       -8.9422542614550647E-016
  -2.6100000000002161       -9.1484286137800389E-016
  -2.6040000000002195       -9.3588127505221382E-016
  -2.5980000000002228       -9.5734784597409596E-016
  -2.5920000000002261       -9.7924984011411299E-016
  -2.5860000000002294       -1.0015946107962860E-015
  -2.5800000000002328       -1.0243895988624434E-015
  -2.5740000000002361       -1.0476423328109392E-015
  -2.5680000000002394       -1.0713604289091496E-015
  -2.5620000000002427       -1.0955515912789649E-015
  -2.5560000000002461       -1.1202236119546045E-015
  -2.5500000000002494       -1.1453843709119724E-015
  -2.5440000000002527       -1.1710418360687987E-015
  -2.5380000000002561       -1.1972040632548538E-015
  -2.5320000000002594       -1.2238791961514196E-015
  -2.5260000000002627       -1.2510754661993037E-015
  -2.5200000000002660       -1.2788011924745669E-015
  -2.5140000000002694       -1.3070647815312436E-015
  -2.5080000000002727       -1.3358747272102203E-015
  -2.5020000000002760       -1.3652396104135149E-015
  -2.4960000000002793       -1.3951680988431510E-015
  -2.4900000000002827       -1.4256689467038289E-015
  -2.4840000000002860       -1.4567509943685974E-015
  -2.4780000000002893       -1.4884231680066980E-015
  -2.4720000000002926       -1.5206944791728094E-015
  -2.4660000000002960       -1.5535740243568393E-015
  -2.4600000000002993       -1.5870709844934785E-015
  -2.4540000000003026       -1.6211946244306745E-015
  -2.4480000000003059       -1.6559542923562096E-015
  -2.4420000000003093       -1.6913594191815770E-015
  -2.4360000000003126       -1.7274195178823073E-015
  -2.4300000000003159       -1.7641441827939275E-015
  -2.4240000000003192       -1.8015430888627327E-015
  -2.4180000000003226       -1.8396259908505177E-015
  -2.4120000000003259       -1.8784027224924930E-015
  -2.4060000000003292       -1.9178831956074865E-015
  -2.4000000000003325       -1.9580773991596732E-015
  -2.3940000000003359       -1.9989953982709553E-015
  -2.3880000000003392       -2.0406473331831979E-015
  -2.3820000000003425       -2.0830434181694962E-015
  -2.3760000000003458       -2.1261939403936436E-015
  -2.3700000000003492       -2.1701092587169885E-015
  -2.3640000000003525       -2.2147998024518803E-015
  -2.3580000000003558       -2.2602760700608776E-015
  -2.3520000000003591       -2.3065486278009163E-015
  -2.3460000000003625       -2.3536281083116703E-015
  -2.3400000000003658       -2.4015252091472444E-015
  -2.3340000000003691       -2.4502506912504982E-015
  -2.3280000000003724       -2.4998153773691411E-015
  -2.3220000000003758       -2.5502301504128657E-015
  -2.3160000000003791       -2.6015059517507686E-015
  -2.3100000000003824       -2.6536537794482424E-015
  -2.3040000000003857       -2.7066846864426443E-015
  -2.2980000000003891       -2.7606097786569929E-015
  -2.2920000000003924       -2.8154402130509304E-015
  -2.2860000000003957       -2.8711871956082588E-015
  -2.2800000000003990       -2.9278619792603568E-015
  -2.2740000000004024       -2.9854758617447336E-015
  -2.2680000000004057       -3.0440401833980779E-015
  -2.2620000000004090       -3.1035663248831136E-015
  -2.2560000000004123       -3.1640657048486067E-015
  -2.2500000000004157       -3.2255497775218962E-015
  -2.2440000000004190       -3.2880300302332684E-015
  -2.2380000000004223       -3.3515179808716484E-015
  -2.2320000000004256       -3.4160251752709363E-015
  -2.2260000000004290       -3.4815631845264428E-015
  -2.2200000000004323       -3.5481436022408634E-015
  -2.2140000000004356       -3.6157780416992444E-015
  -2.2080000000004389       -3.6844781329724151E-015
  -2.2020000000004423       -3.7542555199483742E-015
  -2.1960000000004456       -3.8251218572911706E-015
  -2.1900000000004489       -3.8970888073267916E-015
  -2.1840000000004522       -3.9701680368556288E-015
  -2.1780000000004556       -4.0443712138911152E-015
  -2.1720000000004589       -4.1197100043240993E-015
  -2.1660000000004622       -4.1961960685126609E-015
  -2.1600000000004655       -4.2738410577968936E-015
  -2.1540000000004689       -4.3526566109385187E-015
  -2.1480000000004722       -4.4326543504848441E-015
  -2.1420000000004755       -4.5138458790569394E-015
  -2.1360000000004788       -4.5962427755617086E-015
  -2.1300000000004822       -4.6798565913277185E-015
  -2.1240000000004855       -4.7646988461644933E-015
  -2.1180000000004888       -4.8507810243452763E-015
  -2.1120000000004922       -4.9381145705129734E-015
  -2.1060000000004955       -5.0267108855093224E-015
  -2.1000000000004988       -5.1165813221271332E-015
  -2.0940000000005021       -5.2077371807856678E-015
  -2.0880000000005055       -5.3001897051290465E-015
  -2.0820000000005088       -5.3939500775478495E-015
  -2.0760000000005121       -5.4890294146239367E-015
  -2.0700000000005154       -5.5854387624985455E-015
  -2.0640000000005188       -5.6831890921639142E-015
  -2.0580000000005221       -5.7822912946785700E-015
  -2.0520000000005254       -5.8827561763064989E-015
  -2.0460000000005287       -5.9845944535804902E-015
  -2.0400000000005321       -6.0878167482899059E-015
  -2.0340000000005354       -6.1924335823933003E-015
  -2.0280000000005387       -6.2984553728561926E-015
  -2.0220000000005420       -6.4058924264145033E-015
  -2.0160000000005454       -6.5147549342639868E-015
  -2.0100000000005487       -6.6250529666763437E-015
  -2.0040000000005520       -6.7367964675424513E-015
  -1.9980000000005553       -6.8499952488432946E-015
  -1.9920000000005587       -6.9646589850493599E-015
  -1.9860000000005620       -7.0807972074490486E-015
  -1.9800000000005653       -7.1984192984068931E-015
  -1.9740000000005686       -7.3175344855524223E-015
  -1.9680000000005720       -7.4381518359003601E-015
  -1.9620000000005753       -7.5602802499031908E-015
  -1.9560000000005786       -7.6839284554368937E-015
  -1.9500000000005819       -7.8091050017208532E-015
  -1.9440000000005853       -7.9358182531730123E-015
  -1.9380000000005886       -8.0640763832013054E-015
  -1.9320000000005919       -8.1938873679324397E-015
  -1.9260000000005952       -8.3252589798792989E-015
  -1.9200000000005986       -8.4581987815481272E-015
  -1.9140000000006019       -8.5927141189867697E-015
  -1.9080000000006052       -8.7288121152753010E-015
  -1.9020000000006085       -8.8664996639605267E-015
  -1.8960000000006119       -9.0057834224354877E-015
  -1.8900000000006152       -9.1466698052659345E-015
  -1.8840000000006185       -9.2891649774647663E-015
  -1.8780000000006218       -9.4332748477164901E-015
  -1.8720000000006252       -9.5790050615530742E-015
  -1.8660000000006285       -9.7263609944829707E-015
  -1.8600000000006318       -9.8753477450751235E-015
  -1.8540000000006351       -1.0025970127999655E-014
  -1.8480000000006385       -1.0178232667027236E-014
  -1.8420000000006418       -1.0332139587988895E-014
  -1.8360000000006451       -1.0487694811698479E-014
  -1.8300000000006484       -1.0644901946839513E-014
  -1.8240000000006518       -1.0803764282818770E-014
  -1.8180000000006551       -1.0964284782588606E-014
  -1.8120000000006584       -1.1126466075440282E-014
  -1.8060000000006617       -1.1290310449770482E-014
  -1.8000000000006651       -1.1455819845823421E-014
  -1.7940000000006684       -1.1622995848410791E-014
  -1.7880000000006717       -1.1791839679612180E-014
  -1.7820000000006750       -1.1962352191458122E-014
  -1.7760000000006784       -1.2134533858598600E-014
  -1.7700000000006817       -1.2308384770959502E-014
  -1.7640000000006850       -1.2483904626389567E-014
  -1.7580000000006883       -1.2661092723300645E-014
  -1.7520000000006917       -1.2839947953303986E-014
  -1.7460000000006950       -1.3020468793845342E-014
  -1.7400000000006983       -1.3202653300841772E-014
  -1.7340000000007016       -1.3386499101323036E-014
  -1.7280000000007050       -1.3572003386080516E-014
  -1.7220000000007083       -1.3759162902326804E-014
  -1.7160000000007116       -1.3947973946368828E-014
  -1.7100000000007149       -1.4138432356297868E-014
  -1.7040000000007183       -1.4330533504699367E-014
  -1.6980000000007216       -1.4524272291386044E-014
  -1.6920000000007249       -1.4719643136157298E-014
  -1.6860000000007282       -1.4916639971588477E-014
  -1.6800000000007316       -1.5115256235853146E-014
  -1.6740000000007349       -1.5315484865582005E-014
  -1.6680000000007382       -1.5517318288761603E-014
  -1.6620000000007416       -1.5720748417676738E-014
  -1.6560000000007449       -1.5925766641899703E-014
  -1.6500000000007482       -1.6132363821330319E-014
  -1.6440000000007515       -1.6340530279290071E-014
  -1.6380000000007549       -1.6550255795674260E-014
  -1.6320000000007582       -1.6761529600165830E-014
  -1.6260000000007615       -1.6974340365514432E-014
  -1.6200000000007648       -1.7188676200884943E-014
  -1.6140000000007682       -1.7404524645278672E-014
  -1.6080000000007715       -1.7621872661031804E-014
  -1.6020000000007748       -1.7840706627394285E-014
  -1.5960000000007781       -1.8061012334193708E-014
  -1.5900000000007815       -1.8282774975587662E-014
  -1.5840000000007848       -1.8505979143908897E-014
  -1.5780000000007881       -1.8730608823607064E-014
  -1.5720000000007914       -1.8956647385291294E-014
  -1.5660000000007948       -1.9184077579877494E-014
  -1.5600000000007981       -1.9412881532844711E-014
  -1.5540000000008014       -1.9643040738604275E-014
  -1.5480000000008047       -1.9874536054986406E-014
  -1.5420000000008081       -2.0107347697847905E-014
  -1.5360000000008114       -2.0341455235805590E-014
  -1.5300000000008147       -2.0576837585099207E-014
  -1.5240000000008180       -2.0813473004588449E-014
  -1.5180000000008214       -2.1051339090888033E-014
  -1.5120000000008247       -2.1290412773645074E-014
  -1.5060000000008280       -2.1530670310963267E-014
  -1.5000000000008313       -2.1772087284977616E-014
  -1.4940000000008347       -2.2014638597584562E-014
  -1.4880000000008380       -2.2258298466331219E-014
  -1.4820000000008413       -2.2503040420468385E-014
  -1.4760000000008446       -2.2748837297171229E-014
  -1.4700000000008480       -2.2995661237932227E-014
  -1.4640000000008513       -2.3243483685130282E-014
  -1.4580000000008546       -2.3492275378780519E-014
  -1.4520000000008579       -2.3742006353468724E-014
  -1.4460000000008613       -2.3992645935474886E-014
  -1.4400000000008646       -2.4244162740089821E-014
  -1.4340000000008679       -2.4496524669129128E-014
  -1.4280000000008712       -2.4749698908648739E-014
  -1.4220000000008746       -2.5003651926865898E-014
  -1.4160000000008779       -2.5258349472290133E-014
  -1.4100000000008812       -2.5513756572067687E-014
  -1.4040000000008845       -2.5769837530544127E-014
  -1.3980000000008879       -2.6026555928048608E-014
  -1.3920000000008912       -2.6283874619904039E-014
  -1.3860000000008945       -2.6541755735667029E-014
  -1.3800000000008978       -2.6800160678601583E-014
  -1.3740000000009012       -2.7059050125390193E-014
  -1.3680000000009045       -2.7318384026086511E-014
  -1.3620000000009078       -2.7578121604312934E-014
  -1.3560000000009111       -2.7838221357707257E-014
  -1.3500000000009145       -2.8098641058621585E-014
  -1.3440000000009178       -2.8359337755077708E-014
  -1.3380000000009211       -2.8620267771981830E-014
  -1.3320000000009244       -2.8881386712602670E-014
  -1.3260000000009278       -2.9142649460316064E-014
  -1.3200000000009311       -2.9404010180619666E-014
  -1.3140000000009344       -2.9665422323420645E-014
  -1.3080000000009377       -2.9926838625600221E-014
  -1.3020000000009411       -3.0188211113857426E-014
  -1.2960000000009444       -3.0449491107835925E-014
  -1.2900000000009477       -3.0710629223536267E-014
  -1.2840000000009510       -3.0971575377016866E-014
  -1.2780000000009544       -3.1232278788386348E-014
  -1.2720000000009577       -3.1492687986090106E-014
  -1.2660000000009610       -3.1752750811493597E-014
  -1.2600000000009643       -3.2012414423765086E-014
  -1.2540000000009677       -3.2271625305060150E-014
  -1.2480000000009710       -3.2530329266010321E-014
  -1.2420000000009743       -3.2788471451518394E-014
  -1.2360000000009776       -3.3045996346862023E-014
  -1.2300000000009810       -3.3302847784108220E-014
  -1.2240000000009843       -3.3558968948840370E-014
  -1.2180000000009876       -3.3814302387199695E-014
  -1.2120000000009910       -3.4068790013242706E-014
  -1.2060000000009943       -3.4322373116616873E-014
  -1.2000000000009976       -3.4574992370554923E-014
  -1.1940000000010009       -3.4826587840190277E-014
  -1.1880000000010043       -3.5077098991194077E-014
  -1.1820000000010076       -3.5326464698735212E-014
  -1.1760000000010109       -3.5574623256764317E-014
  -1.1700000000010142       -3.5821512387622777E-014
  -1.1640000000010176       -3.6067069251976943E-014
  -1.1580000000010209       -3.6311230459078801E-014
  -1.1520000000010242       -3.6553932077353124E-014
  -1.1460000000010275       -3.6795109645311503E-014
  -1.1400000000010309       -3.7034698182793619E-014
  -1.1340000000010342       -3.7272632202535539E-014
  -1.1280000000010375       -3.7508845722065088E-014
  -1.1220000000010408       -3.7743272275923977E-014
  -1.1160000000010442       -3.7975844928216425E-014
  -1.1100000000010475       -3.8206496285483431E-014
  -1.1040000000010508       -3.8435158509902226E-014
  -1.0980000000010541       -3.8661763332810180E-014
  -1.0920000000010575       -3.8886242068551521E-014
  -1.0860000000010608       -3.9108525628646680E-014
  -1.0800000000010641       -3.9328544536281923E-014
  -1.0740000000010674       -3.9546228941118548E-014
  -1.0680000000010708       -3.9761508634419483E-014
  -1.0620000000010741       -3.9974313064491978E-014
  -1.0560000000010774       -4.0184571352443719E-014
  -1.0500000000010807       -4.0392212308251101E-014
  -1.0440000000010841       -4.0597164447136488E-014
  -1.0380000000010874       -4.0799356006252659E-014
  -1.0320000000010907       -4.0998714961671501E-014
  -1.0260000000010940       -4.1195169045674033E-014
  -1.0200000000010974       -4.1388645764339118E-014
  -1.0140000000011007       -4.1579072415427400E-014
  -1.0080000000011040       -4.1766376106557404E-014
  -1.0020000000011073       -4.1950483773670166E-014
 -0.99600000000111066       -4.2131322199778641E-014
 -0.99000000000111399       -4.2308818033998412E-014
 -0.98400000000111731       -4.2482897810855295E-014
 -0.97800000000112064       -4.2653487969866021E-014
 -0.97200000000112396       -4.2820514875387281E-014
 -0.96600000000112729       -4.2983904836729036E-014
 -0.96000000000113062       -4.3143584128527010E-014
 -0.95400000000113394       -4.3299479011369923E-014
 -0.94800000000113727       -4.3451515752675905E-014
 -0.94200000000114059       -4.3599620647813557E-014
 -0.93600000000114392       -4.3743720041461536E-014
 -0.93000000000114724       -4.3883740349201933E-014
 -0.92400000000115057       -4.4019608079340960E-014
 -0.91800000000115389       -4.4151249854951737E-014
 -0.91200000000115722       -4.4278592436132609E-014
 -0.90600000000116054       -4.4401562742475154E-014
 -0.90000000000116387       -4.4520087875735392E-014
 -0.89400000000116719       -4.4634095142701564E-014
 -0.88800000000117052       -4.4743512078251902E-014
 -0.88200000000117385       -4.4848266468595497E-014
 -0.87600000000117717       -4.4948286374689309E-014
 -0.87000000000118050       -4.5043500155824014E-014
 -0.86400000000118382       -4.5133836493371523E-014
 -0.85800000000118715       -4.5219224414686447E-014
 -0.85200000000119047       -4.5299593317154267E-014
 -0.84600000000119380       -4.5374872992377982E-014
 -0.84000000000119712       -4.5444993650495703E-014
 -0.83400000000120045       -4.5509885944620798E-014
 -0.82800000000120377       -4.5569480995396467E-014
 -0.82200000000120710       -4.5623710415656705E-014
 -0.81600000000121042       -4.5672506335184562E-014
 -0.81000000000121375       -4.5715801425559565E-014
 -0.80400000000121707       -4.5753528925085385E-014
 -0.79800000000122040       -4.5785622663788687E-014
 -0.79200000000122373       -4.5812017088480563E-014
 -0.78600000000122705       -4.5832647287870896E-014
 -0.78000000000123038       -4.5847449017726828E-014
 -0.77400000000123370       -4.5856358726065651E-014
 -0.76800000000123703       -4.5859313578372858E-014
 -0.76200000000124035       -4.5856251482835721E-014
 -0.75600000000124368       -4.5847111115582408E-014
 -0.75000000000124700       -4.5831831945917347E-014
 -0.74400000000125033       -4.5810354261542430E-014
 -0.73800000000125365       -4.5782619193754440E-014
 -0.73200000000125698       -4.5748568742608438E-014
 -0.72600000000126030       -4.5708145802036751E-014
 -0.72000000000126363       -4.5661294184913879E-014
 -0.71400000000126695       -4.5607958648056336E-014
 -0.70800000000127028       -4.5548084917147419E-014
 -0.70200000000127361       -4.5481619711576371E-014
 -0.69600000000127693       -4.5408510769181169E-014
 -0.69000000000128026       -4.5328706870884782E-014
 -0.68400000000128358       -4.5242157865213782E-014
 -0.67800000000128691       -4.5148814692688892E-014
 -0.67200000000129023       -4.5048629410076539E-014
 -0.66600000000129356       -4.4941555214490977E-014
 -0.66000000000129688       -4.4827546467335586E-014
 -0.65400000000130021       -4.4706558718072965E-014
 -0.64800000000130353       -4.4578548727812816E-014
 -0.64200000000130686       -4.4443474492706533E-014
 -0.63600000000131018       -4.4301295267137855E-014
 -0.63000000000131351       -4.4151971586698548E-014
 -0.62400000000131683       -4.3995465290937977E-014
 -0.61800000000132016       -4.3831739545875941E-014
 -0.61200000000132349       -4.3660758866267865E-014
 -0.60600000000132681       -4.3482489137611024E-014
 -0.60000000000133014       -4.3296897637881384E-014
 -0.59400000000133346       -4.3103953058989847E-014
 -0.58800000000133679       -4.2903625527947353E-014
 -0.58200000000134011       -4.2695886627727703E-014
 -0.57600000000134344       -4.2480709417817570E-014
 -0.57000000000134676       -4.2258068454442934E-014
 -0.56400000000135009       -4.2027939810461126E-014
 -0.55800000000135341       -4.1790301094908077E-014
 -0.55200000000135674       -4.1545131472190034E-014
 -0.54600000000136006       -4.1292411680909413E-014
 -0.54000000000136339       -4.1032124052314099E-014
 -0.53400000000136671       -4.0764252528360410E-014
 -0.52800000000137004       -4.0488782679378697E-014
 -0.52200000000137337       -4.0205701721332188E-014
 -0.51600000000137669       -3.9914998532658485E-014
 -0.51000000000138002       -3.9616663670684039E-014
 -0.50400000000138334       -3.9310689387601613E-014
 -0.49800000000138667       -3.8997069646001170E-014
 -0.49200000000138999       -3.8675800133944320E-014
 -0.48600000000139332       -3.8346878279572963E-014
 -0.48000000000139664       -3.8010303265243015E-014
 -0.47400000000139997       -3.7666076041173577E-014
 -0.46800000000140329       -3.7314199338602667E-014
 -0.46200000000140662       -3.6954677682440691E-014
 -0.45600000000140994       -3.6587517403412768E-014
 -0.45000000000141327       -3.6212726649681260E-014
 -0.44400000000141659       -3.5830315397940212E-014
 -0.43800000000141992       -3.5440295463973176E-014
 -0.43200000000142325       -3.5042680512666590E-014
 -0.42600000000142657       -3.4637486067470771E-014
 -0.42000000000142990       -3.4224729519300443E-014
 -0.41400000000143322       -3.3804430134867778E-014
 -0.40800000000143655       -3.3376609064440120E-014
 -0.40200000000143987       -3.2941289349015690E-014
 -0.39600000000144320       -3.2498495926909961E-014
 -0.39000000000144652       -3.2048255639746307E-014
 -0.38400000000144985       -3.1590597237844056E-014
 -0.37800000000145317       -3.1125551384998051E-014
 -0.37200000000145650       -3.0653150662643452E-014
 -0.36600000000145982       -3.0173429573399926E-014
 -0.36000000000146315       -2.9686424543989782E-014
 -0.35400000000146647       -2.9192173927524458E-014
 -0.34800000000146980       -2.8690718005154631E-014
 -0.34200000000147313       -2.8182098987078730E-014
 -0.33600000000147645       -2.7666361012905410E-014
 -0.33000000000147978       -2.7143550151365624E-014
 -0.32400000000148310       -2.6613714399370211E-014
 -0.31800000000148643       -2.6076903680409163E-014
 -0.31200000000148975       -2.5533169842289019E-014
 -0.30600000000149308       -2.4982566654204996E-014
 -0.30000000000149640       -2.4425149803145150E-014
 -0.29400000000149973       -2.3860976889623352E-014
 -0.28800000000150305       -2.3290107422739181E-014
 -0.28200000000150638       -2.2712602814561975E-014
 -0.27600000000150970       -2.2128526373837791E-014
 -0.27000000000151303       -2.1537943299017026E-014
 -0.26400000000151636       -2.0940920670601955E-014
 -0.25800000000151968       -2.0337527442812796E-014
 -0.25200000000152301       -1.9727834434571795E-014
 -0.24600000000152633       -1.9111914319804883E-014
 -0.24000000000152966       -1.8489841617060624E-014
 -0.23400000000153298       -1.7861692678446970E-014
 -0.22800000000153631       -1.7227545677885934E-014
 -0.22200000000153963       -1.6587480598687311E-014
 -0.21600000000154296       -1.5941579220442332E-014
 -0.21000000000154628       -1.5289925105238757E-014
 -0.20400000000154961       -1.4632603583199094E-014
 -0.19800000000155293       -1.3969701737344066E-014
 -0.19200000000155626       -1.3301308387783393E-014
 -0.18600000000155958       -1.2627514075237025E-014
 -0.18000000000156291       -1.1948411043889257E-014
 -0.17400000000156624       -1.1264093223579298E-014
 -0.16800000000156956       -1.0574656211331962E-014
 -0.16200000000157289       -9.8801972522320381E-015
 -0.15600000000157621       -9.1808152196469343E-015
 -0.15000000000157954       -8.4766105948017618E-015
 -0.14400000000158286       -7.7676854457120139E-015
 -0.13800000000158619       -7.0541434054787187E-015
 -0.13200000000158951       -6.3360896499516302E-015
 -0.12600000000159284       -5.6136308747661922E-015
 -0.12000000000159616       -4.8868752717603631E-015
 -0.11400000000159949       -4.1559325047775972E-015
 -0.10800000000160281       -3.4209136848626214E-015
 -0.10200000000160614       -2.6819313448572047E-015
  -9.6000000001609465E-002  -1.9390994134027444E-015
  -9.0000000001612790E-002  -1.1925331883577220E-015
  -8.4000000001616115E-002  -4.4234930963749377E-016
  -7.8000000001619441E-002   3.1133426851519643E-016
  -7.2000000001622766E-002   1.0683983058207958E-015
  -6.6000000001626091E-002   1.8287223048055464E-015
  -6.0000000001629417E-002   2.5921845401875341E-015
  -5.4000000001632742E-002   3.3586620887965758E-015
  -4.8000000001636067E-002   4.1280308600184877E-015
  -4.2000000001639393E-002   4.9001656267541183E-015
  -3.6000000001642718E-002   5.6749400568826409E-015
  -3.0000000001646043E-002   6.4522267452192096E-015
  -2.4000000001649369E-002   7.2318972459559633E-015
  -1.8000000001652694E-002   8.0138221055758189E-015
  -1.2000000001656019E-002   8.7978708962277359E-015
  -6.0000000016593447E-003   9.5839122495521632E-015
  -1.6626700016786344E-012   1.0371813890945015E-014
   5.9999999983340602E-003   1.1161442674248452E-014
   1.1999999998330790E-002   1.1952664616856114E-014
   1.7999999998327521E-002   1.2745344935220888E-014
   2.3999999998324251E-002   1.3539348080752295E-014
   2.9999999998320981E-002   1.4334537776091018E-014
   3.5999999998317711E-002   1.5130777051747483E-014
   4.1999999998314441E-002   1.5927928283091390E-014
   4.7999999998311171E-002   1.6725853227678763E-014
   5.3999999998307902E-002   1.7524413062903066E-014
   5.9999999998304632E-002   1.8323468423956600E-014
   6.5999999998301362E-002   1.9122879442088219E-014
   7.1999999998298092E-002   1.9922505783143259E-014
   7.7999999998294822E-002   2.0722206686371572E-014
   8.3999999998291552E-002   2.1521841003488999E-014
   8.9999999998288283E-002   2.2321267237977902E-014
   9.5999999998285013E-002   2.3120343584611925E-014
  0.10199999999828174        2.3918927969190133E-014
  0.10799999999827847        2.4716878088465476E-014
  0.11399999999827520        2.5514051450252667E-014
  0.11999999999827193        2.6310305413699774E-014
  0.12599999999826866        2.7105497229708723E-014
  0.13199999999826539        2.7899484081488727E-014
  0.13799999999826212        2.8692123125227458E-014
  0.14399999999825885        2.9483271530864062E-014
  0.14999999999825558        3.0272786522948349E-014
  0.15599999999825231        3.1060525421570419E-014
  0.16199999999824904        3.1846345683344713E-014
  0.16799999999824577        3.2630104942432600E-014
  0.17399999999824250        3.3411661051587499E-014
  0.17999999999823924        3.4190872123206535E-014
  0.18599999999823597        3.4967596570372579E-014
  0.19199999999823270        3.5741693147870543E-014
  0.19799999999822943        3.6513020993161976E-014
  0.20399999999822616        3.7281439667301592E-014
  0.20999999999822289        3.8046809195779764E-014
  0.21599999999821962        3.8808990109274628E-014
  0.22199999999821635        3.9567843484298098E-014
  0.22799999999821308        4.0323230983718988E-014
  0.23399999999820981        4.1075014897147957E-014
  0.23999999999820654        4.1823058181167508E-014
  0.24599999999820327        4.2567224499391536E-014
  0.25199999999820000        4.3307378262338306E-014
  0.25799999999819673        4.4043384667100758E-014
  0.26399999999819346        4.4775109736798752E-014
  0.26999999999819019        4.5502420359797081E-014
  0.27599999999818692        4.6225184328673827E-014
  0.28199999999818365        4.6943270378923408E-014
  0.28799999999818038        4.7656548227378805E-014
  0.29399999999817711        4.8364888610337712E-014
  0.29999999999817384        4.9068163321377183E-014
  0.30599999999817057        4.9766245248841793E-014
  0.31199999999816730        5.0459008412990263E-014
  0.31799999999816403        5.1146328002785582E-014
  0.32399999999816076        5.1828080412314154E-014
  0.32999999999815749        5.2504143276819063E-014
  0.33599999999815422        5.3174395508333290E-014
  0.34199999999815095        5.3838717330898673E-014
  0.34799999999814768        5.4496990315356292E-014
  0.35399999999814441        5.5149097413694640E-014
  0.35999999999814114        5.5794922992941763E-014
  0.36599999999813787        5.6434352868587863E-014
  0.37199999999813460        5.7067274337525222E-014
  0.37799999999813133        5.7693576210492037E-014
  0.38399999999812806        5.8313148844007603E-014
  0.38999999999812479        5.8925884171786154E-014
  0.39599999999812152        5.9531675735616676E-014
  0.40199999999811825        6.0130418715696788E-014
  0.40799999999811498        6.0722009960408696E-014
  0.41399999999811171        6.1306348015525307E-014
  0.41999999999810844        6.1883333152835373E-014
  0.42599999999810517        6.2452867398176276E-014
  0.43199999999810190        6.3014854558863483E-014
  0.43799999999809863        6.3569200250506194E-014
  0.44399999999809536        6.4115811923198666E-014
  0.44999999999809209        6.4654598887077142E-014
  0.45599999999808882        6.5185472337232653E-014
  0.46199999999808550        6.5708345377969961E-014
  0.46799999999808223        6.6223133046403706E-014
  0.47399999999807896        6.6729752335382450E-014
  0.47999999999807569        6.7228122215732434E-014
  0.48599999999807242        6.7718163657812274E-014
  0.49199999999806915        6.8199799652370949E-014
  0.49799999999806588        6.8672955230701138E-014
  0.50399999999806255        6.9137557484080671E-014
  0.50999999999805934        6.9593535582494903E-014
  0.51599999999805601        7.0040820792633555E-014
  0.52199999999805280        7.0479346495155177E-014
  0.52799999999804947        7.0909048201213658E-014
  0.53399999999804626        7.1329863568240596E-014
  0.53999999999804293        7.1741732414978521E-014
  0.54599999999803972        7.2144596735759612E-014
  0.55199999999803639        7.2538400714025341E-014
  0.55799999999803318        7.2923090735082672E-014
  0.56399999999802986        7.3298615398092652E-014
  0.56999999999802653        7.3664925527287985E-014
  0.57599999999802332        7.4021974182415862E-014
  0.58199999999802010        7.4369716668403464E-014
  0.58799999999801678        7.4708110544243208E-014
  0.59399999999801345        7.5037115631095613E-014
  0.59999999999801024        7.5356694019607784E-014
  0.60599999999800702        7.5666810076446025E-014
  0.61199999999800370        7.5967430450041144E-014
  0.61799999999800037        7.6258524075545910E-014
  0.62399999999799716        7.6540062179003769E-014
  0.62999999999799394        7.6812018280729020E-014
  0.63599999999799062        7.7074368197898269E-014
  0.64199999999798729        7.7327090046354026E-014
  0.64799999999798408        7.7570164241621115E-014
  0.65399999999798086        7.7803573499137135E-014
  0.65999999999797754        7.8027302833698815E-014
  0.66599999999797421        7.8241339558125788E-014
  0.67199999999797100        7.8445673281144321E-014
  0.67799999999796778        7.8640295904493661E-014
  0.68399999999796446        7.8825201619257707E-014
  0.68999999999796113        7.9000386901425548E-014
  0.69599999999795792        7.9165850506684332E-014
  0.70199999999795470        7.9321593464448605E-014
  0.70799999999795138        7.9467619071130093E-014
  0.71399999999794805        7.9603932882653067E-014
  0.71999999999794484        7.9730542706219668E-014
  0.72599999999794163        7.9847458591330853E-014
  0.73199999999793830        7.9954692820068461E-014
  0.73799999999793497        8.0052259896644196E-014
  0.74399999999793176        8.0140176536221870E-014
  0.74999999999792855        8.0218461653019288E-014
  0.75599999999792522        8.0287136347696833E-014
  0.76199999999792190        8.0346223894039526E-014
  0.76799999999791868        8.0395749724940369E-014
  0.77399999999791547        8.0435741417692256E-014
  0.77999999999791214        8.0466228678596939E-014
  0.78599999999790882        8.0487243326898801E-014
  0.79199999999790560        8.0498819278052254E-014
  0.79799999999790239        8.0500992526331791E-014
  0.80399999999789906        8.0493801126793080E-014
  0.80999999999789574        8.0477285176595391E-014
  0.81599999999789252        8.0451486795693979E-014
  0.82199999999788931        8.0416450106913140E-014
  0.82799999999788598        8.0372221215409199E-014
  0.83399999999788266        8.0318848187534487E-014
  0.83999999999787944        8.0256381029112393E-014
  0.84599999999787623        8.0184871663134342E-014
  0.85199999999787290        8.0104373906889929E-014
  0.85799999999786958        8.0014943448540963E-014
  0.86399999999786636        7.9916637823151434E-014
  0.86999999999786315        7.9809516388184380E-014
  0.87599999999785982        7.9693640298477969E-014
  0.88199999999785650        7.9569072480712422E-014
  0.88799999999785328        7.9435877607380202E-014
  0.89399999999785007        7.9294122070271690E-014
  0.89999999999784674        7.9143873953488812E-014
  0.90599999999784342        7.8985203005999355E-014
  0.91199999999784020        7.8818180613744814E-014
  0.91799999999783699        7.8642879771314669E-014
  0.92399999999783367        7.8459375053200142E-014
  0.92999999999783034        7.8267742584640954E-014
  0.93599999999782713        7.8068060012077837E-014
  0.94199999999782391        7.7860406473225084E-014
  0.94799999999782059        7.7644862566775905E-014
  0.95399999999781726        7.7421510321754937E-014
  0.95999999999781405        7.7190433166531214E-014
  0.96599999999781083        7.6951715897505723E-014
  0.97199999999780751        7.6705444647487333E-014
  0.97799999999780418        7.6451706853771322E-014
  0.98399999999780097        7.6190591225934284E-014
  0.98999999999779775        7.5922187713359884E-014
  0.99599999999779443        7.5646587472509230E-014
   1.0019999999977911        7.5363882833950720E-014
   1.0079999999977878        7.5074167269162865E-014
   1.0139999999977845        7.4777535357125176E-014
   1.0199999999977811        7.4474082750710564E-014
   1.0259999999977778        7.4163906142894542E-014
   1.0319999999977745        7.3847103232794879E-014
   1.0379999999977712        7.3523772691556050E-014
   1.0439999999977678        7.3194014128093402E-014
   1.0499999999977645        7.2857928054710734E-014
   1.0559999999977612        7.2515615852605868E-014
   1.0619999999977578        7.2167179737278382E-014
   1.0679999999977545        7.1812722723853921E-014
   1.0739999999977512        7.1452348592339038E-014
   1.0799999999977479        7.1086161852820794E-014
   1.0859999999977445        7.0714267710625244E-014
   1.0919999999977412        7.0336772031448887E-014
   1.0979999999977379        6.9953781306476831E-014
   1.1039999999977346        6.9565402617501581E-014
   1.1099999999977312        6.9171743602056616E-014
   1.1159999999977279        6.8772912418577851E-014
   1.1219999999977246        6.8369017711607173E-014
   1.1279999999977213        6.7960168577050985E-014
   1.1339999999977179        6.7546474527507833E-014
   1.1399999999977146        6.7128045457677703E-014
   1.1459999999977113        6.6704991609866725E-014
   1.1519999999977080        6.6277423539599943E-014
   1.1579999999977046        6.5845452081355228E-014
   1.1639999999977013        6.5409188314431163E-014
   1.1699999999976980        6.4968743528961320E-014
   1.1759999999976947        6.4524229192087682E-014
   1.1819999999976913        6.4075756914305273E-014
   1.1879999999976880        6.3623438415990372E-014
   1.1939999999976847        6.3167385494124152E-014
   1.1999999999976814        6.2707709989223858E-014
   1.2059999999976780        6.2244523752492797E-014
   1.2119999999976747        6.1777938613200977E-014
   1.2179999999976714        6.1308066346307414E-014
   1.2239999999976681        6.0835018640335610E-014
   1.2299999999976647        6.0358907065512698E-014
   1.2359999999976614        5.9879843042183323E-014
   1.2419999999976581        5.9397937809508516E-014
   1.2479999999976548        5.8913302394460237E-014
   1.2539999999976514        5.8426047581121323E-014
   1.2599999999976481        5.7936283880301178E-014
   1.2659999999976448        5.7444121499476372E-014
   1.2719999999976415        5.6949670313066312E-014
   1.2779999999976381        5.6453039833052619E-014
   1.2839999999976348        5.5954339179951591E-014
   1.2899999999976315        5.5453677054148543E-014
   1.2959999999976282        5.4951161707602541E-014
   1.3019999999976248        5.4446900915929876E-014
   1.3079999999976215        5.3941001950874499E-014
   1.3139999999976182        5.3433571553173236E-014
   1.3199999999976149        5.2924715905823280E-014
   1.3259999999976115        5.2414540607759845E-014
   1.3319999999976082        5.1903150647950499E-014
   1.3379999999976049        5.1390650379913631E-014
   1.3439999999976016        5.0877143496667391E-014
   1.3499999999975982        5.0362733006115849E-014
   1.3559999999975949        4.9847521206878149E-014
   1.3619999999975916        4.9331609664566943E-014
   1.3679999999975883        4.8815099188521777E-014
   1.3739999999975849        4.8298089809002370E-014
   1.3799999999975816        4.7780680754847763E-014
   1.3859999999975783        4.7262970431605605E-014
   1.3919999999975750        4.6745056400136533E-014
   1.3979999999975716        4.6227035355698082E-014
   1.4039999999975683        4.5709003107512046E-014
   1.4099999999975650        4.5191054558819776E-014
   1.4159999999975617        4.4673283687428314E-014
   1.4219999999975583        4.4155783526751400E-014
   1.4279999999975550        4.3638646147348143E-014
   1.4339999999975517        4.3121962638962576E-014
   1.4399999999975484        4.2605823093066360E-014
   1.4459999999975450        4.2090316585907372E-014
   1.4519999999975417        4.1575531162066413E-014
   1.4579999999975384        4.1061553818523295E-014
   1.4639999999975351        4.0548470489234985E-014
   1.4699999999975317        4.0036366030226320E-014
   1.4759999999975284        3.9525324205194932E-014
   1.4819999999975251        3.9015427671631294E-014
   1.4879999999975217        3.8506757967454447E-014
   1.4939999999975184        3.7999395498163936E-014
   1.4999999999975151        3.7493419524508134E-014
   1.5059999999975118        3.6988908150669116E-014
   1.5119999999975084        3.6485938312963541E-014
   1.5179999999975051        3.5984585769059237E-014
   1.5239999999975018        3.5484925087706926E-014
   1.5299999999974985        3.4987029638985824E-014
   1.5359999999974951        3.4490971585062214E-014
   1.5419999999974918        3.3996821871459645E-014
   1.5479999999974885        3.3504650218838905E-014
   1.5539999999974852        3.3014525115286369E-014
   1.5599999999974818        3.2526513809108217E-014
   1.5659999999974785        3.2040682302128778E-014
   1.5719999999974752        3.1557095343490371E-014
   1.5779999999974719        3.1075816423951837E-014
   1.5839999999974685        3.0596907770683302E-014
   1.5899999999974652        3.0120430342553824E-014
   1.5959999999974619        2.9646443825908989E-014
   1.6019999999974586        2.9175006630834829E-014
   1.6079999999974552        2.8706175887904537E-014
   1.6139999999974519        2.8240007445404379E-014
   1.6199999999974486        2.7776555867034668E-014
   1.6259999999974453        2.7315874430081676E-014
   1.6319999999974419        2.6858015124056499E-014
   1.6379999999974386        2.6403028649795914E-014
   1.6439999999974353        2.5950964419021155E-014
   1.6499999999974320        2.5501870554349525E-014
   1.6559999999974286        2.5055793889753924E-014
   1.6619999999974253        2.4612779971465408E-014
   1.6679999999974220        2.4172873059313451E-014
   1.6739999999974187        2.3736116128498437E-014
   1.6799999999974153        2.3302550871791193E-014
   1.6859999999974120        2.2872217702153602E-014
   1.6919999999974087        2.2445155755774832E-014
   1.6979999999974054        2.2021402895517093E-014
   1.7039999999974020        2.1600995714765041E-014
   1.7099999999973987        2.1183969541672675E-014
   1.7159999999973954        2.0770358443801560E-014
   1.7219999999973921        2.0360195233143916E-014
   1.7279999999973887        1.9953511471524366E-014
   1.7339999999973854        1.9550337476373532E-014
   1.7399999999973821        1.9150702326867118E-014
   1.7459999999973788        1.8754633870423589E-014
   1.7519999999973754        1.8362158729553780E-014
   1.7579999999973721        1.7973302309055423E-014
   1.7639999999973688        1.7588088803545779E-014
   1.7699999999973655        1.7206541205325257E-014
   1.7759999999973621        1.6828681312564923E-014
   1.7819999999973588        1.6454529737810921E-014
   1.7879999999973555        1.6084105916798258E-014
   1.7939999999973522        1.5717428117567043E-014
   1.7999999999973488        1.5354513449873592E-014
   1.8059999999973455        1.4995377874889278E-014
   1.8119999999973422        1.4640036215179420E-014
   1.8179999999973389        1.4288502164955170E-014
   1.8239999999973355        1.3940788300590461E-014
   1.8299999999973322        1.3596906091396928E-014
   1.8359999999973289        1.3256865910649027E-014
   1.8419999999973256        1.2920677046851896E-014
   1.8479999999973222        1.2588347715244369E-014
   1.8539999999973189        1.2259885069529561E-014
   1.8599999999973156        1.1935295213825455E-014
   1.8659999999973123        1.1614583214827993E-014
   1.8719999999973089        1.1297753114178769E-014
   1.8779999999973056        1.0984807941030167E-014
   1.8839999999973023        1.0675749724800004E-014
   1.8899999999972990        1.0370579508108386E-014
   1.8959999999972956        1.0069297359888905E-014
   1.9019999999972923        9.7719023886670322E-015
   1.9079999999972890        9.4783927559977174E-015
   1.9139999999972857        9.1887656900552798E-015
   1.9199999999972823        8.9030174993675494E-015
   1.9259999999972790        8.6211435866871467E-015
   1.9319999999972757        8.3431384629925900E-015
   1.9379999999972723        8.0689957616115213E-015
   1.9439999999972690        7.7987082524590684E-015
   1.9499999999972657        7.5322678563838987E-015
   1.9559999999972624        7.2696656596148470E-015
   1.9619999999972590        7.0108919283007166E-015
   1.9679999999972557        6.7559361231365494E-015
   1.9739999999972524        6.5047869140688202E-015
   1.9799999999972491        6.2574321950729057E-015
   1.9859999999972457        6.0138590989957205E-015
   1.9919999999972424        5.7740540124567409E-015
   1.9979999999972391        5.5380025908004974E-015
   2.0039999999972355        5.3056897730938774E-015
   2.0099999999972322        5.0770997971615053E-015
   2.0159999999972289        4.8522162146527770E-015
   2.0219999999972256        4.6310219061337285E-015
   2.0279999999972222        4.4134990961976350E-015
   2.0339999999972189        4.1996293685877710E-015
   2.0399999999972156        3.9893936813260934E-015
   2.0459999999972123        3.7827723818417473E-015
   2.0519999999972089        3.5797452220932557E-015
   2.0579999999972056        3.3802913736782849E-015
   2.0639999999972023        3.1843894429252419E-015
   2.0699999999971990        2.9920174859608015E-015
   2.0759999999971956        2.8031530237475106E-015
   2.0819999999971923        2.6177730570861018E-015
   2.0879999999971890        2.4358540815767393E-015
   2.0939999999971857        2.2573721025338444E-015
   2.0999999999971823        2.0823026498492513E-015
   2.1059999999971790        1.9106207927982586E-015
   2.1119999999971757        1.7423011547836854E-015
   2.1179999999971724        1.5773179280126446E-015
   2.1239999999971690        1.4156448881013903E-015
   2.1299999999971657        1.2572554086031098E-015
   2.1359999999971624        1.1021224754542894E-015
   2.1419999999971591        9.5021870133466442E-016
   2.1479999999971557        8.0151633993665952E-016
   2.1539999999971524        6.5598730013960977E-016
   2.1599999999971491        5.1360316008462952E-016
   2.1659999999971458        3.7433518114597012E-016
   2.1719999999971424        2.3815432179477072E-016
   2.1779999999971391        1.0503125135118840E-016
   2.1839999999971358       -2.5063636378718033E-017
   2.1899999999971325       -1.5216020958536411E-016
   2.1959999999971291       -2.7628858506062382E-016
   2.2019999999971258       -3.9747911492913235E-016
   2.2079999999971225       -5.1576237350908512E-016
   2.2139999999971192       -6.3116914430607980E-016
   2.2199999999971158       -7.4373040714289794E-016
   2.2259999999971125       -8.5347732542844486E-016
   2.2319999999971092       -9.6044123356876656E-016
   2.2379999999971059       -1.0646536245229456E-015
   2.2439999999971025       -1.1661461375065773E-015
   2.2499999999970992       -1.2649505458455075E-015
   2.2559999999970959       -1.3610987449823076E-015
   2.2619999999970926       -1.4546227406378132E-015
   2.2679999999970892       -1.5455546371301359E-015
   2.2739999999970859       -1.6339266258531696E-015
   2.2799999999970826       -1.7197709739167636E-015
   2.2859999999970793       -1.8031200129505804E-015
   2.2919999999970759       -1.8840061280732360E-015
   2.2979999999970726       -1.9624617470287984E-015
   2.3039999999970693       -2.0385193294920209E-015
   2.3099999999970660       -2.1122113565440093E-015
   2.3159999999970626       -2.1835703203196851E-015
   2.3219999999970593       -2.2526287138283750E-015
   2.3279999999970560       -2.3194190209488233E-015
   2.3339999999970527       -2.3839737065996570E-015
   2.3399999999970493       -2.4463252070864453E-015
   2.3459999999970460       -2.5065059206261802E-015
   2.3519999999970427       -2.5645481980501178E-015
   2.3579999999970394       -2.6204843336856453E-015
   2.3639999999970360       -2.6743465564178611E-015
   2.3699999999970327       -2.7261670209314085E-015
   2.3759999999970294       -2.7759777991330389E-015
   2.3819999999970261       -2.8238108717552607E-015
   2.3879999999970227       -2.8696981201413217E-015
   2.3939999999970194       -2.9136713182118784E-015
   2.3999999999970161       -2.9557621246131925E-015
   2.4059999999970128       -2.9960020750471402E-015
   2.4119999999970094       -3.0344225747828207E-015
   2.4179999999970061       -3.0710548913496597E-015
   2.4239999999970028       -3.1059301474118179E-015
   2.4299999999969994       -3.1390793138235566E-015
   2.4359999999969961       -3.1705332028651863E-015
   2.4419999999969928       -3.2003224616591656E-015
   2.4479999999969895       -3.2284775657658557E-015
   2.4539999999969861       -3.2550288129581879E-015
   2.4599999999969828       -3.2800063171747358E-015
   2.4659999999969795       -3.3034400026503453E-015
   2.4719999999969762       -3.3253595982235856E-015
   2.4779999999969728       -3.3457946318200009E-015
   2.4839999999969695       -3.3647744251104189E-015
   2.4899999999969662       -3.3823280883431328E-015
   2.4959999999969629       -3.3984845153489959E-015
   2.5019999999969600       -3.4132723787182516E-015
   2.5079999999969567       -3.4267201251479167E-015
   2.5139999999969533       -3.4388559709584770E-015
   2.5199999999969500       -3.4497078977786255E-015
   2.5259999999969467       -3.4593036483966348E-015
   2.5319999999969434       -3.4676707227770094E-015
   2.5379999999969400       -3.4748363742409211E-015
   2.5439999999969367       -3.4808276058089657E-015
   2.5499999999969334       -3.4856711667046514E-015
   2.5559999999969301       -3.4893935490170823E-015
   2.5619999999969267       -3.4920209845211134E-015
   2.5679999999969234       -3.4935794416533755E-015
   2.5739999999969201       -3.4940946226424039E-015
   2.5799999999969168       -3.4935919607911372E-015
   2.5859999999969134       -3.4920966179099816E-015
   2.5919999999969101       -3.4896334818985681E-015
   2.5979999999969068       -3.4862271644744478E-015
   2.6039999999969035       -3.4819019990466818E-015
   2.6099999999969001       -3.4766820387325221E-015
   2.6159999999968968       -3.4705910545151425E-015
   2.6219999999968935       -3.4636525335405124E-015
   2.6279999999968902       -3.4558896775512924E-015
   2.6339999999968868       -3.4473254014558562E-015
   2.6399999999968835       -3.4379823320302514E-015
   2.6459999999968802       -3.4278828067510798E-015
   2.6519999999968769       -3.4170488727572495E-015
   2.6579999999968735       -3.4055022859383337E-015
   2.6639999999968702       -3.3932645101475716E-015
   2.6699999999968669       -3.3803567165372313E-015
   2.6759999999968636       -3.3667997830142291E-015
   2.6819999999968602       -3.3526142938138229E-015
   2.6879999999968569       -3.3378205391891908E-015
   2.6939999999968536       -3.3224385152146339E-015
   2.6999999999968503       -3.3064879237003156E-015
   2.7059999999968469       -3.2899881722162211E-015
   2.7119999999968436       -3.2729583742231201E-015
   2.7179999999968403       -3.2554173493083789E-015
   2.7239999999968370       -3.2373836235242952E-015
   2.7299999999968336       -3.2188754298268016E-015
   2.7359999999968303       -3.1999107086122472E-015
   2.7419999999968270       -3.1805071083500475E-015
   2.7479999999968237       -3.1606819863089612E-015
   2.7539999999968203       -3.1404524093747689E-015
   2.7599999999968170       -3.1198351549570977E-015
   2.7659999999968137       -3.0988467119832114E-015
   2.7719999999968103       -3.0775032819765030E-015
   2.7779999999968070       -3.0558207802174920E-015
   2.7839999999968037       -3.0338148369851363E-015
   2.7899999999968004       -3.0115007988762179E-015
   2.7959999999967970       -2.9888937302006693E-015
   2.8019999999967937       -2.9660084144506157E-015
   2.8079999999967904       -2.9428593558409872E-015
   2.8139999999967871       -2.9194607809195382E-015
   2.8199999999967837       -2.8958266402441392E-015
   2.8259999999967804       -2.8719706101251953E-015
   2.8319999999967771       -2.8479060944310957E-015
   2.8379999999967738       -2.8236462264545900E-015
   2.8439999999967704       -2.7992038708379986E-015
   2.8499999999967671       -2.7745916255551953E-015
   2.8559999999967638       -2.7498218239483063E-015
   2.8619999999967605       -2.7249065368171255E-015
   2.8679999999967571       -2.6998575745591846E-015
   2.8739999999967538       -2.6746864893585282E-015
   2.8799999999967505       -2.6494045774211971E-015
   2.8859999999967472       -2.6240228812554728E-015
   2.8919999999967438       -2.5985521919949535E-015
   2.8979999999967405       -2.5730030517625685E-015
   2.9039999999967372       -2.5473857560736000E-015
   2.9099999999967339       -2.5217103562758930E-015
   2.9159999999967305       -2.4959866620254078E-015
   2.9219999999967272       -2.4702242437952565E-015
   2.9279999999967239       -2.4444324354164962E-015
   2.9339999999967206       -2.4186203366488315E-015
   2.9399999999967172       -2.3927968157795645E-015
   2.9459999999967139       -2.3669705122490020E-015
   2.9519999999967106       -2.3411498393006975E-015
   2.9579999999967073       -2.3153429866547660E-015
   2.9639999999967039       -2.2895579232027505E-015
   2.9699999999967006       -2.2638023997223081E-015
   2.9759999999966973       -2.2380839516102197E-015
   2.9819999999966940       -2.2124099016321012E-015
   2.9879999999966906       -2.1867873626873228E-015
   2.9939999999966873       -2.1612232405875908E-015
