   0.0000000000000000        7.2492544702232584E-002  0.12510189829999999       -0.0000000000000000       -2.0048227154877041       -1.4425413092333235       -0.0000000000000000       0.85431342651229614      -0.54291659656667646     
   0.0000000000000000        6.3664979068546790E-002  0.12510189829999999       -0.0000000000000000       -1.9347727793024538       -1.3877667373834131       -0.0000000000000000       0.92436336269754638      -0.59769116841658687     
   0.0000000000000000        5.6275911610987918E-002  0.12510189829999999       -0.0000000000000000       -1.8761378480712041       -1.3419179696536734       -0.0000000000000000       0.98299829392879601      -0.64353993614632654     
   0.0000000000000000        4.9611326721879782E-002  0.12510189829999999       -0.0000000000000000       -1.8232519488826777       -1.3005645774494559       -0.0000000000000000        1.0358841931173224      -0.68489332835054406     
   0.0000000000000000        4.3398146218663780E-002  0.12510189829999999       -0.0000000000000000       -1.7739481072780474       -1.2620121252772289       -0.0000000000000000        1.0851880347219527      -0.72344578052277109     
   0.0000000000000000        3.7494710820372132E-002  0.12510189829999999       -0.0000000000000000       -1.7271022054649772       -1.2253816248875062       -0.0000000000000000        1.1320339365350229      -0.76007628091249368     
   0.0000000000000000        3.1814873584065755E-002  0.12510189829999999       -0.0000000000000000       -1.6820306361947812       -1.1901385391143833       -0.0000000000000000        1.1771055058052189      -0.79531936668561665     
   0.0000000000000000        2.6300555012912032E-002  0.12510189829999999       -0.0000000000000000       -1.6382725175872648       -1.1559224877914276       -0.0000000000000000        1.2208636244127353      -0.82953541800857244     
   0.0000000000000000        2.0909495380932692E-002  0.12510189829999999       -0.0000000000000000       -1.5954925033838074       -1.1224712515828661       -0.0000000000000000        1.2636436386161927      -0.86298665421713394     
   0.0000000000000000        1.5608971968195292E-002  0.12510189829999999       -0.0000000000000000       -1.5534309269290483       -1.0895817877645275       -0.0000000000000000        1.3057052150709518      -0.89587611803547240     
   0.0000000000000000        1.0372217494513919E-002  0.12510189829999999       -0.0000000000000000       -1.5118753801428118       -1.0570880067968256       -0.0000000000000000        1.3472607618571883      -0.92836989900317435     
   0.0000000000000000        5.1761822768166821E-003  0.12510189829999999       -0.0000000000000000       -1.4706429554268676       -1.0248468866311080       -0.0000000000000000        1.3884931865731325      -0.96061101916889180     
   0.0000000000000000        0.0000000000000000       0.12510189829999999        0.0000000000000000       -1.4295680710000001      -0.99272895289999996        0.0000000000000000        1.4295680710000001      -0.99272895289999996     
   0.0000000000000000       -5.1761822768166821E-003  0.12510189829999999        0.0000000000000000       -1.3884931865731325      -0.96061101916889180        0.0000000000000000        1.4706429554268676       -1.0248468866311080     
   0.0000000000000000       -1.0372217494513919E-002  0.12510189829999999        0.0000000000000000       -1.3472607618571883      -0.92836989900317435        0.0000000000000000        1.5118753801428118       -1.0570880067968256     
   0.0000000000000000       -1.5608971968195292E-002  0.12510189829999999        0.0000000000000000       -1.3057052150709518      -0.89587611803547240        0.0000000000000000        1.5534309269290483       -1.0895817877645275     
   0.0000000000000000       -2.0909495380932692E-002  0.12510189829999999        0.0000000000000000       -1.2636436386161927      -0.86298665421713394        0.0000000000000000        1.5954925033838074       -1.1224712515828661     
   0.0000000000000000       -2.6300555012912032E-002  0.12510189829999999        0.0000000000000000       -1.2208636244127353      -0.82953541800857244        0.0000000000000000        1.6382725175872648       -1.1559224877914276     
   0.0000000000000000       -3.1814873584065755E-002  0.12510189829999999        0.0000000000000000       -1.1771055058052189      -0.79531936668561665        0.0000000000000000        1.6820306361947812       -1.1901385391143833     
   0.0000000000000000       -3.7494710820372132E-002  0.12510189829999999        0.0000000000000000       -1.1320339365350229      -0.76007628091249368        0.0000000000000000        1.7271022054649772       -1.2253816248875062     
   0.0000000000000000       -4.3398146218663780E-002  0.12510189829999999        0.0000000000000000       -1.0851880347219527      -0.72344578052277109        0.0000000000000000        1.7739481072780474       -1.2620121252772289     
   0.0000000000000000       -4.9611326721879782E-002  0.12510189829999999        0.0000000000000000       -1.0358841931173224      -0.68489332835054406        0.0000000000000000        1.8232519488826777       -1.3005645774494559     
   0.0000000000000000       -5.6275911610987918E-002  0.12510189829999999        0.0000000000000000      -0.98299829392879601      -0.64353993614632654        0.0000000000000000        1.8761378480712041       -1.3419179696536734     
   0.0000000000000000       -6.3664979068546790E-002  0.12510189829999999        0.0000000000000000      -0.92436336269754638      -0.59769116841658687        0.0000000000000000        1.9347727793024538       -1.3877667373834131     
   0.0000000000000000       -7.2492544702232584E-002  0.12510189829999999        0.0000000000000000      -0.85431342651229614      -0.54291659656667646        0.0000000000000000        2.0048227154877041       -1.4425413092333235     
