1 6.1642724340524522 -75.729284510842319
2 5.4136363552800342 -75.929966800129279
3 4.7853203673522238 -76.051693519218716
4 4.2186094443865612 -76.134821755803671
5 3.6902828769983560 -76.194744929012643
6 3.1882949244251044 -76.239203488423129
7 2.7053202371730261 -76.272654304911740
8 2.2364201302672808 -76.297875034846840
9 1.7780011243371474 -76.316680701375816
10 1.3272807020730839 -76.330284874167759
11 0.88198275621382127 -76.339496533123693
12 0.44014729864530833 -76.344832215527404
13 -0.0000000000000000 -76.346579918413454
14 -0.44014729864530833 -76.344832215527290
15 -0.88198275621382127 -76.339496533123778
16 -1.3272807020730839 -76.330284874167532
17 -1.7780011243371474 -76.316680701375731
18 -2.2364201302672808 -76.297875034846854
19 -2.7053202371730261 -76.272654304911981
20 -3.1882949244251044 -76.239203488422859
21 -3.6902828769983560 -76.194744929012501
22 -4.2186094443865612 -76.134821755803856
23 -4.7853203673522238 -76.051693519219256
24 -5.4136363552800342 -75.929966800129023
25 -6.1642724340524522 -75.729284510842206
